  0.00000272263999655  0.00000343803405638  0.00000404667090414  0.00000466508170258
  0.00000532903387021  0.00000605541260506  0.00000685735752768  0.00000774972306939
  0.00000874103978683  0.00000984565440812  0.00001108033978800  0.00001246943296465
  0.00001403517799701  0.00001577207483011  0.00001772870245161  0.00001990873142498
  0.00002234126984659  0.00002507312885367  0.00002817622126630  0.00003165628169813
  0.00003554767933633  0.00003988124122913  0.00004474661060693  0.00005021012516061
  0.00005639043607227  0.00006334620938316  0.00007111460639943  0.00007982928117032
  0.00008961283042833  0.00010054547984472  0.00011274970791587  0.00012647320748353
  0.00014190825076711  0.00015922952932671  0.00017865499564638  0.00020040635687465
  0.00022471676099776  0.00025222819633669  0.00028338798626943  0.00031821844041245
  0.00035705045597674  0.00040046374369950  0.00044923681076239  0.00050417675278617
  0.00056609107248097  0.00063550455408970  0.00071325103471442  0.00080055679862590
  0.00089851172948569  0.00100806500986555  0.00113095213710908  0.00126934234397055
  0.00142440310646603  0.00159745898126171  0.00179146693259214  0.00201013896244330
  0.00225659858758260  0.00253461982640702  0.00284625319273026  0.00319445380504022
  0.00358483401358633  0.00402225516339656  0.00451361151942519  0.00506718674203420
  0.00569558859165035  0.00640893002337082  0.00721373270237316  0.00812203718027295
  0.00914720738657834  0.01030091567504360  0.01160767997004296  0.01309284619276639
  0.01476312314124322  0.01664846835125524  0.01878988428358794  0.02121468079014277
  0.02394428841888361  0.02704868680344307  0.03060206266958506  0.03465787883263950
  0.03929332139721424  0.04458134887953354  0.05068088584463896  0.05775054775471825
  0.06601871061771507  0.07571480279616406  0.08720120430740361  0.10087188109532741
  0.11741660657998007  0.13780543402714757  0.16332990382795734  0.19632157230225089
  0.24245314327819792  0.31481732795752471  0.46301972125400453  1.00000000000000000
 -0.00246232251805845  0.00953220367606227  0.01981208620353189  0.03054899354746216
  0.04131537556423933  0.05191917332482612  0.06249338629129384  0.07299584784908483
  0.08358084404665551  0.09419193960996643  0.10481504227754281  0.11538341731273230
  0.12584851564066446  0.13637816223110391  0.14696936469366759  0.15749739963311599
  0.16801907567992830  0.17853071013975730  0.18901206377781002  0.19944420318748823
  0.20987202539424102  0.22040174981159430  0.23093873385819286  0.24148827554250848
  0.25204549591325470  0.26263058925386640  0.27325150928103725  0.28380997881415948
  0.29440627145556031  0.30492853320062258  0.31549013918728736  0.32593509243140639
  0.33639920537771034  0.34689444725232660  0.35747483618072323  0.36806936475782143
  0.37861415367204615  0.38918314013907834  0.39975540884091632  0.41039707818098164
  0.42100633866974330  0.43158064296780652  0.44219343999324662  0.45267312789778619
  0.46315771573251702  0.47352567171629506  0.48386921833612068  0.49432826797732760
  0.50489431253791039  0.51557893622478224  0.52609441240807142  0.53663030240600262
  0.54708646322277310  0.55766623214030031  0.56821164485986553  0.57884707018913162
  0.58937035971671281  0.59996774765539340  0.61057302822337289  0.62131229611942140
  0.63184268796826060  0.64238090856393992  0.65286514648149829  0.66338697495218724
  0.67393685836836914  0.68447331725347094  0.69513039129173071  0.70577221007612623
  0.71647436876384707  0.72712477156007216  0.73767083660406763  0.74818577008010001
  0.75870323520315008  0.76926994000747262  0.77983020984399154  0.79036235520649900
  0.80088950776366719  0.81140848523623277  0.82195166447755719  0.83251244239861033
  0.84290746272843986  0.85335018881572855  0.86383703517304522  0.87435830554131255
  0.88485039463406812  0.89531065434914148  0.90579261379132059  0.91624817827723359
  0.92671578950778499  0.93719231904665223  0.94762415080149742  0.95807084623405347
  0.96854345835544453  0.97902524227535526  0.98949750770709377  1.00000000000000000
 -0.00236546779800348  0.00914085667341455  0.01911165030337926  0.02968496223488722
  0.04015983013436546  0.05069996837989223  0.06117498893839347  0.07164272277388115
  0.08205313704284271  0.09260073308553451  0.10314955035448121  0.11370550063977780
  0.12428223493242969  0.13491019635115689  0.14550243330540913  0.15586314738761387
  0.16628722301549084  0.17681829045638703  0.18748022106152981  0.19806919872682516
  0.20863545628988039  0.21918428512621824  0.22966557208399715  0.24007697272765174
  0.25052512586154002  0.26104439309152694  0.27157096330591474  0.28210326731620855
  0.29259182386056531  0.30312058921723806  0.31365651736016276  0.32436154976782727
  0.33497054582436092  0.34556015291644376  0.35595770887900857  0.36642745482663680
  0.37692606287049113  0.38749504447666611  0.39808914399955520  0.40864312756135585
  0.41917624005537124  0.42965585815207757  0.44017486882129508  0.45071754024914779
  0.46128585144752737  0.47183115653951824  0.48246638098761052  0.49309248210123224
  0.50376097959143229  0.51437090271965036  0.52492271421993475  0.53541013753565592
  0.54589100921594924  0.55638099487005177  0.56693107504150497  0.57743796731402186
  0.58800531355909613  0.59855287837882576  0.60918572819352224  0.61987471726729559
  0.63041688308593791  0.64086642788813863  0.65125993659654968  0.66179408585621613
  0.67228960927485426  0.68284338930455157  0.69336630105223007  0.70398152189394358
  0.71446986247715993  0.72503005434587209  0.73555483769971886  0.74623398558755805
  0.75684296183218058  0.76751370492931126  0.77804893469744552  0.78860007083967121
  0.79908478713174680  0.80945310365799883  0.81985121659721083  0.83026933129498193
  0.84078716745125681  0.85133568958741701  0.86197760479507068  0.87264749124178209
  0.88341893076740008  0.89416490316768504  0.90488609126392605  0.91558434844850023
  0.92611151414688120  0.93679312456676134  0.94722753438816176  0.95791125524332565
  0.96842722803828263  0.97896407399405783  0.98947281823819566  1.00000000000000000
 -0.00232006135361534  0.00931610313619664  0.01930295681336984  0.02999622137147549
  0.04059389833485207  0.05125847649445896  0.06193006024819580  0.07265735392344168
  0.08336242661363810  0.09390736590016911  0.10439003897764677  0.11492294908243959
  0.12542293608399349  0.13598599503447953  0.14644785589184334  0.15706494802850485
  0.16766963934470727  0.17842063248843806  0.18911398029643378  0.19978818680996974
  0.21048115443484183  0.22107022301014173  0.23173948067687233  0.24228231396050309
  0.25285866490788655  0.26338612819786567  0.27390021020888999  0.28434199956427003
  0.29475124750416853  0.30516628904279569  0.31569688627523368  0.32625994679169779
  0.33674352239331251  0.34715823878464985  0.35756445367368334  0.36806479262375230
  0.37859688244878831  0.38911405022368734  0.39972040567031397  0.41030613313003383
  0.42082451665739617  0.43133852099227138  0.44184488970291996  0.45239308444471787
  0.46291771946603560  0.47355061000275739  0.48421589299360485  0.49471001232275463
  0.50517186671039971  0.51553072634328667  0.52586907617452672  0.53621229013906457
  0.54668336882541746  0.55727953243937256  0.56790826195263344  0.57849635763693241
  0.58903974556939087  0.59956381163670580  0.61017078483269649  0.62083372258434655
  0.63138635905913654  0.64193709802488097  0.65243589788802447  0.66303343836855388
  0.67351177510061944  0.68406569188267052  0.69452870310036563  0.70502266494145094
  0.71538067277356265  0.72589497904617950  0.73639125162614172  0.74695292614427489
  0.75750848786131553  0.76813071209813155  0.77870405046299673  0.78926251932522629
  0.79978005240244832  0.81029396017296040  0.82080542125867395  0.83132981973069642
  0.84200021834404648  0.85257253091408591  0.86321022991330421  0.87372548908597281
  0.88413096640740563  0.89459113206048679  0.90512698573502703  0.91575934377524038
  0.92631097510501037  0.93683396549517217  0.94737777876950957  0.95789684418495114
  0.96845673680219846  0.97899186241567182  0.98952352822879641  1.00000000000000000
 -0.00235851994039116  0.00950016073417786  0.01966304328905536  0.03023895804649058
  0.04083767179850430  0.05140525054540649  0.06195057311370479  0.07244577089445170
  0.08294815131811568  0.09357482462379543  0.10422560581644248  0.11490562664345504
  0.12539491453753809  0.13597342738775725  0.14643028346459591  0.15695042731430772
  0.16740055896298472  0.17786661409055501  0.18838176319813840  0.19888592179418160
  0.20941126364494145  0.21978512649830259  0.23021295706771466  0.24065232034488146
  0.25120370689231430  0.26187832326598370  0.27261107529548873  0.28326307930105538
  0.29389987520495808  0.30456064045843106  0.31529405128349164  0.32586885993997555
  0.33639860655833248  0.34693289405785932  0.35743214554034519  0.36795296462457949
  0.37838849795747204  0.38887295890940721  0.39935532152581760  0.40990191257780417
  0.42045356782773530  0.43108796782125203  0.44170046719592088  0.45232896805618961
  0.46285492158722358  0.47336382486490136  0.48393633356915289  0.49449079198886070
  0.50516357318022853  0.51585602737221448  0.52648043348102125  0.53714941104913771
  0.54773384078048626  0.55821260055362087  0.56863397884142353  0.57907306654094515
  0.58968548990417213  0.60034227386716610  0.61088919460026936  0.62143321104413940
  0.63188228591331441  0.64239433717575600  0.65289335494638778  0.66341011794520965
  0.67394649491755498  0.68440512300062606  0.69498957273156259  0.70560131157007344
  0.71630327146104766  0.72687485753037928  0.73739858789123824  0.74793554809117735
  0.75846588190988162  0.76894806838109730  0.77945250342184780  0.79003877003774070
  0.80058129926920241  0.81118971854297484  0.82176596314416939  0.83242395844432904
  0.84295816185922223  0.85339885686585548  0.86389083523734977  0.87437313631539959
  0.88493187462114964  0.89544671482121541  0.90593716976418104  0.91643980140168269
  0.92693130207319030  0.93751148840930509  0.94788134599066864  0.95825999828650565
  0.96861303014974454  0.97900705233796348  0.98946735902133587  1.00000000000000000
   5.4183369329523979E-006  -1.0000000000000000     
 T T T T T T T T
