 -0.00160043099995330  0.00574900022412502  0.01256444921281802  0.01928104969866189
  0.02630808719156957  0.03367648326278459  0.04137988043459085  0.04941181873112450
  0.05770897752116901  0.06624895511242289  0.07498702618255759  0.08385221829574843
  0.09284460529737593  0.10194360506462775  0.11109819372832448  0.12030856763981489
  0.12957896475439723  0.13893082338220461  0.14837860466764896  0.15789884995856121
  0.16745974424359500  0.17706541795064365  0.18673440135669631  0.19647998256348304
  0.20628619888855759  0.21611833021466781  0.22598724586217633  0.23590221562577107
  0.24585987403169982  0.25585551863267603  0.26585983179816286  0.27591473195682820
  0.28606270429183539  0.29625173254107584  0.30647574634641994  0.31674465173382105
  0.32703519309693746  0.33731855540260580  0.34758765774880068  0.35788864851113833
  0.36823573732496856  0.37856814135245165  0.38890355082783240  0.39925297338219606
  0.40961021011123339  0.41996285409960804  0.43034135490589270  0.44077955242182959
  0.45127010978901899  0.46176834103071313  0.47226387051452040  0.48277650198787436
  0.49331089172979742  0.50387850443665705  0.51446380399006519  0.52504302588612439
  0.53558248961723487  0.54607447631351291  0.55656200357928820  0.56709617917543642
  0.57771509323650672  0.58840505490846362  0.59910429013551181  0.60980039118639739
  0.62049520171165728  0.63127176942582619  0.64212731374366616  0.65301791492724937
  0.66389015111479754  0.67476962097461235  0.68572120518278834  0.69677966580946782
  0.70791177263104377  0.71903610960570530  0.73009432962386578  0.74107893169211958
  0.75207453113837308  0.76314851130188899  0.77431750964613499  0.78553484323646761
  0.79679902414649273  0.80813962589109001  0.81953390063900233  0.83098753031092876
  0.84252040998883959  0.85424578744924551  0.86617505196079447  0.87826141221937304
  0.89048386823156311  0.90290745497575575  0.91557013489363426  0.92861008350702812
  0.94223449279896743  0.95701701351973900  0.97556133931429601  1.00000000000000000
 -0.00237286191342802  0.00963305887400575  0.01975434344832410  0.03022686166475413
  0.04077226157705385  0.05142234671942898  0.06201258405457605  0.07256921649176180
  0.08308589344038354  0.09352474294485952  0.10405675093362649  0.11445609664405107
  0.12486605991156093  0.13531546175089817  0.14579144105073186  0.15652707597319898
  0.16713872131748161  0.17769952948893411  0.18834396714571852  0.19902578660817338
  0.20970115617729829  0.22026841662635976  0.23069160484419682  0.24113240863531057
  0.25154751677143461  0.26212057112419646  0.27267267345259721  0.28327028089326844
  0.29377003959552855  0.30427821637249775  0.31475223009506420  0.32536093741833377
  0.33592182149919175  0.34645462071059918  0.35701861188289286  0.36763773804163258
  0.37821569326041415  0.38875915946513262  0.39930509960891469  0.40995838406058205
  0.42053200399905571  0.43112547737958834  0.44165777421474328  0.45225653357178464
  0.46276287534814048  0.47327447867120964  0.48373634633182000  0.49421678157443927
  0.50474376445141811  0.51523111476318095  0.52577109211362594  0.53629870680084368
  0.54678879869112484  0.55737396863566258  0.56790134475064658  0.57849031435668785
  0.58890106052537228  0.59936520839042562  0.60994187507820163  0.62061521110073270
  0.63117048928659369  0.64172298478398482  0.65228581400682450  0.66302761676848232
  0.67366133980598997  0.68426579678733856  0.69483057327918396  0.70538112440075873
  0.71593636883733158  0.72648999459672625  0.73703976346834088  0.74753037727852534
  0.75801754270284893  0.76837538363791824  0.77887618132471392  0.78931661921972440
  0.79997195543813870  0.81051402061338629  0.82109602980552432  0.83165776107191647
  0.84226512500017203  0.85286850620852617  0.86328905356040397  0.87383392116571956
  0.88440200246988543  0.89493132081443139  0.90537511755625610  0.91571588516175573
  0.92620733304213154  0.93666484211006829  0.94723601914775923  0.95785502139371459
  0.96840914658919641  0.97897884882198094  0.98945748592632499  1.00000000000000000
 -0.00228250461783152  0.00915794907996798  0.01921410171596763  0.02966511415322946
  0.04026462507141948  0.05083022082030839  0.06149719550004314  0.07213255261171654
  0.08268416950733433  0.09320568498383276  0.10360334366770446  0.11406418308810468
  0.12455492085230339  0.13505423152657076  0.14549355048862034  0.15589791935035643
  0.16653501274891014  0.17719302116425426  0.18788380850791997  0.19844041740003551
  0.20903862820495558  0.21955142858736307  0.23016204563000686  0.24066082372285166
  0.25112926126080154  0.26145517382783878  0.27181460288479120  0.28229681096951892
  0.29280531986037106  0.30334155102179566  0.31380056254791100  0.32431882827221892
  0.33492509383300068  0.34550926916925029  0.35609777270848086  0.36660954206058066
  0.37721408664226819  0.38777733662468128  0.39835031670971227  0.40887624435447234
  0.41941327756617219  0.43001527102962017  0.44066319381673519  0.45133644201892981
  0.46191280306132521  0.47241388307643972  0.48284659000712882  0.49336126166871319
  0.50381154367639369  0.51424546641482227  0.52471417922181707  0.53523050896913849
  0.54576138924041884  0.55630491597243414  0.56690830519229218  0.57755752164114260
  0.58812771607690939  0.59873835666975850  0.60931793497614073  0.61990877818044987
  0.63050984896113915  0.64111724597637132  0.65161310575995535  0.66210130343886298
  0.67262310494545918  0.68316662097098613  0.69364634671453917  0.70417140675799994
  0.71474825140261455  0.72528639605182155  0.73581714830336531  0.74647019747906829
  0.75713730335957774  0.76767682070371757  0.77812576326382044  0.78855844080886228
  0.79901806834622113  0.80950936777434990  0.82001415739688155  0.83054342179533025
  0.84108258529757707  0.85171444417253594  0.86240484134814510  0.87310176472440248
  0.88383167812757735  0.89447462186575810  0.90512960384273944  0.91571122023038398
  0.92629741077001826  0.93690107532488376  0.94742797830963776  0.95810405066848592
  0.96868692506347465  0.97924623494233642  0.98964230709000223  1.00000000000000000
 -0.00232861269344529  0.00953742163077683  0.01979936311123721  0.03022574172201573
  0.04085579423736979  0.05142873284980735  0.06202606118221409  0.07243013579309329
  0.08298460334635128  0.09360114235986987  0.10418151176715675  0.11460539108054429
  0.12500809237111521  0.13548535605890655  0.14595237735999078  0.15650335827721168
  0.16698072332872368  0.17746421148581953  0.18784563221779560  0.19836792179908197
  0.20889420543822868  0.21946949760634718  0.23001086270954008  0.24050331611972828
  0.25096665184129407  0.26148858543614306  0.27199345937121538  0.28251582192603780
  0.29292931840439024  0.30335005587625324  0.31385004749683987  0.32443676814143141
  0.33508300770561067  0.34575615749865446  0.35637791454300394  0.36701140741987687
  0.37753571552257603  0.38804138649608999  0.39850842878614628  0.40901305589564779
  0.41959948980845785  0.43015583699828724  0.44063887217720027  0.45109892405374585
  0.46169591630213419  0.47232626232387664  0.48288447872860024  0.49341593595664002
  0.50398025785732392  0.51457555941223798  0.52508763389821111  0.53563273481983975
  0.54618050590278044  0.55675891091856444  0.56732584884805137  0.57796683458461440
  0.58856166118892661  0.59914188221409115  0.60958266410579920  0.62011342679352388
  0.63058044277006386  0.64111310908902652  0.65168443448407387  0.66230632538552814
  0.67297727339299329  0.68355995766964661  0.69414922559586689  0.70472653092328719
  0.71535969641725095  0.72600389268673604  0.73672883080941465  0.74748247259341860
  0.75813429716622227  0.76877955882796700  0.77935106065463478  0.78995843053248060
  0.80042496867912560  0.81095718354658675  0.82145054853302901  0.83185358595764214
  0.84221097109341880  0.85259063490193709  0.86301204189695857  0.87348832353896821
  0.88406984047321879  0.89471931338507515  0.90527739240525840  0.91581820385729928
  0.92636877447206578  0.93685951274902135  0.94730807990800159  0.95785782689917143
  0.96845853138964866  0.97903323260293618  0.98951862914964683  1.00000000000000000
 -0.00230754489016547  0.00925239552366415  0.01941952458258580  0.02996811263086306
  0.04060758527799510  0.05117575674531831  0.06174052130648303  0.07222789348849670
  0.08280007140354283  0.09337972496311706  0.10394804279860995  0.11441246355182060
  0.12485111990133389  0.13526492371024113  0.14571009114240632  0.15617776296488872
  0.16670918211699831  0.17726081687431505  0.18769765493610252  0.19816321818914676
  0.20854264046580426  0.21902740004775326  0.22944546347827832  0.23996351566639487
  0.25046068946452071  0.26095433214514591  0.27143304380770650  0.28195716808383986
  0.29257628375541234  0.30319014029413027  0.31380837234167436  0.32439599078905357
  0.33498958107488486  0.34558408634159621  0.35619998882446030  0.36682519187080570
  0.37742785041805488  0.38801534219557776  0.39855197923500119  0.40909805846955100
  0.41965856815399177  0.43026561976088706  0.44093772895924255  0.45161773193282140
  0.46228679738161538  0.47286572108352493  0.48351163981881468  0.49406806686709087
  0.50459672169408953  0.51501881742544320  0.52548641255220574  0.53601852627602942
  0.54658547262107782  0.55722559645292469  0.56787638051342826  0.57846357080303257
  0.58894108318302052  0.59934966216428254  0.60977928223762290  0.62030801400351510
  0.63082120132119790  0.64140633707471406  0.65190585590109795  0.66242661592816099
  0.67292280601859922  0.68344197238432569  0.69394482070645469  0.70442048636774046
  0.71499899916559717  0.72562522423792664  0.73608953145657186  0.74650122978459854
  0.75688302768629667  0.76737670064697694  0.77789526809987597  0.78852130364636241
  0.79920678164549552  0.80986918392790497  0.82040987478718441  0.83096901260593259
  0.84155615822696106  0.85221886325805174  0.86283084809558963  0.87341399016442223
  0.88393481633633075  0.89458387816774754  0.90512848776807220  0.91559832014945841
  0.92597991880253328  0.93639397093710075  0.94697743071914442  0.95758496571714102
  0.96814217313249984  0.97872877635096200  0.98931867615899638  1.00000000000000000
   9.5151408541721674E-007  -1.0000000000000000     
 T T T T T T T T
