 -0.00159500626845478  0.00576840803384607  0.01272482577086898  0.01949961304934048
  0.02654452541280908  0.03396093398296080  0.04173314723434922  0.04980885076735170
  0.05813797020804075  0.06666691394735290  0.07538027693851965  0.08423498363551975
  0.09322899535986967  0.10236799689926679  0.11164638982568172  0.12102292012544751
  0.13043603574225998  0.13989846257313276  0.14942302671716046  0.15902004469159670
  0.16869784055709669  0.17841070144646723  0.18815156761712212  0.19792545069992237
  0.20776970685355878  0.21770728476105605  0.22765175097727530  0.23759237924074139
  0.24754151429112065  0.25753711728177875  0.26751677399626811  0.27747120992647489
  0.28744343600800998  0.29746868086835276  0.30754616832163217  0.31763895993373903
  0.32779635725169054  0.33802677786981300  0.34835156821247620  0.35874613202021516
  0.36918339870476624  0.37963930441257299  0.39003927428153073  0.40038897780668153
  0.41071710309045406  0.42107810150112290  0.43149979452531051  0.44190502219764705
  0.45228840339026688  0.46266272999833613  0.47308075234038627  0.48350092178321874
  0.49394484688702450  0.50440908676989671  0.51491178751635991  0.52545033677778741
  0.53604761972507020  0.54669392764380143  0.55734211616870222  0.56800472448064443
  0.57866226847059121  0.58929434400307301  0.59991041427401215  0.61055974157423665
  0.62129354333459696  0.63207884347084720  0.64289916795201174  0.65369420457130689
  0.66445561954602905  0.67525679531838634  0.68610631527676080  0.69700448658730108
  0.70794012433420095  0.71893638673855864  0.72999321818739904  0.74108615895948249
  0.75227105592604948  0.76355629784663237  0.77486138262948845  0.78613877795113896
  0.79742543644271136  0.80877936206193268  0.82018877925599010  0.83161568294390997
  0.84306447551599129  0.85460343998994603  0.86629395168109147  0.87819104447788021
  0.89031093625278090  0.90265250998478441  0.91523094596961807  0.92817489032038047
  0.94174749574766714  0.95644839054086828  0.97497959989539884  1.00000000000000000
 -0.00238110059377050  0.00933242090038999  0.01951566203395055  0.03005947966808003
  0.04077705579532224  0.05139618465597006  0.06197633091955591  0.07245232178197354
  0.08303921352496824  0.09362640966646746  0.10420901891292986  0.11472574461908303
  0.12528979045169925  0.13586652998491353  0.14644729708766982  0.15694118564260912
  0.16744414081946082  0.17792699671036979  0.18836097376806546  0.19884992320734632
  0.20928876739885638  0.21992277443640990  0.23044094153913636  0.24101662100619869
  0.25144557371950038  0.26190689449148691  0.27241965191989698  0.28308538295428959
  0.29373767380422644  0.30424928026552256  0.31473472731727486  0.32526212879631972
  0.33587980885448054  0.34649094773741773  0.35705345345022999  0.36761514464191891
  0.37807900825023283  0.38872939882542473  0.39931849797855390  0.41004041481378772
  0.42063429554732135  0.43121105669873117  0.44166317269442074  0.45213999296506635
  0.46261696232627386  0.47316008850889391  0.48366207212175488  0.49422427613093906
  0.50473248663733439  0.51526813179847353  0.52575243340230282  0.53625253416465390
  0.54671138830413579  0.55726309385366035  0.56770034276709047  0.57819544878152929
  0.58866893171557721  0.59927398691323908  0.60983090128613349  0.62035634962479524
  0.63089097197867272  0.64143119537420779  0.65205680692822654  0.66268476564440626
  0.67327653187348346  0.68386861196631588  0.69442103207101291  0.70498412918492004
  0.71545835092381826  0.72595771767158446  0.73653557804712477  0.74702470597883963
  0.75741817992838067  0.76782571835496694  0.77836820938588702  0.78890965886350317
  0.79942993794024564  0.80986224750129288  0.82040221427540583  0.83084817677951339
  0.84133673423380706  0.85188223268315044  0.86250447662174567  0.87305584950814008
  0.88356433283167968  0.89400528465581275  0.90451950204626408  0.91510473396884529
  0.92565059193086696  0.93616720364668504  0.94672629404130537  0.95735726795171938
  0.96808324552534997  0.97869983145910544  0.98939595558391125  1.00000000000000000
 -0.00236002888468083  0.00937346684216098  0.01944941200593999  0.03000446469583734
  0.04061317119717213  0.05123195434866196  0.06187292305447917  0.07250361841902896
  0.08313214216407101  0.09371860601048998  0.10430389699068640  0.11482218778753105
  0.12534608207160372  0.13577746211859820  0.14631854986753878  0.15686924780016839
  0.16749844543898851  0.17806783693527758  0.18858821508267193  0.19913425428573017
  0.20974765376348584  0.22030784681041890  0.23081928259972564  0.24126499893583836
  0.25178372678170885  0.26223475292830345  0.27274640146057938  0.28319715134125423
  0.29371486165810101  0.30416168254683218  0.31458332415062823  0.32502682535375288
  0.33547286120377623  0.34595715700655411  0.35640194889104221  0.36684173262684328
  0.37733754324207686  0.38796689757070507  0.39860236463789034  0.40925495450518301
  0.41984968051025240  0.43051180130478023  0.44111929308770198  0.45172598940490849
  0.46226496375268272  0.47281185893550715  0.48330106558119329  0.49385040303231037
  0.50453533187060995  0.51516166297960386  0.52569570720374426  0.53614436192664794
  0.54665149333375218  0.55722447948693099  0.56780701676584400  0.57850539265340650
  0.58920076544985167  0.59992114206242897  0.61054741939340984  0.62119071288832339
  0.63182962891859040  0.64250738130731400  0.65319263094266200  0.66386491205393372
  0.67449845898510863  0.68509229311061748  0.69566649686999338  0.70623702457492765
  0.71672231940530129  0.72721831214402033  0.73757851206868141  0.74809669040619009
  0.75852567328548770  0.76905136762306403  0.77942570390151933  0.78978924397196126
  0.80015052137640130  0.81054383033912225  0.82099981211231809  0.83149197635496175
  0.84197241869208295  0.85244372228859766  0.86281983548123409  0.87331048448481174
  0.88389710600881644  0.89452735735682443  0.90511910929255990  0.91564409486510678
  0.92619454012851199  0.93672486475279171  0.94726077287946076  0.95775629050158151
  0.96834172966416898  0.97883196280230289  0.98946860630619293  1.00000000000000000
 -0.00241171967329873  0.00963751552752370  0.01980118213673756  0.03035488467645927
  0.04089215688924547  0.05144963485626205  0.06205314629015086  0.07263381957244097
  0.08317627398581702  0.09394995478280989  0.10461349076964487  0.11533533843162661
  0.12592640483873641  0.13656054177888752  0.14722760890908246  0.15768148131174575
  0.16806822224407847  0.17843127460953537  0.18880095054770485  0.19923293294974836
  0.20958817303957550  0.21995164501993239  0.23036231305794316  0.24080543015446798
  0.25128648694577005  0.26188012816865869  0.27244514458397845  0.28306600533802123
  0.29355634323557245  0.30405497000748899  0.31458658727807159  0.32513373357813902
  0.33561913944804000  0.34603336608215529  0.35643642246241380  0.36689719706491664
  0.37738231900423602  0.38796977530698290  0.39860979935387120  0.40920953750978234
  0.41977927418224614  0.43031960281669468  0.44089099518770436  0.45148912979171563
  0.46202306594656295  0.47257203090754962  0.48306958524148147  0.49363546065363950
  0.50415591477386790  0.51472196574852225  0.52537029047923078  0.53600271606635930
  0.54653048375548885  0.55691032792176631  0.56733225333578707  0.57785484270812038
  0.58839401028130689  0.59888526383789709  0.60938478090693282  0.61981931609120067
  0.63035652972443823  0.64085674020039651  0.65145560575865025  0.66207737475636963
  0.67254522617039170  0.68305173079652604  0.69349947531622391  0.70406946992029540
  0.71449902484097672  0.72501435817483328  0.73549799073317501  0.74605346660997662
  0.75661739693658003  0.76724510228209009  0.77784298051406697  0.78826071524143548
  0.79876175653455705  0.80931549625887689  0.81979713135468302  0.83018218651899378
  0.84066184350819351  0.85119294353502994  0.86179067110698471  0.87235051120571550
  0.88294137833714936  0.89352305472295679  0.90419358714453058  0.91491423179406151
  0.92568668825685674  0.93640023536148753  0.94706491560543016  0.95770184917588153
  0.96813931440918188  0.97875209554539966  0.98931071286976224  1.00000000000000000
 -0.00242282488177875  0.00960503804760773  0.01976708486380745  0.03025490692772557
  0.04073621316679293  0.05121303483508538  0.06167540912174471  0.07225127863519533
  0.08280989639868286  0.09334815950162731  0.10393777678655690  0.11454613085162205
  0.12517732754219726  0.13565532468286590  0.14610141061795376  0.15661416157445865
  0.16708251874859856  0.17765907179107168  0.18826297070372364  0.19892252022131823
  0.20942508176862368  0.21983423062868826  0.23020577798331504  0.24075906334768193
  0.25127304313763416  0.26181017470809748  0.27225205600295466  0.28266970147983161
  0.29310028684230449  0.30356463832794717  0.31411963560307271  0.32472918029440179
  0.33531887697973084  0.34595219830777146  0.35646709870552634  0.36689471949203040
  0.37732817721586903  0.38782968910621030  0.39856899664635109  0.40926791024679526
  0.41990772282091604  0.43039117375345037  0.44090923249945507  0.45159640639681575
  0.46224683609345441  0.47286019365359788  0.48331392752043500  0.49379288452132941
  0.50422289732621361  0.51473872040156943  0.52528567831682993  0.53591560133191685
  0.54648474509990275  0.55711897604655314  0.56769572926888889  0.57827207671542302
  0.58877505967448240  0.59924957885713337  0.60981180868005336  0.62034354154903892
  0.63088537823371904  0.64136654257736048  0.65194813654093375  0.66260929653844125
  0.67333864449975134  0.68399159173954105  0.69467252962805892  0.70524514007784411
  0.71579345161379404  0.72633660437194414  0.73682464286804128  0.74734345644651534
  0.75777475059064647  0.76828519353267821  0.77893209756085890  0.78956993967303701
  0.80018668097345136  0.81062511621500744  0.82109786469417756  0.83156562317295679
  0.84211400803578207  0.85267120916039352  0.86325807708798452  0.87375219588876762
  0.88415227060440549  0.89461387772050183  0.90504762473803113  0.91557830939768492
  0.92602558337432317  0.93660148498012286  0.94713415783364296  0.95771517629527569
  0.96822466194645496  0.97883425361331711  0.98938530005653913  1.00000000000000000
   9.1512868259130290E-007  -1.0000000000000000     
 T T F F F F T T
