 -0.00153125246553921  0.00640138129246186  0.01349796674562076  0.02062637198868583
  0.02807845265339672  0.03584510934175431  0.04387827792965766  0.05216306095335820
  0.06063493309136673  0.06936697783331712  0.07833522222574697  0.08750116305863852
  0.09680043739622533  0.10618055545367255  0.11569937998649969  0.12530766909222282
  0.13494390214181473  0.14448551200285198  0.15402896208815411  0.16363259229649510
  0.17339338551091207  0.18309262858830350  0.19289188242687469  0.20279635250765823
  0.21283629373150653  0.22293563697082353  0.23291162790599099  0.24291882759614539
  0.25295378048008049  0.26308713663320998  0.27321272618910497  0.28330415287319988
  0.29340465579880121  0.30355827571208499  0.31374847851187665  0.32395958493677940
  0.33417410390064362  0.34444962960085279  0.35480593733403643  0.36519308822728752
  0.37556949218259972  0.38592897740042392  0.39636683502057218  0.40680675122395038
  0.41727396349484341  0.42770002969061127  0.43803178569570361  0.44836148713767104
  0.45874364935930995  0.46935003871081987  0.47998176502376194  0.49054227859846755
  0.50102857800816991  0.51146595884184998  0.52189467953788893  0.53241688470138959
  0.54303399269771080  0.55371572494784849  0.56434910850238784  0.57481289893521514
  0.58520741618675298  0.59563992551455980  0.60629329639235863  0.61703931646070898
  0.62783857211266059  0.63872186709062528  0.64970466043063013  0.66068274811727146
  0.67165676539719954  0.68261758461103905  0.69352743458023425  0.70433103346762793
  0.71511165681973687  0.72607608538900659  0.73714157119888923  0.74833382850232344
  0.75947245836935295  0.77055434980697435  0.78159436948937600  0.79263905686457581
  0.80388521291974535  0.81518755462961168  0.82653875192415593  0.83779424490174348
  0.84905817217423674  0.86038807170845877  0.87193087765701738  0.88364046077380443
  0.89541180159536371  0.90725842800126888  0.91936030036190708  0.93195323789892004
  0.94528756544309556  0.95983932336700151  0.97760557960655814  1.00000000000000000
 -0.00207679563695077  0.00962709826918736  0.01983191857407950  0.03043372242867459
  0.04102643195890112  0.05162380886026356  0.06224838230696651  0.07288184975798918
  0.08351522026961214  0.09415853676323738  0.10493812695798888  0.11546744850775754
  0.12601148486548688  0.13616740280930134  0.14649213487028329  0.15677314844478313
  0.16716902090617927  0.17752911591555562  0.18791523231258431  0.19842003799647059
  0.20895366790714856  0.21944480884728698  0.22993653916495080  0.24049351317980930
  0.25101808371563800  0.26162385302457314  0.27218395301897957  0.28295889811182734
  0.29373150881993321  0.30460040728579563  0.31534958244354799  0.32589958206141045
  0.33647594049105339  0.34711074218122834  0.35791269710996199  0.36850829028486831
  0.37907680360258644  0.38969221283396388  0.40036828233908911  0.41104871096664930
  0.42170528584548311  0.43241949446736100  0.44303345001013894  0.45359765823635390
  0.46421637091003570  0.47469078505690954  0.48506395939800273  0.49537550169189803
  0.50580698497724530  0.51632432872131862  0.52674901394950568  0.53730536046093769
  0.54796464114594645  0.55870651419983364  0.56938164861014184  0.57997227314710642
  0.59064640492041742  0.60131458877002975  0.61185806065670856  0.62232644056356912
  0.63260709794682979  0.64298028702278376  0.65326440398615215  0.66366781385457552
  0.67416577413854717  0.68478609172637517  0.69545915463531260  0.70606790838558098
  0.71660966239355217  0.72703354599211523  0.73754413599400803  0.74809261258902371
  0.75875558559375422  0.76922265946719781  0.77965494124135148  0.79012139651867630
  0.80061447449096368  0.81116409576870974  0.82146512520804460  0.83206147488849636
  0.84270316991838201  0.85338133776700242  0.86387625880693220  0.87415750989205421
  0.88475176673992817  0.89527362781676079  0.90600210940615244  0.91665934878400623
  0.92703745375585456  0.93760882567015214  0.94806993231252790  0.95869654762097467
  0.96905154768592539  0.97938914121230713  0.98970445443551347  1.00000000000000000
 -0.00234583329611857  0.00936057473065245  0.01942588104845138  0.02981606137529422
  0.04025425553616573  0.05050772021345951  0.06072270019498023  0.07112013916436098
  0.08169999238844157  0.09235699301430701  0.10298122667763794  0.11352564694219149
  0.12409978013708828  0.13462676327576734  0.14539695804313943  0.15614248219248253
  0.16686990255769169  0.17738960624665567  0.18805830214240096  0.19880896312364413
  0.20961267776872367  0.22030281597995749  0.23095926602145581  0.24163078714580263
  0.25229607476097676  0.26296962184527894  0.27350914617454242  0.28397287183921383
  0.29439326400528493  0.30483711418701059  0.31537918202125209  0.32590450948142957
  0.33648361685764538  0.34698805599960414  0.35760617889046498  0.36835143306277507
  0.37912771562500180  0.38971793270853133  0.40027940449684796  0.41087696805620083
  0.42149560808033143  0.43192829809918820  0.44237257868774715  0.45291563611158353
  0.46347534427270787  0.47396091572241411  0.48441615795718884  0.49501895171161586
  0.50574237043743153  0.51646142342738477  0.52705235322920230  0.53753636651189241
  0.54791185238690954  0.55822686015689393  0.56866073019470786  0.57908332090282699
  0.58964632027654362  0.60004272013342141  0.61047460369367335  0.62082811682712769
  0.63122169313336884  0.64172983228815905  0.65225990720058535  0.66295513199394429
  0.67371943920827659  0.68454372875348857  0.69519830033078511  0.70572856577588605
  0.71615621291650133  0.72656565609962664  0.73705384656082806  0.74759024410888708
  0.75811088914265146  0.76858496156286171  0.77900756759586076  0.78941779257742828
  0.79975194819315298  0.81010253070232774  0.82068673674879566  0.83127960661455458
  0.84196849212237679  0.85241884417217206  0.86287289537405343  0.87336471261611437
  0.88391816695829772  0.89450267326503530  0.90492364417856264  0.91542907457332967
  0.92610851522862747  0.93687305205735794  0.94753638866047207  0.95804548591719474
  0.96842680119212077  0.97886636794698256  0.98935001345914153  1.00000000000000000
 -0.00211880776218187  0.00981866892518411  0.01978320752568797  0.03014865680952399
  0.04037068077583673  0.05062661664707445  0.06085433902678567  0.07128224055631956
  0.08181825329515720  0.09233851965057353  0.10274182548211641  0.11318467973947897
  0.12358300660211746  0.13414375728358996  0.14466004537765176  0.15509505781947680
  0.16549111445330278  0.17609210990358176  0.18675368633459571  0.19729379651505682
  0.20782882807742267  0.21859962958424886  0.22949127861231911  0.24007585949921240
  0.25065862454419396  0.26137707602949295  0.27208201203409965  0.28264476062733540
  0.29315249346616501  0.30374092858639556  0.31418784477370576  0.32450212268588613
  0.33493277727519510  0.34562402482205984  0.35645080979882032  0.36720247679957524
  0.37779408760163485  0.38843907880049516  0.39902221794049181  0.40959889755756956
  0.42003884072197528  0.43052565780522217  0.44086391665042418  0.45118193513655247
  0.46144882047430402  0.47175126578877119  0.48204212521156942  0.49233775819376724
  0.50279043117473554  0.51331584171491962  0.52406307969192067  0.53489609409335148
  0.54564706170800914  0.55615025669264029  0.56666491071504699  0.57705470281545068
  0.58746811806405996  0.59781457627248824  0.60835513346579340  0.61899711287600012
  0.62953896637177043  0.64017597360299250  0.65087700430623896  0.66158009234411697
  0.67218326220566371  0.68271045080495529  0.69322501284637950  0.70386260065391126
  0.71443796370012203  0.72504702697922485  0.73565458483521551  0.74630580711153072
  0.75695253012311103  0.76756685161548421  0.77822352451582910  0.78897269125123703
  0.79960659775613396  0.81033876701033103  0.82088558053527083  0.83146633710367024
  0.84191577856172750  0.85239335471669575  0.86288227137737139  0.87339826153495359
  0.88395913867699938  0.89433041801389834  0.90477341112572840  0.91530452389150396
  0.92603981444609706  0.93667763363754475  0.94712589521145885  0.95751835383708417
  0.96807107515073842  0.97872381671133613  0.98942472236206425  1.00000000000000000
 -0.00242411944012314  0.00976286077439173  0.02004072213904228  0.03060536379806914
  0.04133289522496399  0.05205071525093696  0.06247192060147779  0.07296853535850828
  0.08333235929366618  0.09374478794087528  0.10401961794079534  0.11457805266237620
  0.12500183608316229  0.13551642163008423  0.14609220006873452  0.15684629135378361
  0.16760279631912070  0.17818736793921752  0.18875102253416062  0.19924863112844932
  0.20976123577547223  0.22023852036435645  0.23075479270094890  0.24136836705892020
  0.25213579904324124  0.26280733814091450  0.27331090607176350  0.28382332631579293
  0.29427607047813259  0.30472480781294031  0.31510231895008989  0.32555061411143221
  0.33594647339006212  0.34639482926263077  0.35694453476384080  0.36751546233362575
  0.37814888202751729  0.38873205193388299  0.39929529128515850  0.40979578410810980
  0.42033640396647448  0.43095645473424504  0.44157640789039859  0.45216404667620452
  0.46269852560384739  0.47318029538995660  0.48368864398515082  0.49422867907085577
  0.50475139255923740  0.51530957299601954  0.52596151857154416  0.53675973397558818
  0.54745690182619566  0.55805401605817428  0.56855722127148711  0.57916614351995899
  0.58982347840567884  0.60056467259155277  0.61119398197587216  0.62178749321743731
  0.63232795225754790  0.64287044138317107  0.65346629382982335  0.66410242598705449
  0.67469364735605897  0.68526351390089002  0.69575317563107186  0.70628321586359821
  0.71669931946469179  0.72713973688626832  0.73766315237930291  0.74819679532706362
  0.75879406616161271  0.76942212138915989  0.78011891384227072  0.79068229565957227
  0.80106007172853222  0.81138526504389741  0.82181764181213313  0.83237339551126033
  0.84290611666016590  0.85333936443180280  0.86368725476845087  0.87419386296681068
  0.88477340866336762  0.89534466095325305  0.90578463414220822  0.91629251160680258
  0.92682059678338413  0.93717435933004478  0.94748880092799104  0.95777627959672629
  0.96819063144393525  0.97862512110429556  0.98922964517611112  1.00000000000000000
   5.3657461036941402E-012  -1.0000000000000000     
 T T T T T T T T
