 -0.00156092240484761  0.00571916177948798  0.01262703068129219  0.01938926260835341
  0.02648495367696405  0.03392303681785697  0.04167867359011625  0.04977148557645017
  0.05812815399723421  0.06668831702884788  0.07539038369139471  0.08421709570748218
  0.09317682477430750  0.10227437013655775  0.11150613966013240  0.12086180872839432
  0.13032001358967971  0.13986618243154078  0.14946452569183261  0.15909779044355438
  0.16879608243302921  0.17856514971683549  0.18838065061203593  0.19818832801936717
  0.20797472921939875  0.21779143507049900  0.22767923512338187  0.23766065343624340
  0.24768852634937688  0.25772096765589758  0.26776805750804045  0.27782872061346314
  0.28791248770019989  0.29802277802070670  0.30819330108548537  0.31842648592133432
  0.32869175726805999  0.33897328852538272  0.34927656398721840  0.35959239322606096
  0.36989804773801027  0.38018657916177712  0.39044292545688219  0.40070678010391936
  0.41098736101753580  0.42130774604342108  0.43163612840226345  0.44199434860026804
  0.45238777084262727  0.46282771395779737  0.47330352391294578  0.48378593823542770
  0.49424942647418746  0.50470376787919036  0.51518308622147990  0.52574677565711714
  0.53637378143627823  0.54702478973342117  0.55766634325392761  0.56829833502848359
  0.57897646204759790  0.58967676339472486  0.60036414572971442  0.61104343822266471
  0.62174541447198850  0.63246253875883385  0.64315775732462410  0.65384854983690099
  0.66458448671323778  0.67540514024984977  0.68633468122527197  0.69733054499252878
  0.70832194399993009  0.71930461656162548  0.73030197297901567  0.74136449063205057
  0.75247774266357281  0.76359856516605440  0.77471362053780901  0.78585160057391978
  0.79709091769417728  0.80839643430754438  0.81976619503300407  0.83124044694639898
  0.84286496450238835  0.85457225254471503  0.86631305370853529  0.87812217151192662
  0.89012387240284085  0.90242234856492121  0.91507352296056066  0.92814300940781780
  0.94178989122146617  0.95658167787970161  0.97517190629337114  1.00000000000000000
 -0.00229251580661755  0.00941306342359324  0.01952356984172748  0.03020876742134743
  0.04080477257879019  0.05138579343467269  0.06195704193644649  0.07254940140801228
  0.08317191406644125  0.09371590656220287  0.10425542745535078  0.11476242125757774
  0.12521461479163515  0.13574355282821918  0.14620979078722512  0.15674215320862733
  0.16724195900034658  0.17783170086249217  0.18837923195465597  0.19886054838777056
  0.20931964259093047  0.21985129013223170  0.23039689182744100  0.24089525174669824
  0.25132771517885710  0.26183602145432866  0.27239135973681911  0.28293899271704570
  0.29347651074847336  0.30399709500234068  0.31453893979114350  0.32502053800155539
  0.33552612910717844  0.34596880806159075  0.35641237948973170  0.36674400150773490
  0.37716829299527127  0.38768679359801733  0.39834899679258484  0.40898443654561911
  0.41952892112196183  0.43007565532220782  0.44064847649166367  0.45128114293807364
  0.46191036648279826  0.47255264228671418  0.48321273852298297  0.49378965807691050
  0.50425991810109494  0.51470459959896664  0.52514663496438663  0.53562627417584152
  0.54601064762513785  0.55640607481671112  0.56682879878440662  0.57728958697612298
  0.58777237332824428  0.59833403048815059  0.60892213695601183  0.61960938044491454
  0.63022787322007390  0.64086453894517570  0.65142853237833775  0.66201267307275169
  0.67261321118185147  0.68324635873577044  0.69387307216561300  0.70455438284103278
  0.71523412902894790  0.72593674771705374  0.73663631968250398  0.74729251373665051
  0.75785465315315625  0.76835880660944655  0.77884378777839824  0.78940063409160843
  0.79988216229925413  0.81041235393770950  0.82088935771371918  0.83136750468362963
  0.84188968567459033  0.85241073734626860  0.86300819524879735  0.87360377699064762
  0.88425288974386618  0.89493463048170696  0.90556284680960286  0.91608464237460807
  0.92650789881544493  0.93692321533865019  0.94737468185681784  0.95785765485275820
  0.96831462593286166  0.97886395091760958  0.98937562691218894  1.00000000000000000
 -0.00240577566602257  0.00951426739962014  0.01970091446449936  0.03039005949021371
  0.04094750083535817  0.05142064685601147  0.06199994625820501  0.07264431351559324
  0.08328231424528211  0.09387814889732134  0.10435711973492481  0.11485185684005035
  0.12538753448990209  0.13592248521553757  0.14646681658905059  0.15699035062226252
  0.16754287073280291  0.17811907065902990  0.18862830673130704  0.19914987197051909
  0.20962888410095085  0.22015894504706571  0.23068697965424853  0.24121578609178268
  0.25171231348131257  0.26213014320501266  0.27257528444744922  0.28306743812015922
  0.29364239279446619  0.30430612564939080  0.31491279204031969  0.32562845132887730
  0.33621377188256762  0.34677895026726874  0.35724130166583251  0.36771220903123503
  0.37825554096290898  0.38885578571050916  0.39942470085762322  0.40999206085979134
  0.42055614661266738  0.43121249418687801  0.44189345864220558  0.45256006873960675
  0.46322095394298668  0.47383135129798526  0.48438319306865441  0.49484967697269733
  0.50534263928697498  0.51585186115713921  0.52638908098165571  0.53684010000547455
  0.54728785172886751  0.55777744128985640  0.56830910203816520  0.57888179684427132
  0.58940208868132238  0.59992027681403215  0.61052044749604417  0.62110573825991755
  0.63171357325729682  0.64215039483690828  0.65261057371900777  0.66301972868724079
  0.67356843760091634  0.68411853569272663  0.69470441425783569  0.70522853208824088
  0.71583126686884901  0.72641366530468898  0.73703434752015906  0.74762907080354912
  0.75825778805379185  0.76897301007586016  0.77952195019077808  0.79007552852084761
  0.80047526096577848  0.81087424599660163  0.82134845608458962  0.83176312567870336
  0.84217338749398207  0.85255949639747131  0.86303560164771731  0.87358390471474778
  0.88403288431461990  0.89451234355205722  0.90502861962999048  0.91553732698637091
  0.92607113579612088  0.93666624592778680  0.94735250162890894  0.95795133910464303
  0.96850909859940926  0.97894346698438739  0.98948755965915736  1.00000000000000000
 -0.00242376031829377  0.00973134517017026  0.01985601691420218  0.03027353160916922
  0.04069475615031733  0.05116466476166630  0.06168251737692317  0.07219827270559483
  0.08278459961321945  0.09336091696038436  0.10398819160027277  0.11455350063321393
  0.12519981939857300  0.13574900911209895  0.14630745730965689  0.15676101283904992
  0.16733838350003066  0.17780638211582203  0.18831505446771049  0.19878040012567263
  0.20928119394212577  0.21974186966067774  0.23028534436973944  0.24090945903600511
  0.25155498914128727  0.26214463094643026  0.27266784414785256  0.28319413255145742
  0.29367150719102603  0.30413242913203914  0.31456887315009630  0.32505076842141178
  0.33556970098505234  0.34613700709454753  0.35669879059797321  0.36724446826889418
  0.37776892801779371  0.38821233743539357  0.39859710320020003  0.40902158498394919
  0.41940894770552850  0.42987940152972942  0.44038982119309622  0.45105636647764175
  0.46169050856532307  0.47231597700774647  0.48288437826676633  0.49350384131873665
  0.50397681257624538  0.51451059299408120  0.52500416887897250  0.53560028496651890
  0.54610972960080961  0.55665756567938951  0.56724360534005336  0.57790427340748840
  0.58854708352529750  0.59905980117628310  0.60961710238538280  0.62012868751509798
  0.63065197949538154  0.64114875599842114  0.65170962250837905  0.66228327865423586
  0.67280776960409627  0.68332606293231912  0.69391409527305614  0.70446744286676244
  0.71497639743952701  0.72549935311332214  0.73602648424170147  0.74656984853324626
  0.75707618987915470  0.76765883422338588  0.77823732196108619  0.78878814428807398
  0.79935311028154188  0.81001229040732514  0.82058985596382727  0.83112412893686860
  0.84158241803711986  0.85209579489035947  0.86258739950476360  0.87307074095863391
  0.88357028065598675  0.89406966448049152  0.90454807028907125  0.91506996151844866
  0.92553234983661081  0.93611200937209604  0.94677697475862588  0.95746647167157417
  0.96805909675237933  0.97861806671169793  0.98929012190903731  1.00000000000000000
 -0.00241834470868342  0.00936945157437866  0.01964581449458316  0.03019550154559944
  0.04081211409037756  0.05124043938377863  0.06167140708931101  0.07208973394012871
  0.08264293810549458  0.09324003534639951  0.10378806403830787  0.11424912855948066
  0.12473838709403268  0.13523137178872455  0.14581718563260618  0.15635092505073431
  0.16686475607310219  0.17727075002051668  0.18776431668923843  0.19833867482893672
  0.20896357537783136  0.21953610909577181  0.23011764382500557  0.24069296197542031
  0.25124247825432561  0.26166584078489485  0.27207981140361520  0.28266350696966958
  0.29311454727907332  0.30365929483310417  0.31405930978281060  0.32474414387253375
  0.33537188593677897  0.34601179947165228  0.35661768086930667  0.36708025020035112
  0.37757744383163694  0.38801473380872581  0.39858424791938868  0.40905155015383854
  0.41956095302416174  0.43008147999296042  0.44067145860253099  0.45120313109928700
  0.46182880212430527  0.47248735506334211  0.48316419058874360  0.49382762860934637
  0.50440904688118138  0.51498730371444801  0.52553255315345881  0.53605531041888055
  0.54658466958998375  0.55700635887214012  0.56749386822594539  0.57799382152339640
  0.58852681755551406  0.59901391578739782  0.60949211820873195  0.62003616583326104
  0.63063764362503372  0.64122952338136752  0.65178518151984777  0.66228524586439597
  0.67289619982204207  0.68343890860305978  0.69407942787739008  0.70465236505661233
  0.71523432895751993  0.72576256495415858  0.73629976805674269  0.74691594942408723
  0.75744831978607141  0.76797776827390152  0.77855335626002742  0.78919623122229343
  0.79981668775102022  0.81037503667146238  0.82094310206907639  0.83150018220150290
  0.84202517045754155  0.85251537070485206  0.86292234820661340  0.87337410771228774
  0.88380580604987335  0.89438042598556255  0.90487122777187790  0.91528262157769258
  0.92573529290926304  0.93612624647785903  0.94669761373139871  0.95719354620004082
  0.96786937821597596  0.97855344096574282  0.98928544244655470  1.00000000000000000
   4.9692017826473520E-008  -1.0000000000000000     
 T T T T T T T T
