 -0.00168458579465142  0.00633480299794962  0.01350048346299072  0.02054309146566566
  0.02793220089976662  0.03570677933289924  0.04378784702882210  0.05215153097303034
  0.06070155477222386  0.06943232260593034  0.07829126597907003  0.08724373224930086
  0.09631157119540967  0.10554244217292144  0.11499876238512319  0.12464179618631475
  0.13440995022850338  0.14422228939875309  0.15400943386637245  0.16380367223317024
  0.17364907568508936  0.18351996137049373  0.19345559450218888  0.20344210923425987
  0.21351197136895642  0.22359474078501909  0.23368874421823918  0.24373770303195888
  0.25380800729880171  0.26385430592828124  0.27394796693603601  0.28410374818595857
  0.29429925412349150  0.30463311245100022  0.31500646522357889  0.32530272500121876
  0.33547101315277028  0.34554293624080812  0.35568354886467413  0.36588846778979878
  0.37613722058884785  0.38645152330509336  0.39682635585820780  0.40725193977794977
  0.41767704281853596  0.42806135069177220  0.43842212315453877  0.44887169825294693
  0.45930156309265158  0.46981485767581083  0.48043502948741029  0.49111535045062593
  0.50174082446214241  0.51224735167964153  0.52286322353417380  0.53356754243973126
  0.54421135082152572  0.55481390797177155  0.56535860280627293  0.57596708438805022
  0.58650295410679509  0.59714337101123294  0.60776140311541416  0.61831343338058209
  0.62879812309886862  0.63938984756846562  0.65016856644096610  0.66102060384776873
  0.67185238155863469  0.68267688000669058  0.69355478586220576  0.70448923101038941
  0.71541007001747581  0.72626747541201842  0.73706200165075419  0.74786807939517663
  0.75880990531789194  0.76993317992989752  0.78116990106233974  0.79232499703342474
  0.80339021503386687  0.81450146355471909  0.82568160690550174  0.83692680830548438
  0.84822213532398949  0.85964652993389734  0.87120797057843780  0.88282629830086967
  0.89469390905717994  0.90684178565408458  0.91934512795018519  0.93210290434466758
  0.94530355524425869  0.95965403861146825  0.97740908317161801  1.00000000000000000
 -0.00252860783092234  0.00948002636186954  0.01976872648495433  0.03045149211849302
  0.04110369452895060  0.05158817310701312  0.06210689539697276  0.07236176803427691
  0.08264735837900647  0.09287970890871199  0.10318114775472902  0.11357366888453464
  0.12407976783809282  0.13476869451858714  0.14538914467959044  0.15577303119794544
  0.16619992562125319  0.17660042880505580  0.18700737828287758  0.19756608252509666
  0.20815129358873860  0.21879753031370686  0.22928697531363357  0.23973541862133532
  0.25018443008064362  0.26077028164620392  0.27134637119746230  0.28211153297823333
  0.29273237090859999  0.30352740963512131  0.31419458351366125  0.32479230114317820
  0.33537745380115425  0.34595733714672544  0.35661907899885786  0.36725916039868894
  0.37791225457949218  0.38847941416985654  0.39892665278953049  0.40936504673689900
  0.41985150269526755  0.43019507092520165  0.44070428648651094  0.45131525109045623
  0.46211813670757751  0.47267492621369156  0.48321533286583962  0.49373363520400043
  0.50429930438455983  0.51478907431179499  0.52555112667398274  0.53623989443122588
  0.54703489390072002  0.55765869653121347  0.56836908443665068  0.57907630075494065
  0.58969021548836287  0.60027196980233422  0.61095238953754505  0.62168547196569357
  0.63250525167382254  0.64321970760548286  0.65410206599393372  0.66491093351362429
  0.67556283076949897  0.68606997188458230  0.69666339852511738  0.70724635988247908
  0.71774611312620118  0.72824629394751861  0.73863182435542529  0.74907371390807098
  0.75949310393907721  0.77008617594217388  0.78066938474464831  0.79119805553291267
  0.80169004033946600  0.81222305738902867  0.82273332014544720  0.83325269273138458
  0.84384108625040433  0.85442718994995737  0.86502853298238835  0.87565543381300726
  0.88622931380873315  0.89680726997941018  0.90723364213061675  0.91760171170259686
  0.92800331144226456  0.93854074480128269  0.94903464888549482  0.95946209180065734
  0.96963588141258095  0.97978570680914112  0.98986063123778534  1.00000000000000000
 -0.00238796896298846  0.00967411079427414  0.02000843623386653  0.03054815795888211
  0.04105895035102920  0.05141742870887585  0.06189446201456220  0.07235971562942531
  0.08287902427776435  0.09340875181737593  0.10396617142203882  0.11465416900534092
  0.12524291206383417  0.13576976081111167  0.14620840617409472  0.15682977742766091
  0.16755153120045005  0.17830193002121131  0.18904074817096225  0.19975026897777620
  0.21037885220673230  0.22101611756092085  0.23158629741221193  0.24217690369503533
  0.25276119128894020  0.26333729769702025  0.27387283618163599  0.28427219784983898
  0.29475105698941839  0.30523988786059703  0.31576339577646945  0.32624311103102910
  0.33672654194022184  0.34722378840978407  0.35761551992796242  0.36806287863960541
  0.37839319386649367  0.38894436132814902  0.39949253285807340  0.41028202136118797
  0.42111191977412349  0.43188745559976532  0.44255694775415372  0.45307797305407371
  0.46358031762673357  0.47415229761556521  0.48471043077324738  0.49523053403159362
  0.50565309576671214  0.51614182427702904  0.52672024923388028  0.53726636468436872
  0.54779496059226951  0.55823064427100311  0.56859576588974525  0.57880897761701777
  0.58912542043151173  0.59943331591577131  0.60996768520800826  0.62062248134031950
  0.63128994314889408  0.64193640661374884  0.65241709124070402  0.66307162425123500
  0.67359033493164411  0.68419497438278787  0.69472814295521046  0.70527714002021802
  0.71569920873837312  0.72611672069137301  0.73665013449238015  0.74744677838588336
  0.75819408730989546  0.76881021659143656  0.77920827281913885  0.78959766386537322
  0.80016261064476657  0.81083483510572907  0.82147052939129006  0.83210630390419982
  0.84237603029942354  0.85276203498336411  0.86304401381344520  0.87364168021197164
  0.88424339387420070  0.89493602191958543  0.90573782146362769  0.91663284155157321
  0.92747075879844387  0.93828629461838442  0.94885460787631415  0.95931658924369612
  0.96963481255812800  0.97978946217065221  0.98992618683002076  1.00000000000000000
 -0.00149162542685054  0.00991425727498713  0.02020115229032911  0.03077528118665939
  0.04134113782410907  0.05185245702997116  0.06249925526243390  0.07277974278922415
  0.08312847662864659  0.09341318849317268  0.10372084775325832  0.11405787138498617
  0.12438568440593152  0.13504638768574012  0.14561049286602479  0.15605826072305737
  0.16654043411481323  0.17700980331420996  0.18762188973775512  0.19803691873465168
  0.20852945780462517  0.21920369592391956  0.22992147018213235  0.24059407279217127
  0.25115934343777419  0.26182739467168958  0.27247447678271003  0.28310882197505283
  0.29359841663301478  0.30415940567207878  0.31478067474204324  0.32555425935950877
  0.33619064241780189  0.34674429601299872  0.35727421444444535  0.36779593886436140
  0.37828180056538596  0.38887929943288052  0.39950801016528359  0.41012516462606896
  0.42069454502256087  0.43128291227108800  0.44184606426345763  0.45232240444452193
  0.46262082470461618  0.47302579967747144  0.48350211252562170  0.49431314994447118
  0.50491122362374363  0.51553180846818725  0.52626094961714498  0.53717855606410003
  0.54792253805861890  0.55844639052727174  0.56900504967650445  0.57940840206083111
  0.58996998456598582  0.60060859040577541  0.61128097042543839  0.62191080129912879
  0.63239747395828516  0.64304863083733910  0.65362260301249131  0.66430927337406664
  0.67498438465043731  0.68546170386467442  0.69580093069521498  0.70614073742563721
  0.71676486841598241  0.72759457911928671  0.73837592609386327  0.74906553431897749
  0.75972826076069710  0.77032760221676400  0.78079854790115311  0.79100788458246163
  0.80129255456452642  0.81169148174299932  0.82208280704610803  0.83258069121162281
  0.84298295176986959  0.85345414909066963  0.86387625292885739  0.87429366985749901
  0.88468443597208479  0.89504738966644781  0.90534530053892992  0.91548685281869768
  0.92580147320210904  0.93621564365094811  0.94690835353425351  0.95757605831772508
  0.96815116444024607  0.97873279412487191  0.98929189198772149  1.00000000000000000
 -0.00220601020580230  0.01004113087410954  0.02034264155445957  0.03104102556514933
  0.04156999950288241  0.05217306941666433  0.06271038387752745  0.07332259125131410
  0.08382402759373005  0.09422170596577678  0.10460043192100084  0.11511585888840185
  0.12563220930359909  0.13616806183357757  0.14665463401573095  0.15713600016035642
  0.16768489233944109  0.17834093890324682  0.18897411629873212  0.19953339902571152
  0.21007899656748916  0.22057717665032625  0.23098134862800998  0.24136330356320390
  0.25186782295529381  0.26244026188871178  0.27315325733157292  0.28402240110977839
  0.29479709206110277  0.30558578667828945  0.31636883374564456  0.32733958402514579
  0.33819014309206469  0.34892834640945919  0.35947162066967880  0.36993217101627124
  0.38035119864966560  0.39095398117086894  0.40173119227094589  0.41249067512703186
  0.42320938140434594  0.43386292737033338  0.44451129782842203  0.45507637411523699
  0.46545465392267327  0.47585333177197042  0.48621697789450896  0.49658799994300079
  0.50687083296183899  0.51714642220282103  0.52748777634995336  0.53806048887911884
  0.54877955727990169  0.55959596981856485  0.57020605344201025  0.58063296024007649
  0.59093613336741968  0.60129862080892649  0.61177753561415982  0.62246687837959258
  0.63287821725896998  0.64329513462231080  0.65364890547250831  0.66410195557955820
  0.67465193989493055  0.68510239572513909  0.69572739254598648  0.70627948506192473
  0.71698804098354518  0.72755247470948659  0.73801727701354181  0.74848916161491674
  0.75919569479283122  0.76992238395149282  0.78062323576721604  0.79128335625580382
  0.80184788363214032  0.81236072682111859  0.82278048025038397  0.83323880329714173
  0.84366384799106009  0.85408435847386177  0.86431319860521627  0.87448026570637716
  0.88475886139323456  0.89514934599745388  0.90567624075197628  0.91621259980131053
  0.92693572435230087  0.93757438922719294  0.94813516494620409  0.95854053329505584
  0.96895305230426987  0.97935235901852125  0.98974518030098413  1.00000000000000000
   4.3296531625761940E-007  -1.0000000000000000     
 T T T T T T T T
