 -0.00159468568464889  0.00572199183204312  0.01259622216333042  0.01940459620403177
  0.02653981214753539  0.03404708405743172  0.04186182658359302  0.04995254595583264
  0.05826918503610463  0.06680949480630605  0.07557368438219386  0.08449537034887403
  0.09353867732283033  0.10269664743262162  0.11195844378118577  0.12130437597750643
  0.13070886511223354  0.14016618978550574  0.14970974712671600  0.15932081240301674
  0.16897202754491927  0.17867680010467293  0.18846818651767158  0.19836342609753813
  0.20830970954200848  0.21827301139902211  0.22823996759483389  0.23821051014443331
  0.24816864466455824  0.25812053950240954  0.26810791048352084  0.27816402544110275
  0.28825744528805763  0.29834577420756048  0.30843918424186167  0.31856875585099453
  0.32876639660270413  0.33900111131279115  0.34925700866165560  0.35951258936826791
  0.36979345846052736  0.38010317410608430  0.39041450928990556  0.40070237369287565
  0.41096905941284517  0.42125526133950558  0.43161269959381748  0.44204552611472581
  0.45246991505342127  0.46285148165708551  0.47324578592119082  0.48370397145646910
  0.49424056601309496  0.50480334564724005  0.51543775780195811  0.52609991732822192
  0.53676573401549643  0.54741423496126695  0.55804592007436926  0.56868329024093522
  0.57929900460872830  0.58993508100450176  0.60062633862276982  0.61136442759375409
  0.62209476483811699  0.63281748614936628  0.64353215265275809  0.65426792373808607
  0.66503262973835142  0.67585912688963690  0.68673409734278179  0.69762581760142073
  0.70857301263740280  0.71958358102591247  0.73063065171122932  0.74168934145076226
  0.75278284452161215  0.76390963632918130  0.77507387965944108  0.78630969609743295
  0.79761873542642359  0.80894678920683805  0.82029156030872663  0.83171408389278023
  0.84327163071224809  0.85495728483522970  0.86674931351187301  0.87862279715729807
  0.89061825954973051  0.90282024538910510  0.91531300442080277  0.92823940020709039
  0.94174476811110308  0.95644438526390763  0.97506051749450817  1.00000000000000000
 -0.00222295092225846  0.00927674777026189  0.01934759362439933  0.02995055953912604
  0.04057897928142331  0.05119812372104608  0.06181564915470910  0.07239092260433690
  0.08291495590627045  0.09337267617300218  0.10386796742752455  0.11441443581147898
  0.12496391820295732  0.13546855329843893  0.14586688665819536  0.15637753567991236
  0.16679951554171923  0.17734363697145950  0.18787212461305586  0.19839816152926065
  0.20895497186745493  0.21940445218398971  0.22995342661837345  0.24040910437922011
  0.25092050216310302  0.26134534116555658  0.27184574369660802  0.28240795048293638
  0.29297457944221672  0.30352750499996256  0.31406757444916589  0.32465883896982478
  0.33522357720168716  0.34571251264495317  0.35615857349478663  0.36664614917633986
  0.37725915220456252  0.38788252913304333  0.39846891396544876  0.40897028489830695
  0.41949015033585935  0.42993869823849529  0.44033138640912628  0.45082198931150452
  0.46131319359013417  0.47174574865431845  0.48218222154782953  0.49255865483671996
  0.50303491880169160  0.51345935513997065  0.52406579618728455  0.53468814100681061
  0.54527287814466185  0.55583604912883577  0.56642371174703376  0.57709856401685966
  0.58775765382343226  0.59843428791674680  0.60901064475216249  0.61958751674676860
  0.63020203935351460  0.64086848059514601  0.65161041357765725  0.66225143315710533
  0.67283641145591688  0.68335385753900246  0.69384469516990455  0.70435702100591180
  0.71481604778001617  0.72532476323057005  0.73585644955547791  0.74640584869601589
  0.75698572966826105  0.76763478079251113  0.77830307316961678  0.78891540611650479
  0.79950957475881301  0.81007490533489146  0.82063416083275031  0.83120384640775802
  0.84182551663162541  0.85240547097830388  0.86291829087341543  0.87344567305941379
  0.88400623835900904  0.89457575151455881  0.90513309396643937  0.91570617898077122
  0.92622664006473576  0.93680204986210458  0.94742737348509176  0.95799204778858071
  0.96851018497983021  0.97892156755970794  0.98944424279401766  1.00000000000000000
 -0.00238121371168647  0.00916125171479917  0.01920615187848025  0.02971519872104780
  0.04021318718756458  0.05069996371042888  0.06115464245710413  0.07165404223433873
  0.08216313039859616  0.09280711485593006  0.10340340973029713  0.11395635015437201
  0.12441444539368335  0.13489976869795478  0.14541932373080865  0.15597456203052204
  0.16651225023794117  0.17706272609578297  0.18764478678288027  0.19830693627868787
  0.20890450574892475  0.21949310948509290  0.23007448366016492  0.24070956603219720
  0.25127358079195528  0.26182724172365118  0.27236937328075400  0.28299182987529992
  0.29356040438415520  0.30409791943522313  0.31458353790923649  0.32515585181494805
  0.33571435057356791  0.34631904254768803  0.35688590632531103  0.36748121202847245
  0.37804343031785431  0.38855995021192380  0.39907619696385344  0.40958611951409940
  0.42018742417997579  0.43069155503077461  0.44120768162248614  0.45173166536263704
  0.46235601190278869  0.47297576676135039  0.48353757875405273  0.49411040063721567
  0.50463815176836291  0.51512163866849681  0.52556828367291575  0.53599851576715696
  0.54644113116150850  0.55681949129696917  0.56730165411340872  0.57777595211531263
  0.58834177653085085  0.59883311023508390  0.60937683334201032  0.61982731911680855
  0.63027579822309754  0.64075602876520132  0.65130343767545329  0.66187798787448715
  0.67244062174902008  0.68303156542836685  0.69371744893382903  0.70432556460898921
  0.71496104187149057  0.72553420576662897  0.73600387402999712  0.74650369163698160
  0.75699691756032317  0.76751862164274998  0.77805080471767307  0.78856754320717948
  0.79919508484013602  0.80973330840494984  0.82038878792072967  0.83100650556145850
  0.84161117384230399  0.85207446616253779  0.86267816321626434  0.87327763752358434
  0.88388310761524436  0.89443090778292433  0.90504952213459999  0.91567298140853559
  0.92625421300046595  0.93678299113049313  0.94731247645823646  0.95780290972329030
  0.96826418890371058  0.97877430892961614  0.98935613758508778  1.00000000000000000
 -0.00234026062908099  0.00940076419566304  0.01952060497665600  0.03005785126272092
  0.04059884843043291  0.05117912485938909  0.06179315375205744  0.07247024039233566
  0.08307369993852400  0.09365238636669838  0.10419392702763018  0.11473082944078955
  0.12521898282243157  0.13562499183399418  0.14599579668832091  0.15640414522093360
  0.16683560852478477  0.17737517760744520  0.18791214557000216  0.19854220923106644
  0.20908757834014899  0.21970527546023827  0.23035322115613224  0.24111290610118971
  0.25177966348698311  0.26237056704804351  0.27296140799947333  0.28353811947481322
  0.29410710433086706  0.30464744577942809  0.31515046872406449  0.32560507673792105
  0.33613862522921423  0.34666460181651598  0.35723770639516272  0.36763094876443236
  0.37817357507412525  0.38874310355494263  0.39934918532686414  0.40992953383624620
  0.42033840148979140  0.43076434181698620  0.44116502065667706  0.45167880307379066
  0.46221860187350033  0.47271894566898748  0.48328669782030842  0.49383404471285630
  0.50439238265593000  0.51483822003079849  0.52535215011920422  0.53592788172747885
  0.54654331619387442  0.55715867966701615  0.56758048101455860  0.57802437637555992
  0.58843993923272009  0.59894333552819079  0.60946601576488901  0.61999018904670933
  0.63058473376452839  0.64117396652559155  0.65175971844559499  0.66227252642891998
  0.67276820704787099  0.68320494135550958  0.69377626441396423  0.70430249560596159
  0.71495988988757109  0.72549602244043099  0.73610363635156795  0.74666030844967046
  0.75722516636688397  0.76785321786125171  0.77830514072050205  0.78876597179196339
  0.79920457763565256  0.80974192664295230  0.82034800808264419  0.83089576290538425
  0.84152743517575601  0.85215060236048612  0.86279455848973086  0.87346640100798090
  0.88418390104196021  0.89478549194991031  0.90534669302158743  0.91566359873463277
  0.92613062104522581  0.93662471084796883  0.94729574709691777  0.95787861009177977
  0.96848382949061185  0.97900413865065949  0.98952339577076731  1.00000000000000000
 -0.00240853142463319  0.00937001171400095  0.01954148999310972  0.03013248618920285
  0.04079174304603980  0.05125234253808063  0.06176999607069609  0.07235566730298687
  0.08285326175525971  0.09333386629739936  0.10386349122591224  0.11457701811891373
  0.12521159072947627  0.13572182672923397  0.14621489595012299  0.15669813968770344
  0.16720480937141427  0.17783170534543830  0.18843216185886430  0.19897267972181135
  0.20938884589105991  0.21983330582334895  0.23023643928246448  0.24070382519784558
  0.25120842008234745  0.26188803178189030  0.27244890929713583  0.28314528582973952
  0.29375423194464317  0.30435609454870466  0.31481392489787718  0.32520074706285557
  0.33571959031916554  0.34619117070176475  0.35674356894062798  0.36730247262205518
  0.37791275119717826  0.38842514477959955  0.39896491263018752  0.40949202002748986
  0.42005790652138103  0.43050078981848977  0.44099505803042882  0.45151849033887886
  0.46212835647783446  0.47264641415884928  0.48319685849986427  0.49381646087101222
  0.50450262858099493  0.51509613104252983  0.52564655797798210  0.53613520255995706
  0.54669961717452520  0.55714463403854764  0.56771046611720677  0.57827430748905795
  0.58899114926606355  0.59960160575523735  0.61021064728832441  0.62072635691547107
  0.63117256339915118  0.64159815557022115  0.65205800373641476  0.66257399196211753
  0.67307892936626046  0.68353172840606036  0.69413928008772230  0.70473199882806414
  0.71529276124951102  0.72571051149545573  0.73619271993054447  0.74675236021699964
  0.75731238479272645  0.76803991789966763  0.77865134168803340  0.78937999854550700
  0.79996078197069220  0.81059357676033761  0.82105395191718111  0.83160363881288868
  0.84203841480658859  0.85257673230218822  0.86299695553456857  0.87345507559688884
  0.88388868869479276  0.89438697650090127  0.90492830840320337  0.91554301553440243
  0.92605643054041420  0.93668273707587868  0.94724941169200738  0.95779937439621277
  0.96847736982013444  0.97900820812181322  0.98957213104759645  1.00000000000000000
   9.1364864867191100E-007  -1.0000000000000000     
 T T T T T T T T
