 -0.00157697904869156  0.00588633476355595  0.01278359044566965  0.01949293429138971
  0.02654199187097541  0.03395512717605174  0.04171333447038443  0.04978178781788834
  0.05809025542639584  0.06663235586618901  0.07534463129935411  0.08418816721261960
  0.09319632998225090  0.10236633016450486  0.11166250341599809  0.12100933403386487
  0.13039973058160403  0.13986419831055025  0.14941742511206027  0.15903479209092741
  0.16870035103703040  0.17841259154365194  0.18818350294333547  0.19801442475481798
  0.20787273983658106  0.21773762066817282  0.22758449496086885  0.23745565206832683
  0.24740005355775133  0.25741646339007468  0.26746250432729418  0.27752121315204881
  0.28761425257610534  0.29772706890634243  0.30787240806950478  0.31801536650356421
  0.32815010610440731  0.33831835370479202  0.34857257785226331  0.35893533812729567
  0.36932845742801929  0.37970844519502384  0.39005680004719218  0.40038979700074806
  0.41072950746159531  0.42105820984998066  0.43135993334813227  0.44168107657220679
  0.45210236108035429  0.46260137545150082  0.47308747044880972  0.48354246943687063
  0.49402305945823244  0.50460233323840575  0.51526641672293272  0.52596813815905108
  0.53666101162691016  0.54732228175154030  0.55798888719439688  0.56864426559513503
  0.57927315279554470  0.58989242485813020  0.60054704424715200  0.61126781337144054
  0.62204458510373517  0.63282004024314986  0.64358478447483025  0.65435274878587601
  0.66512926488477109  0.67592348215056475  0.68675853459771241  0.69766537446490495
  0.70862393502159438  0.71958585195646718  0.73057432971442060  0.74161685693690838
  0.75271598261447004  0.76386167131849514  0.77508195459698881  0.78636642800837719
  0.79769280111278318  0.80903029506286028  0.82043020880442252  0.83191825222108873
  0.84351536270804173  0.85522074947534943  0.86700452721749299  0.87890520714094023
  0.89095202525484363  0.90326313875466535  0.91590620746480544  0.92890612276599349
  0.94246764516791415  0.95710713998754549  0.97560243526099000  1.00000000000000000
 -0.00216785346412633  0.00920303008016028  0.01918173321138815  0.02956791594523556
  0.03997506834886250  0.05046843772835356  0.06092574172145585  0.07141425990883166
  0.08193691318906512  0.09245901176702045  0.10301824189195116  0.11334410638878939
  0.12372481406997668  0.13409629946886106  0.14450326843858785  0.15508770334021316
  0.16557008797374509  0.17629157202504397  0.18690571292459887  0.19760956228960735
  0.20824095804896336  0.21879451437626368  0.22945063277733940  0.24009791412242615
  0.25065299687879489  0.26117408870736386  0.27160641775822902  0.28212484743584304
  0.29259341354230928  0.30303129660790945  0.31351091610305976  0.32399972390642701
  0.33453853086227919  0.34510728205562480  0.35562734857045614  0.36618973247105435
  0.37671021755589457  0.38729133737895904  0.39787031231232534  0.40850417392919447
  0.41911347204123273  0.42968790770400944  0.44021365099272358  0.45079664271000286
  0.46141160434981554  0.47200119680518055  0.48262198483609409  0.49321711390042366
  0.50385637795752425  0.51451506983734763  0.52532887442640408  0.53615799731971836
  0.54690649775159095  0.55758721290841762  0.56818070455295211  0.57878503371517220
  0.58922138029449356  0.59974069557573162  0.61028410723141979  0.62081445603556884
  0.63136869694838904  0.64190371899368404  0.65254762151697387  0.66307217990173584
  0.67362909450504882  0.68407186101537809  0.69449683182026711  0.70486568963053065
  0.71533832464992175  0.72587089721434594  0.73648496335434344  0.74712316137891255
  0.75768863436359879  0.76821454988481686  0.77875776533128649  0.78937916162024735
  0.79999157086807149  0.81051290530537234  0.82111130786428788  0.83157905617596239
  0.84209588535318436  0.85267184427686782  0.86335317463191574  0.87400012559112705
  0.88453858672754848  0.89495951950643848  0.90534036080705615  0.91575468703491458
  0.92623351549504096  0.93670491567993930  0.94711199405070923  0.95764390261926557
  0.96826352416142725  0.97886411924400563  0.98943356569296692  1.00000000000000000
 -0.00233789627261583  0.00906649634870480  0.01901664665218603  0.02952082262447009
  0.04014417538536846  0.05081822761567803  0.06140549523118800  0.07198558890383491
  0.08254860790035731  0.09313521820689097  0.10373829164113622  0.11428528773329805
  0.12490915643043596  0.13538266286884193  0.14585701209623803  0.15638847762046806
  0.16698717595535947  0.17768185358314989  0.18826531072052016  0.19894214404957647
  0.20957034106687641  0.22031162397024653  0.23097659397049214  0.24168550044332004
  0.25216201426988982  0.26257839623248719  0.27294670244523234  0.28340058462522905
  0.29395551709345968  0.30451199532708284  0.31502252393282598  0.32552833057251623
  0.33590655675877212  0.34636730377922170  0.35689069576147353  0.36752526422303267
  0.37804009006091099  0.38841109469392893  0.39885063006285076  0.40941157602927281
  0.41995729758124156  0.43049696108027752  0.44111413375851360  0.45181523609549895
  0.46248312000866743  0.47305923454345483  0.48352788601094299  0.49405141317271878
  0.50461940736152144  0.51529350245940175  0.52586511315543516  0.53639220172130708
  0.54690878148011501  0.55747617431701157  0.56811030230346893  0.57868862981059432
  0.58926721874453492  0.59976317746438834  0.61036425248098791  0.62097496059707757
  0.63150312437477474  0.64196646239005584  0.65233745646160912  0.66270951807137135
  0.67309980435424888  0.68346977943282028  0.69383821321970252  0.70420412682780531
  0.71466199623511206  0.72528967522470089  0.73583795009437192  0.74644518028664952
  0.75698265513817087  0.76767772686511793  0.77837481455365798  0.78899193993888406
  0.79959961677871372  0.81013306294587806  0.82079512873374638  0.83145473902126166
  0.84211145833404277  0.85277917892875121  0.86329650379301170  0.87380202201799029
  0.88428239056711710  0.89479036899408726  0.90542161867901194  0.91608904733172603
  0.92664742521446453  0.93712520567052515  0.94749171133221821  0.95811310145686768
  0.96853026550781418  0.97907631686527363  0.98946805028245532  1.00000000000000000
 -0.00233875297401483  0.00930434790848736  0.01939574754204521  0.02985450024089722
  0.04029925649757351  0.05076783727636996  0.06129492599702929  0.07197359033028275
  0.08265702705596271  0.09339291452113829  0.10411686791455492  0.11478527596931568
  0.12540176431137642  0.13594211841905210  0.14653389958426724  0.15709369243647614
  0.16761433943089432  0.17809272383587432  0.18856389554509104  0.19907011119611873
  0.20943113359143511  0.21983888469453722  0.23026587640215612  0.24085675974198673
  0.25143533592920908  0.26205428363864508  0.27256004292275171  0.28313010927487298
  0.29354117613824837  0.30397677065449624  0.31439039612442354  0.32486915656794513
  0.33537437389725466  0.34585520429056549  0.35634077617468424  0.36683677350651023
  0.37733268060690256  0.38791518316204771  0.39862356265271875  0.40940473515945525
  0.42001568498085284  0.43051796957259753  0.44096635201316930  0.45152655137354736
  0.46207738139354820  0.47257788886404706  0.48310244701074406  0.49368000446090371
  0.50427900483021948  0.51491170861661728  0.52560673950208969  0.53619971385539633
  0.54677651848733300  0.55715852629295926  0.56767382170169833  0.57807607331276500
  0.58859267121512870  0.59918795351014620  0.60979924967397647  0.62039341830543004
  0.63093175702847193  0.64141276341355069  0.65199095570196530  0.66260674840907952
  0.67318150594170700  0.68360594429934685  0.69405301394764307  0.70453775875888913
  0.71509460611059050  0.72563903835141075  0.73637304696574013  0.74702509064509737
  0.75762573109010389  0.76820450852731093  0.77884761823906812  0.78941176491038700
  0.79994623854827240  0.81047955470378852  0.82106140409036721  0.83162908934630664
  0.84213029579881760  0.85271359884473941  0.86323660682616843  0.87371676999810144
  0.88411339341854700  0.89455209429425742  0.90506593854247119  0.91558541740460675
  0.92601451743897445  0.93659447565039933  0.94715202001088428  0.95783666749230467
  0.96843804107017717  0.97906481897206044  0.98957716547898200  1.00000000000000000
 -0.00244311447459069  0.00957017733408454  0.01965414101825217  0.03023522960926462
  0.04075049702983094  0.05142304027476605  0.06211094432476361  0.07271580467633500
  0.08336201632345787  0.09387242473908279  0.10439027544495195  0.11481609470716689
  0.12524904200884759  0.13573083530072769  0.14617763655448651  0.15661949268102093
  0.16711733239173279  0.17755793204947787  0.18809200727421452  0.19854701717274631
  0.20901872250505291  0.21939842902494708  0.22973048227163514  0.24026760505401998
  0.25076595165078003  0.26139690502229995  0.27187937384477057  0.28245587890644297
  0.29296667138695487  0.30350655124098014  0.31395976567133638  0.32436795930760415
  0.33478463593486485  0.34521601095297338  0.35573870526377283  0.36629608087286841
  0.37687916895390067  0.38743254137365135  0.39790051874144144  0.40853916184482586
  0.41916905917561781  0.42987596726436178  0.44033093477806617  0.45074731305730142
  0.46110436648774644  0.47157657238206696  0.48202810456532341  0.49252618490904826
  0.50305948962021152  0.51360302821618120  0.52413635223964350  0.53466890120960686
  0.54535340299727320  0.55600061846828841  0.56659418390683292  0.57703528447066077
  0.58746664699891249  0.59789615060229995  0.60841501932453657  0.61894405289261278
  0.62944247032466683  0.63992120244662565  0.65049028300224987  0.66109004123281701
  0.67170366296469319  0.68232646156891952  0.69302124196062198  0.70374107427541444
  0.71441046472396053  0.72505131877668938  0.73562336285664010  0.74617802557381618
  0.75674598630374812  0.76732096340052958  0.77778141614394569  0.78821496229014865
  0.79862897675629818  0.80915256203930297  0.81967008035289635  0.83017076000772716
  0.84065910407881794  0.85113300503173528  0.86166924641441733  0.87215440791227083
  0.88264313712716747  0.89317713658945275  0.90390215842662702  0.91463391166028241
  0.92540792928860161  0.93615632913017743  0.94698224018970634  0.95772054791540506
  0.96833124139005122  0.97885616455291802  0.98942472551033656  1.00000000000000000
   3.7993676074263291E-007  -1.0000000000000000     
 T T T T T T T T
