 -0.00159679809363501  0.00576475069353318  0.01266362579511897  0.01937583066444985
  0.02639349577900391  0.03378555761859692  0.04151624046874906  0.04956534956383093
  0.05786790973299681  0.06643144386036112  0.07522794623755692  0.08416976698102427
  0.09324660047357602  0.10243118429329656  0.11172519475398385  0.12110397185548237
  0.13053700794576631  0.14002503466681585  0.14956566123127440  0.15917509499601468
  0.16882918460643556  0.17852038328213879  0.18826942789723669  0.19808893725178170
  0.20797565148202207  0.21790523482464061  0.22786080279358856  0.23782549801606356
  0.24779933206100530  0.25780324515263808  0.26783171644566078  0.27784818544067141
  0.28787622746359021  0.29798145743748439  0.30815836312325140  0.31834884209803738
  0.32851480031404329  0.33872742792309385  0.34902850828556731  0.35935155590306206
  0.36962884343982755  0.37987905122470372  0.39016220354875591  0.40050886750931330
  0.41089501885791213  0.42127266756259613  0.43166556901777242  0.44207381714070459
  0.45250051551011744  0.46293866857090044  0.47339157167300971  0.48388708288772192
  0.49438344236677984  0.50484159728108535  0.51530088722039258  0.52583255012049579
  0.53642306241946969  0.54702247318043029  0.55756327446763909  0.56811399729519574
  0.57868243714197265  0.58929959635782980  0.59994714947737915  0.61062962488645223
  0.62134269794211427  0.63209930387706925  0.64289808257786218  0.65373208135705274
  0.66462007988042260  0.67555258535186102  0.68652851334035403  0.69748399457057453
  0.70846591431732975  0.71947494045902793  0.73051665749516415  0.74157305317325883
  0.75265181761200828  0.76376320870980063  0.77487017066306496  0.78596462068686090
  0.79707751074560806  0.80822053771876323  0.81943586149847814  0.83079222916798279
  0.84236555760727461  0.85412667436371059  0.86597635167443143  0.87787774078680314
  0.88990670881453038  0.90217753167082759  0.91478953674694774  0.92784475170009251
  0.94158378659043795  0.95648657313553120  0.97510764219686108  1.00000000000000000
 -0.00238035184728378  0.00951803675615360  0.01975465508506727  0.03039734423798142
  0.04112767700479325  0.05171365682313674  0.06218797504093599  0.07258687903986331
  0.08310143534183601  0.09378520606498107  0.10448631150275876  0.11495748482459235
  0.12537399173266889  0.13581766325037747  0.14637217588833873  0.15683412973065411
  0.16728830429096567  0.17781364132149996  0.18823417075428897  0.19875142410479152
  0.20925829939776139  0.21984960415248428  0.23039337891755210  0.24100781134036803
  0.25159252689892436  0.26220858179310697  0.27282892458142827  0.28336920523871628
  0.29389112113574722  0.30438909468409242  0.31495071245262440  0.32541058247320165
  0.33590210511626012  0.34651568732191718  0.35723278886574045  0.36789747023541691
  0.37849036049352985  0.38908326157532841  0.39970390307965586  0.41038258975446573
  0.42098183226318120  0.43157919394318761  0.44219007695771506  0.45271513752694320
  0.46315670882697724  0.47351901076451819  0.48393697302890082  0.49446576095986100
  0.50505265953700151  0.51568212465268093  0.52622534203458804  0.53682390656303092
  0.54732500306218546  0.55786911719209764  0.56837322578656480  0.57899704500056048
  0.58957584676874630  0.60025612374806925  0.61088282476698497  0.62158909190331657
  0.63208812890950961  0.64262355682979655  0.65318243708979740  0.66377697727062568
  0.67436292514029506  0.68493961192525188  0.69552128462849594  0.70620447917215812
  0.71683063750567444  0.72738844412773540  0.73776067167313331  0.74816350907810014
  0.75873417340885008  0.76932341269289872  0.77987499655167203  0.79045653027632334
  0.80096781508132420  0.81147759052312585  0.82192689879646630  0.83237685239039627
  0.84280123019376585  0.85315718539947738  0.86367340772986190  0.87421816225112048
  0.88471970306788628  0.89523805016763214  0.90573219680275840  0.91625907752901881
  0.92674285889872632  0.93721082639600095  0.94771260717184513  0.95813217948691021
  0.96857227953373493  0.97900847233413846  0.98952591835828663  1.00000000000000000
 -0.00234552028464331  0.00917476820870244  0.01910669494368499  0.02975505795998498
  0.04022182425395490  0.05074213227602691  0.06119690524353821  0.07159857438215216
  0.08199674910701241  0.09248265821896864  0.10302551390996481  0.11357964668982952
  0.12414002117709896  0.13471271945384131  0.14526334597393950  0.15557322335865945
  0.16597577898159180  0.17649208676678105  0.18710163934771781  0.19767024120695958
  0.20822465168796425  0.21881418831893673  0.22937369717492356  0.23983365788634620
  0.25029390597763057  0.26081183935225016  0.27137014687515826  0.28197551250077657
  0.29251029757195729  0.30310708588782770  0.31370063568967388  0.32442724617809665
  0.33499545063776887  0.34554170928170785  0.35598792764194065  0.36660159366968492
  0.37718431447360290  0.38782529094194518  0.39844086657635980  0.40906188031828594
  0.41961634891922062  0.43012601811028001  0.44065425764894534  0.45123152721062937
  0.46180737363529051  0.47238488914348548  0.48298608997179654  0.49356420349806646
  0.50417988967390392  0.51474873560692402  0.52525919418452593  0.53571858527512073
  0.54619095824700348  0.55672310656281709  0.56732825294675349  0.57791134340008687
  0.58861341975101844  0.59933467381519945  0.61004390212372361  0.62072420885218871
  0.63124322418379586  0.64173150385944422  0.65212862600700361  0.66263814212978600
  0.67316141640808214  0.68375196617545242  0.69425119605034480  0.70484710549921015
  0.71535598463579275  0.72590257182190698  0.73638087307465383  0.74701725799900409
  0.75763980827069743  0.76826373400515258  0.77872775345464940  0.78925788396892949
  0.79977263234083318  0.81019708981013683  0.82059455217227173  0.83099888177948600
  0.84155458650249459  0.85216747579638508  0.86282030959202038  0.87349481953670294
  0.88422594207930305  0.89495715317346980  0.90566498353328684  0.91626460331731685
  0.92667376732694429  0.93721535260041655  0.94760623153760482  0.95819833145003408
  0.96860907832074128  0.97906657455726365  0.98951563800326570  1.00000000000000000
 -0.00230644428847316  0.00927435522005295  0.01931757775731138  0.02996810665861540
  0.04057629715289200  0.05118368498871947  0.06182374383100379  0.07249521824310426
  0.08322259362183579  0.09382984979919191  0.10437101907816780  0.11485950109462797
  0.12534448786255956  0.13592176932067318  0.14644885978796954  0.15703632339083204
  0.16754141401956979  0.17813842953635853  0.18875811264931819  0.19938508114192338
  0.21004321213080379  0.22068982467611753  0.23136104311880454  0.24189759023948917
  0.25234576385000873  0.26286910924733564  0.27335867806904690  0.28383697325321111
  0.29424207483238113  0.30476852112555369  0.31530943250962579  0.32591899186448997
  0.33642562801583736  0.34693190901706128  0.35737567741916570  0.36782509065760088
  0.37835408983906532  0.38890379546934628  0.39953712713358736  0.41007383152391891
  0.42060028907130453  0.43111109367358602  0.44161389970242587  0.45212486028552490
  0.46268091992989918  0.47335238525757839  0.48400914157273622  0.49455519258702579
  0.50504634516594993  0.51539634545664992  0.52568080585503707  0.53591668777144208
  0.54633335632976288  0.55685029912479844  0.56743128625553030  0.57796975637299641
  0.58848759594967825  0.59899989545062615  0.60955186796542427  0.62017601094920527
  0.63081880874612584  0.64148830684863312  0.65207159220527411  0.66269679294897388
  0.67327900106711891  0.68391504598442554  0.69441440912321017  0.70491154629899444
  0.71525167274656254  0.72574838258608310  0.73625133069808513  0.74687126052474817
  0.75744001791859161  0.76803495099354036  0.77861635204824864  0.78919065897143237
  0.79963426357597089  0.81006301235312406  0.82058250635984875  0.83117228439602298
  0.84178686659150048  0.85229875307236169  0.86292607747866878  0.87345614976687413
  0.88392563131437429  0.89437766857689083  0.90498817126705544  0.91567605018740739
  0.92629146271657359  0.93686715447515923  0.94741597863581040  0.95791589938042754
  0.96842664281048840  0.97891471432013510  0.98947484368879501  1.00000000000000000
 -0.00237280783287629  0.00954456330572061  0.01969014788915936  0.03032972032127354
  0.04096592185674179  0.05158174259168080  0.06217662358047436  0.07270574719526574
  0.08326410111193767  0.09383786640843608  0.10445972226167831  0.11508162607061688
  0.12553708185179641  0.13609298421204066  0.14651782986050019  0.15699868426006561
  0.16737869046939247  0.17783103605949988  0.18833146067154724  0.19888299078407728
  0.20945180189923371  0.21994678336583864  0.23044886033014392  0.24101769063516071
  0.25166889906625212  0.26235297115019479  0.27303668827318883  0.28363726704083542
  0.29422158161051909  0.30481650610376076  0.31551707772646270  0.32611230465152663
  0.33668257824715309  0.34726843884565528  0.35781874450460782  0.36832531596298562
  0.37878035188607945  0.38929864266271996  0.39981379386424176  0.41033854611983139
  0.42091769694225500  0.43154100240353782  0.44216031592956345  0.45280896920339259
  0.46330241285124801  0.47384892749614776  0.48436346393615615  0.49490444617757789
  0.50542285719466640  0.51594500409564159  0.52655943811658201  0.53710767659941960
  0.54764267557510082  0.55801749350856988  0.56845434683792029  0.57893681103442884
  0.58961634223386006  0.60029843591483034  0.61089306226944229  0.62143698490309451
  0.63194305793883143  0.64249080097520883  0.65306805224440545  0.66365239770801321
  0.67418536472329016  0.68461121641322664  0.69514446249292894  0.70569664628546502
  0.71628179583661522  0.72675752133003213  0.73724291083441318  0.74779385127973175
  0.75834074011954877  0.76888647800659737  0.77933174775022196  0.78989910195631952
  0.80043276206567304  0.81103663618012167  0.82158217207036910  0.83219787146183233
  0.84274152674812286  0.85317658419797882  0.86371795341825375  0.87429793665411093
  0.88487238170423299  0.89541735986239190  0.90592584391212205  0.91647973340653910
  0.92687313448681430  0.93737266914019945  0.94780777405120842  0.95827370338340256
  0.96862032257301045  0.97897840263474978  0.98945004344372944  1.00000000000000000
   9.5205955480518771E-007  -1.0000000000000000     
 T T T T T T T T
