 -0.00181405477427483  0.00619021084510843  0.01346084551560522  0.02054766741217609
  0.02793941365504892  0.03563028437533081  0.04359492197663284  0.05186488124366303
  0.06033743374653326  0.06905596616383694  0.07801810738707179  0.08713219658645682
  0.09634702424074883  0.10562055921012287  0.11503147371027576  0.12455865496579209
  0.13415775080485334  0.14376596569882191  0.15342814929960724  0.16314137444709428
  0.17294615675276132  0.18273957845243241  0.19253463524953940  0.20232132264467559
  0.21222861940633211  0.22222437667818595  0.23226708259426584  0.24229044637202293
  0.25232692641385995  0.26234240313590468  0.27233261425537458  0.28233064424344434
  0.29240962016761879  0.30257902343129717  0.31281601811026943  0.32306843257597057
  0.33329907637244821  0.34349869623695373  0.35365992641543770  0.36382768040762609
  0.37403478766262227  0.38434701261217508  0.39477331533420074  0.40526690870722093
  0.41575297826649177  0.42620010424348831  0.43659935644522618  0.44701198563046984
  0.45745196507668939  0.46786136222344393  0.47820970842811272  0.48854109650079663
  0.49900742509216200  0.50958386342936646  0.52022428684232436  0.53083276261709411
  0.54144751178664763  0.55211974999700097  0.56284269539089404  0.57356063810181090
  0.58426274875560846  0.59494977720806508  0.60566284055598341  0.61632650991196414
  0.62695695882654701  0.63761069291213435  0.64832467054715481  0.65911145861849285
  0.66998047919649883  0.68092784717452937  0.69192011800170949  0.70288224798137500
  0.71385466068295689  0.72489531302258248  0.73596633117258359  0.74701553934371512
  0.75801046028817087  0.76902832164055768  0.78004735687934301  0.79107863774829712
  0.80213893690823002  0.81332869975509414  0.82463343794608013  0.83598071004783525
  0.84741387465866380  0.85902424960932366  0.87081059580150999  0.88263188656518188
  0.89457217543026168  0.90666487309911770  0.91906567019193663  0.93189300483314241
  0.94535177754736688  0.95991409589547738  0.97757515294489938  1.00000000000000000
 -0.00254231409824096  0.00958775132478851  0.01984666080910637  0.03044744700341908
  0.04095740744230068  0.05147086220128829  0.06189635038259965  0.07235366709618679
  0.08277654637480555  0.09342473067735670  0.10412757486152219  0.11475789673852695
  0.12525075216308809  0.13573280829156226  0.14632801958093192  0.15699860700919149
  0.16760369258925667  0.17824459922091593  0.18891217514019781  0.19955153188884570
  0.21015829212869411  0.22062492638233774  0.23111849096386428  0.24156931677563767
  0.25208006719432424  0.26262737851956869  0.27320785180218682  0.28382767197346409
  0.29444810817421896  0.30515399675999388  0.31591252432978922  0.32665994689828454
  0.33727471515474000  0.34784070042602494  0.35833118084968046  0.36887790299257028
  0.37928182089652845  0.38971094663577771  0.40013725035527226  0.41066178598831199
  0.42121782108123462  0.43174154322555247  0.44225384687699454  0.45277059527346436
  0.46324114931550536  0.47366099235958992  0.48402188118699874  0.49438585050826284
  0.50481826110563865  0.51535338191145785  0.52588898123508654  0.53645758914408725
  0.54703800493061827  0.55764963647759525  0.56819869107473242  0.57873649185685327
  0.58927631648604772  0.59987651158827648  0.61043476552260378  0.62101455619078749
  0.63159146081942974  0.64221725001822916  0.65280603959041594  0.66335336797048305
  0.67387495185495883  0.68444663374928116  0.69500498823673251  0.70558244575645590
  0.71605434448253780  0.72664143287580696  0.73716220907684804  0.74776698129753261
  0.75831823291666167  0.76883235259724703  0.77932228867642006  0.78986107500943914
  0.80047090959661760  0.81109313096248670  0.82155052396778083  0.83191262396833954
  0.84226143669747300  0.85264944615592275  0.86310524014910128  0.87355207053856909
  0.88414921274501368  0.89477481021903504  0.90546673643854614  0.91606762964119448
  0.92660632475247784  0.93712338663881622  0.94775676545484355  0.95832746229519350
  0.96874757380693588  0.97907082562500791  0.98953584361826763  1.00000000000000000
 -0.00249248868204889  0.00943352375656056  0.01954042078928502  0.03004203989520866
  0.04049415107283497  0.05094972817741866  0.06135522736463691  0.07185804396489631
  0.08238398983215449  0.09294914131314932  0.10346990346432064  0.11398852268286272
  0.12437911839153035  0.13480803605725603  0.14517362416568835  0.15568164752500196
  0.16615018591389769  0.17669848615886238  0.18725707701548872  0.19770122368042786
  0.20814155273784812  0.21862800210885752  0.22926910641701947  0.23975587003303231
  0.25019526420381749  0.26054161021025857  0.27096697988417701  0.28136614227465961
  0.29183947319384845  0.30242841442882695  0.31296970221565851  0.32347755787555088
  0.33401096244457679  0.34460300412197425  0.35528344693884356  0.36599211544882843
  0.37668441975031003  0.38732698000665261  0.39788564306877139  0.40841157714452231
  0.41888151034472504  0.42940549924597765  0.44000904352104486  0.45064567845613923
  0.46114457062127084  0.47172155510941916  0.48235585794900931  0.49311181849101887
  0.50378524163015914  0.51438256212468880  0.52494459004394212  0.53551690788873729
  0.54608437569845159  0.55659250213748634  0.56715766497623132  0.57773883421255179
  0.58833877122524547  0.59890874682582607  0.60950574309631622  0.62012441551692865
  0.63071429918924993  0.64132453672134970  0.65199445360825115  0.66260493544634824
  0.67326690028736835  0.68388983438353856  0.69455432940048456  0.70508620078720630
  0.71562968179815012  0.72612050991500665  0.73657849694094812  0.74697476641279581
  0.75743657056804392  0.76805559775790599  0.77881191371578373  0.78956994557173044
  0.80022092070331907  0.81083497625556555  0.82147381254459084  0.83217766748626554
  0.84268127963323058  0.85312772435304851  0.86355373676904545  0.87420226835243942
  0.88477407858573409  0.89541013565431160  0.90587123837513350  0.91635614737211191
  0.92666333986205984  0.93700930901906099  0.94731532976794874  0.95781481477679442
  0.96836160813563488  0.97900764228630810  0.98950598817081992  1.00000000000000000
 -0.00238879226549363  0.00944968506479163  0.01964471104847444  0.03013363832734969
  0.04066687120517405  0.05123210299105931  0.06182758299719675  0.07244535032098777
  0.08299598021569318  0.09355633990885545  0.10411264520234378  0.11461008981672680
  0.12502183549127341  0.13546150106672955  0.14593374676324530  0.15642463692660882
  0.16677812652939886  0.17715015122335984  0.18762981271636719  0.19822882516706933
  0.20878836241678855  0.21923257654485276  0.22969798708046268  0.24027912138704821
  0.25090500021669321  0.26149637310615220  0.27208854096661705  0.28272017226594220
  0.29341019320099826  0.30399839370384013  0.31452166971456402  0.32489350462538930
  0.33529086398904362  0.34568394196239211  0.35618212321692760  0.36672628343964908
  0.37731123204433331  0.38793722228985927  0.39854669937484938  0.40922633157917671
  0.41989803909038059  0.43051434853080295  0.44105686643717024  0.45156770466940638
  0.46204214696433438  0.47239489432233772  0.48270826423490792  0.49308459961606393
  0.50353199301781049  0.51416157112344030  0.52482566057981039  0.53544065687229558
  0.54602019428710069  0.55658585991880538  0.56723071937970571  0.57782794297299445
  0.58836722560424870  0.59882761068707524  0.60930787485363280  0.61983730782505475
  0.63052166129639731  0.64112143203078942  0.65170319316630476  0.66226794496646091
  0.67289467770367983  0.68360298278362042  0.69425112116177146  0.70486193858832358
  0.71538933339509148  0.72601113690479169  0.73672343940214657  0.74743555797127270
  0.75806459437378759  0.76863437359409192  0.77921484435197241  0.78980306379048748
  0.80034017049079831  0.81089690736562536  0.82134238916791735  0.83185123599483235
  0.84243010121884399  0.85295342621437753  0.86347723207902760  0.87392102764186763
  0.88464916860591369  0.89535488262754082  0.90598874388603856  0.91655314702024016
  0.92707582621183970  0.93765587554228880  0.94811533274228155  0.95858699003156722
  0.96902557905110531  0.97935857476580157  0.98970648337077494  1.00000000000000000
 -0.00253263744011432  0.00983504805704771  0.02009331347087504  0.03053749700531990
  0.04114373895351672  0.05180866723854619  0.06258001326974563  0.07320340593602756
  0.08378492398798487  0.09435184793774223  0.10497465577829385  0.11560403673281339
  0.12617516352105795  0.13669363992909117  0.14718274246175783  0.15765645691462021
  0.16821480614887738  0.17871639808921008  0.18934148939529993  0.19992975760086865
  0.21049718283695465  0.22101693012250179  0.23159605491917978  0.24224130207741179
  0.25289506947572771  0.26350685271187962  0.27407256042045192  0.28456129920714046
  0.29495800727892030  0.30548400969347328  0.31605145885318842  0.32658500592969097
  0.33710318317276811  0.34759866384504040  0.35815317361334825  0.36872976526634033
  0.37934437519199904  0.38998717910577235  0.40059063526274286  0.41121391045571748
  0.42180171628176472  0.43234603682076977  0.44280131063947881  0.45329424022867293
  0.46384325548167621  0.47437731043410031  0.48490141555436206  0.49535629719382474
  0.50582415203766018  0.51633878842557446  0.52680147637218244  0.53718817533014340
  0.54752493439145677  0.55784322691540822  0.56829060895426775  0.57872642979407862
  0.58915271756796450  0.59961252837436796  0.61015450814197625  0.62078055577193836
  0.63134622531707629  0.64189446031540665  0.65235275488776356  0.66269595856328367
  0.67302371854392173  0.68341369385518769  0.69386806213062491  0.70427670011686361
  0.71466838219254736  0.72508574149863647  0.73568562807196869  0.74634418508270572
  0.75704433514874303  0.76770524434124565  0.77835579574354541  0.78906419147983431
  0.79965319717694172  0.81016024543642340  0.82066909761678841  0.83122906000056329
  0.84194186820636241  0.85254810502554801  0.86311551011516796  0.87363498283951091
  0.88415138048037245  0.89466869754363332  0.90523651430655994  0.91581337805111107
  0.92643919679082476  0.93696584126312810  0.94744002393224191  0.95793063125636913
  0.96846198799820682  0.97909048653838449  0.98957255719151194  1.00000000000000000
   1.8308975547223448E-006  -1.0000000000000000     
 T T F T F F T T
