 -0.00189965422158567  0.00611003877500924  0.01339012295278996  0.02048432333072610
  0.02786035931734855  0.03558877450216751  0.04363466379367566  0.05195375976031374
  0.06045824127449582  0.06915391297452743  0.07805202691135829  0.08709757357130858
  0.09630956225697318  0.10562624440323445  0.11510009501757945  0.12461670387784853
  0.13414211419825667  0.14372795910196232  0.15337228847573439  0.16310491706449354
  0.17286749730699838  0.18265311508621562  0.19245541818384529  0.20226125952786256
  0.21210132642431051  0.22201076161749927  0.23197889108103420  0.24199060975881725
  0.25195399954837067  0.26189188378077821  0.27185538510871909  0.28184464525914810
  0.29192933582133657  0.30207362483351591  0.31230169869553132  0.32251092519492142
  0.33271768706806532  0.34289613512600253  0.35308199371216331  0.36328958135532630
  0.37352857863770922  0.38389147160820375  0.39431423616844274  0.40471672720484436
  0.41514525206628000  0.42560785628626746  0.43609692348881762  0.44653225474396391
  0.45696441013572103  0.46743832890393339  0.47793803545677904  0.48842017344170291
  0.49889503045914624  0.50939374944523108  0.51987049919736961  0.53030083152896512
  0.54074005378761458  0.55122338918265501  0.56180895196636904  0.57245962943601869
  0.58319813001866483  0.59401592295242123  0.60484247329389373  0.61560175311694054
  0.62634848826496436  0.63713754231185993  0.64809878360214601  0.65907749837495366
  0.66998888557397784  0.68074522714902574  0.69153118947131520  0.70238429091090093
  0.71333456528855921  0.72425820019146958  0.73523883234526988  0.74623705363557080
  0.75728053728609779  0.76835332837311310  0.77951704674443278  0.79080409955527187
  0.80222017198152573  0.81372430075346114  0.82523623148783110  0.83669492402613366
  0.84808354396519647  0.85953986611606703  0.87112367788162337  0.88284313179836471
  0.89470265033948304  0.90677485985431727  0.91918671261146989  0.93202269860765241
  0.94539176434006900  0.95985991646952840  0.97750920677560349  1.00000000000000000
 -0.00241632503063509  0.00951117712834232  0.01969333673518397  0.03020614810219829
  0.04071107926278934  0.05122911438762767  0.06174143324588081  0.07229013671883448
  0.08286590708044880  0.09344106259370188  0.10396702579332807  0.11443295188080160
  0.12501014410821384  0.13559431513135731  0.14611814086240646  0.15668340971066499
  0.16719304143446492  0.17773922688703664  0.18820323332876296  0.19872692493766431
  0.20920399290331473  0.21965890448621705  0.23025348734827797  0.24099370877407392
  0.25166048784817802  0.26225265341421827  0.27276449069766784  0.28343064942073526
  0.29408723451583485  0.30467437268175079  0.31520750208243825  0.32580674666788639
  0.33643990672075491  0.34699796738906091  0.35758087891082568  0.36818123751320436
  0.37889757801672996  0.38949399479433977  0.40007304901455271  0.41062048018646996
  0.42122946981420789  0.43195479090867284  0.44269486233040761  0.45346035640460441
  0.46397526442174475  0.47450279403289158  0.48493515999586689  0.49542233789686241
  0.50579403735615536  0.51621052484653240  0.52665826128898396  0.53718080528144918
  0.54764208895095523  0.55821405868824336  0.56881375289715974  0.57938404622110340
  0.58978950976333711  0.60025736032893828  0.61072335976680925  0.62128032760247920
  0.63174248665279198  0.64227804139753941  0.65281595144151616  0.66343256438475395
  0.67397737377176059  0.68444450844701521  0.69486865861958513  0.70532699631370410
  0.71584582636425054  0.72636522152198713  0.73695722188205504  0.74747950133634578
  0.75797630242290026  0.76836379138260980  0.77884026028661968  0.78939785696033204
  0.79995955634812077  0.81052423528226447  0.82099447236079914  0.83147167623014873
  0.84197601696912749  0.85254335679848225  0.86299971613609094  0.87340766530731517
  0.88378829354229749  0.89414498348516736  0.90462958652230463  0.91501560608857624
  0.92565013399563378  0.93621019239123804  0.94690911922184162  0.95760564851757690
  0.96816415267634892  0.97873193171850337  0.98931694208319809  1.00000000000000000
 -0.00249626381411002  0.00960833252387861  0.01970328810048517  0.03011560884285567
  0.04058942046035235  0.05117484794172433  0.06171297452518471  0.07223190506522847
  0.08278914414883332  0.09336710679501294  0.10392626609801182  0.11451911603734043
  0.12520773990206069  0.13577196856673079  0.14630365176660279  0.15674943581487466
  0.16724769445196941  0.17769737458983584  0.18814752436267518  0.19875578999141014
  0.20940738934615605  0.22000640143179281  0.23051133088051112  0.24105659658113388
  0.25170296225714939  0.26233378044759564  0.27299193384120857  0.28357701901018573
  0.29407228322073492  0.30444606072536584  0.31497829787560166  0.32556129357176317
  0.33614361583867103  0.34659708013085833  0.35705935589022680  0.36760355094587999
  0.37807611544671044  0.38847137951899691  0.39884944011479251  0.40935572745992077
  0.41997165286919491  0.43049556675907857  0.44106382938569005  0.45157978164754325
  0.46220509286981898  0.47276319979136433  0.48334853330452204  0.49390914202078007
  0.50447249204276201  0.51511463951551206  0.52570160391991227  0.53628106219320071
  0.54681369904554289  0.55738543074329194  0.56797982225952692  0.57857651871404059
  0.58913117666555281  0.59950330646001981  0.60984916201739892  0.62028793073276467
  0.63092560792740893  0.64154982665028593  0.65209637746981441  0.66265417312951813
  0.67326143744515199  0.68392563809314832  0.69452695212173288  0.70514239286969327
  0.71565638128841647  0.72614836235316027  0.73658937680700620  0.74702910865050343
  0.75759027843793370  0.76819777360378250  0.77894683822354771  0.78959469897953627
  0.80015400763021483  0.81072166022315628  0.82130793805132740  0.83194452464913737
  0.84235261905151582  0.85273969792629767  0.86313239012547471  0.87366320360666061
  0.88417599847128081  0.89472311103594382  0.90526176163163363  0.91577358090239869
  0.92637485676639375  0.93695206187937929  0.94756223754366309  0.95813691010729085
  0.96861887339852948  0.97906886668444992  0.98949314801434418  1.00000000000000000
 -0.00242510528477102  0.00972011646244802  0.01989891426608282  0.03043373219929095
  0.04103154345676659  0.05175562273312706  0.06249529596609967  0.07312512901407285
  0.08372782564811386  0.09425842888281884  0.10469766032663226  0.11513401564036453
  0.12558490401516256  0.13614522413662591  0.14665290825975807  0.15719565266968547
  0.16769512608572659  0.17815370939734018  0.18850589724118080  0.19889870723187555
  0.20931107833716053  0.21978962503190277  0.23030320477317826  0.24089005580391676
  0.25139038356260801  0.26190062879584708  0.27232202546834527  0.28280202733326359
  0.29338899783506250  0.30406528069847194  0.31466119454868957  0.32516529432248037
  0.33574090816781410  0.34638266218475766  0.35695470652762112  0.36737663609035598
  0.37785469300865343  0.38827718589772431  0.39870886727304461  0.40923067219987685
  0.41978829568740539  0.43037656278395481  0.44083608290767834  0.45138418970196792
  0.46202645346245308  0.47281200336844492  0.48348653326075391  0.49410378044401265
  0.50461772929142301  0.51516610023838849  0.52565232650441884  0.53607567366735065
  0.54649767582939657  0.55691112277933708  0.56751357525472212  0.57818928293354110
  0.58893932473805943  0.59954909999691541  0.61016608125727301  0.62070160279974851
  0.63119940494236371  0.64162353971028896  0.65214288486272298  0.66275577184428747
  0.67331316588056733  0.68380117077582192  0.69427202703335766  0.70475219799029654
  0.71527816563744162  0.72567340730517804  0.73611424549105375  0.74658056386385963
  0.75714113037743602  0.76786795467692570  0.77858578857354388  0.78933305026136802
  0.79994888916628837  0.81056488378859259  0.82107622041188544  0.83159426035202477
  0.84208158880860529  0.85265514552306654  0.86327405486381770  0.87386130213146629
  0.88430600721772823  0.89478557655822388  0.90525728655388582  0.91580912369719147
  0.92628784299392319  0.93687014019050463  0.94751113877340920  0.95805788554596250
  0.96852189917970588  0.97898311069683008  0.98952109093800533  1.00000000000000000
 -0.00239774931072946  0.00952960921517273  0.01972409894203871  0.03026210549511055
  0.04089641165227530  0.05168813725051574  0.06248752153449746  0.07316499281676815
  0.08380453157416197  0.09445291364946440  0.10514779233529846  0.11571200505604992
  0.12622143892960017  0.13675562360560356  0.14735322770917850  0.15793143972270873
  0.16855435539220809  0.17922000778217520  0.18979785366505117  0.20021856085017950
  0.21071818396826017  0.22128221683020985  0.23195547661779747  0.24255258694736007
  0.25314346621993361  0.26373480831610840  0.27428333773766783  0.28483209702431489
  0.29536412292483527  0.30579614567031616  0.31622886473494149  0.32664403772427303
  0.33718999906170161  0.34778209652059228  0.35841380771541603  0.36897845101428350
  0.37944810442269078  0.38988356659351781  0.40035844879455590  0.41084999855476612
  0.42131672027941103  0.43183668003294279  0.44246927783252327  0.45307658091843556
  0.46350598823759143  0.47387715066810576  0.48437881145780415  0.49492781109898815
  0.50542160365703326  0.51583668826333395  0.52624299999333080  0.53669027885974618
  0.54715821637662887  0.55776451886737533  0.56829015401330096  0.57882451963769488
  0.58941422788545628  0.60009588634883071  0.61079699010770905  0.62140515421216258
  0.63207379884780712  0.64275048906866061  0.65333795859016119  0.66381633302286513
  0.67428950873180604  0.68481775658735455  0.69535738840525674  0.70588841733883811
  0.71642109419293121  0.72698277112795273  0.73741734063487352  0.74793792360934619
  0.75837676480365046  0.76888123418983789  0.77927879517402843  0.78969189152025343
  0.80011345572763026  0.81051800278296360  0.82100258831470596  0.83152866231191680
  0.84211927305966328  0.85266508869987967  0.86324298991414050  0.87381520668288348
  0.88444389442994908  0.89505829409917725  0.90568143854704397  0.91629883287013680
  0.92683074331469362  0.93738988772180454  0.94785881165277630  0.95840005751820367
  0.96875217576209527  0.97916770055369284  0.98951844779995290  1.00000000000000000
   1.8214499306549489E-006  -1.0000000000000000     
 T T T T T T T T
