 -0.00156324425582413  0.00562234114424357  0.01241657803514234  0.01908382022132537
  0.02609871743765635  0.03345363147031671  0.04111652999858893  0.04909250208907909
  0.05735312037772617  0.06584678178015996  0.07454249117709824  0.08337367078331537
  0.09236516564549481  0.10152077199775780  0.11078832838036279  0.12010817456465235
  0.12946073643790951  0.13888907943635798  0.14840680503588069  0.15800791127679803
  0.16766487575441455  0.17735634619568111  0.18709998560361640  0.19693003856433206
  0.20685993183515625  0.21683194243908796  0.22679114743134207  0.23674183458998427
  0.24672713404715210  0.25676931119438706  0.26684994865470979  0.27700083659942970
  0.28722447538818496  0.29744412740002807  0.30761058842438155  0.31774133008438232
  0.32791425218021741  0.33814838953165288  0.34839549355583027  0.35866267306534189
  0.36895153172532241  0.37927626233067813  0.38964765982226224  0.40002472801497385
  0.41039805474123831  0.42073785125300750  0.43106504073472302  0.44140446263276339
  0.45176412051480153  0.46216276158046127  0.47259180419155961  0.48302420626081438
  0.49347935386098268  0.50398753335977509  0.51458279502594995  0.52526083506364551
  0.53595574564832527  0.54660556671680360  0.55717814942298194  0.56771991067832595
  0.57830357452228498  0.58894174082602391  0.59963210517976551  0.61035170566116315
  0.62109965931346167  0.63186559280481525  0.64263514662196242  0.65343326956017944
  0.66426943265350391  0.67515116560573807  0.68610173153644394  0.69708335807986632
  0.70806132565991986  0.71905763089659547  0.73011419460207017  0.74124872755787541
  0.75240392115483001  0.76355977652297868  0.77473618061500149  0.78597909275739442
  0.79730106701739978  0.80863995273232303  0.81998842073473510  0.83140252843930518
  0.84293035466792643  0.85457607667852709  0.86634179543393552  0.87826475792981251
  0.89036157291945528  0.90266712870056076  0.91526179858641432  0.92826701947156232
  0.94189976608730286  0.95665567550732888  0.97514869321291975  1.00000000000000000
 -0.00230897405981364  0.00931667467383399  0.01942196879422068  0.02994732268321863
  0.04045715622144268  0.05091499039067943  0.06136546547410503  0.07186668526192880
  0.08242767236482204  0.09305071623553146  0.10368917870374984  0.11433204676761807
  0.12489411781416933  0.13553693491876390  0.14617195892491391  0.15677346227049177
  0.16723584194266111  0.17772502092739034  0.18828535342008773  0.19890296128604806
  0.20946662037338024  0.21996736934831967  0.23051453974308622  0.24114036136415351
  0.25176129490777127  0.26232182558413764  0.27288260551176563  0.28346558749624634
  0.29402561443680586  0.30451018085223402  0.31500936869297452  0.32551852841357126
  0.33611162632057762  0.34667841591063797  0.35720869157401086  0.36767182868478004
  0.37813030295596206  0.38856666351442065  0.39905376739527032  0.40960062624598509
  0.42016306480589027  0.43074396393238523  0.44132661880943147  0.45195249882877292
  0.46253671198458213  0.47318434030732587  0.48374591287382751  0.49427285254874481
  0.50467260874782249  0.51507804376060418  0.52557057623807213  0.53612848749042230
  0.54670386841063690  0.55729217402098563  0.56782478656308832  0.57840190779552170
  0.58884405928540051  0.59934445200690489  0.60986502157680833  0.62047160897144038
  0.63106666502754138  0.64162906877033610  0.65220377482319714  0.66271844784101119
  0.67322444055835207  0.68368698762398106  0.69422061344805652  0.70477969668006890
  0.71531162054681718  0.72574035370588741  0.73621895894900247  0.74674446843395792
  0.75746942145316376  0.76818246632568099  0.77879445932896274  0.78936941127850302
  0.79995978462569828  0.81059823811316589  0.82122191414269818  0.83180403327764596
  0.84238816234394176  0.85292319696567820  0.86341183315057879  0.87394246566518963
  0.88437496559874840  0.89492234136394433  0.90538323615766569  0.91592486957912977
  0.92640673863527545  0.93691333049989001  0.94743262480338475  0.95784707696951477
  0.96833728976767230  0.97884660940380652  0.98941308304624220  1.00000000000000000
 -0.00230722820352051  0.00939237666240036  0.01945392053105683  0.03003422889144662
  0.04048991124284242  0.05100900533146027  0.06142425924867205  0.07193484689447698
  0.08253085426781166  0.09323528717302390  0.10385373974372529  0.11437103037408620
  0.12487283736378671  0.13543564324167776  0.14593432371193554  0.15634837368179230
  0.16670960483846156  0.17724190686132096  0.18783360331909893  0.19843540809784030
  0.20899098442818997  0.21950038397866456  0.23004650079682734  0.24058353951634748
  0.25123537562732545  0.26184688490939179  0.27252086166190648  0.28323254224149480
  0.29393026057110111  0.30458827332844129  0.31522305199698919  0.32585652054014314
  0.33646532994427258  0.34701452930102855  0.35759529355043884  0.36813224448141324
  0.37865792123521713  0.38917775848861802  0.39969448740988506  0.41027902124101862
  0.42085186965451210  0.43146525545389935  0.44204872038060494  0.45261284438210769
  0.46321965938999698  0.47377583331494882  0.48432520587780825  0.49486183403605644
  0.50543490859005802  0.51603761086203359  0.52659044907518593  0.53709743539765920
  0.54753974063800870  0.55807502737496761  0.56854738902463298  0.57915667123784798
  0.58967817071565642  0.60030841137963675  0.61078464600428117  0.62134747321333272
  0.63184815907304137  0.64239566373015200  0.65272802978432820  0.66308795906516782
  0.67344721406146146  0.68391098859648669  0.69438075434189150  0.70489084390952805
  0.71537530539155658  0.72594769675463566  0.73646019140539565  0.74699971190456282
  0.75759774884359543  0.76821251832192328  0.77882045958940449  0.78930279791240698
  0.79978368464030403  0.81030228106073110  0.82090582082476193  0.83155011876432827
  0.84220675596224848  0.85283310870869811  0.86352006407013837  0.87415191610104781
  0.88472052947154267  0.89526721721485014  0.90579070406424800  0.91624120185819347
  0.92668111440314893  0.93709291064110745  0.94757968557115790  0.95804463964444786
  0.96860536287894705  0.97909447948958883  0.98959295754756127  1.00000000000000000
 -0.00238036626589843  0.00955413755126129  0.01973524648248296  0.03034930586741346
  0.04088351118641181  0.05140736783761435  0.06201551360843698  0.07249966251008841
  0.08297842768746219  0.09345891790445465  0.10399550802810638  0.11451393730982243
  0.12498270618267751  0.13549914300663707  0.14602108891301033  0.15656440449460135
  0.16706185629987527  0.17752547727696227  0.18801957497856064  0.19856337365044782
  0.20916207315945251  0.21972982469546298  0.23030265882761611  0.24080418246918375
  0.25127437336614622  0.26180155997783522  0.27230096730167502  0.28288192424204489
  0.29345450711877319  0.30410671880092494  0.31470267051302286  0.32518631664994468
  0.33558442592401200  0.34598541123559817  0.35645638441288041  0.36697413796457012
  0.37746013813862994  0.38800826542179356  0.39857909618718063  0.40920665952625918
  0.41969080321258151  0.43016534468680484  0.44059977139213774  0.45113805026085352
  0.46172157421113619  0.47228900895614861  0.48277592146902032  0.49326298992215528
  0.50376157310544623  0.51432901318138324  0.52482929096493236  0.53539015719494676
  0.54586916126126928  0.55646251345180264  0.56711839902231675  0.57781897210507760
  0.58841560856741471  0.59894518502123528  0.60950293533611322  0.62005495469367622
  0.63065721916118078  0.64129093846990892  0.65194112370850932  0.66258233945623535
  0.67307003885384009  0.68361018829650733  0.69411037463401926  0.70469197545353046
  0.71521237703599294  0.72570506656658196  0.73627005281116698  0.74682982331895353
  0.75745459420465822  0.76800410675831887  0.77849111913368885  0.78899189073983877
  0.79959962725344991  0.81021088347178638  0.82078222301208303  0.83132540038559122
  0.84192215759629885  0.85252204478629179  0.86307776836542527  0.87369628930452370
  0.88430380047512358  0.89486181378512897  0.90543770777297150  0.91595060497903924
  0.92645571653786041  0.93691913220552703  0.94752598849092595  0.95804897411143830
  0.96857165131790335  0.97901340837080253  0.98958603479878493  1.00000000000000000
 -0.00239979838326254  0.00935577248456044  0.01948968157189697  0.03006564777670049
  0.04073395623430116  0.05133512084755741  0.06195892014635451  0.07253595289353056
  0.08313517054382427  0.09367759014055368  0.10424552121682397  0.11475478147910341
  0.12530535714699576  0.13574506199384831  0.14615250830778273  0.15658271598193330
  0.16697944437318510  0.17751488655036002  0.18792145908517377  0.19837559827481491
  0.20888882611481530  0.21934960743616827  0.22983114950252892  0.24023200539646636
  0.25082924599764028  0.26143355951478614  0.27212506057184127  0.28271875857118711
  0.29340446110689039  0.30393342255925471  0.31449747929800176  0.32505094189428729
  0.33560830704536471  0.34615540927347177  0.35669208000711816  0.36727501808882307
  0.37785798629509654  0.38833809582079337  0.39883122807835392  0.40929014402700431
  0.41986248361807199  0.43031325571380441  0.44083580631573632  0.45132480429199984
  0.46182271994263691  0.47238348228560340  0.48300612100115226  0.49368589885714675
  0.50426250215588575  0.51477066036011931  0.52546686616691851  0.53611837466616363
  0.54670957834197664  0.55721369260636266  0.56779064328150142  0.57839959430290577
  0.58897641278518498  0.59952768897430475  0.61010650888687457  0.62064109452553828
  0.63119972113944534  0.64173084355586330  0.65230820998865602  0.66283198006959188
  0.67339011941769689  0.68399122626044695  0.69454739001242749  0.70507477524673190
  0.71558609891887781  0.72608897237163583  0.73665087281479691  0.74711942153424427
  0.75768271719190727  0.76818861800735916  0.77868400151323225  0.78912155299385300
  0.79956187928922973  0.81000418139998909  0.82048695370315017  0.83095740442060406
  0.84139791891168469  0.85190281047861449  0.86242370934085011  0.87292406250570209
  0.88338353466357988  0.89395016643995751  0.90459857780956532  0.91522801540201948
  0.92584246289772054  0.93650953271582016  0.94702103541881311  0.95765291097544791
  0.96821322802785226  0.97888619585018966  0.98939539911669216  1.00000000000000000
   4.9291190883053257E-008  -1.0000000000000000     
 T T F F F F T T
