 -0.00154741661337939  0.00578167691443577  0.01242185627883662  0.01904402610299175
  0.02598909981068503  0.03335172787130020  0.04106883031110316  0.04911882177154997
  0.05742470700903667  0.06596529767567311  0.07471218169203785  0.08359939872217387
  0.09263015225446576  0.10176730863297156  0.11098244462396267  0.12024652257403115
  0.12958722042818835  0.13906944173493463  0.14870993955744008  0.15845120412465799
  0.16821522475907572  0.17794722022795714  0.18765919890759844  0.19740640355610170
  0.20716428475017126  0.21697859418349952  0.22685818895735038  0.23685122079913037
  0.24692218514203970  0.25698380936725312  0.26703496849929709  0.27712809974943181
  0.28727707745834985  0.29746322918279738  0.30770192822683240  0.31795485317148042
  0.32820438562845339  0.33842832022181207  0.34869133385139106  0.35900542354763670
  0.36930978139675547  0.37960777015845087  0.38994146917123240  0.40032263932290002
  0.41069156046344674  0.42103932557158652  0.43139476232786994  0.44183222772065317
  0.45233363320151188  0.46283959384454532  0.47332329734210804  0.48379256102378448
  0.49426880681419305  0.50472420351738734  0.51518268250963517  0.52567160131028701
  0.53618572153580213  0.54670786348807565  0.55724482236135242  0.56777739240005709
  0.57831344935888462  0.58886472574658089  0.59948973235126934  0.61021470469912709
  0.62101166261216301  0.63186533449386850  0.64269071772150954  0.65350345583319625
  0.66436758788226313  0.67533723313663863  0.68633283841697845  0.69726719258209735
  0.70819583340842407  0.71913621115718263  0.73009629761057204  0.74105407850796756
  0.75207352668495164  0.76319503819308399  0.77443285980435006  0.78574510448001655
  0.79710560271261233  0.80851406898583567  0.82002728669364100  0.83156855184810508
  0.84311449072613842  0.85474277451325076  0.86649690678598656  0.87834139460137206
  0.89035373450229160  0.90264983885160277  0.91525047477836952  0.92824119771359859
  0.94181957159555540  0.95656208141082455  0.97512148467918858  1.00000000000000000
 -0.00233842760443867  0.00967529859811176  0.01993440859845576  0.03064023233663605
  0.04138010273937373  0.05190596272068453  0.06233148212481810  0.07263411534678044
  0.08311802273412604  0.09363261542009728  0.10409872943299119  0.11462534134646096
  0.12519275737262953  0.13583101719639507  0.14636385769678242  0.15672680356211319
  0.16707421820995916  0.17748867852117195  0.18803718175890277  0.19864654109714847
  0.20927617149688213  0.21975560156261625  0.23014236445226857  0.24060893389083507
  0.25120860855163196  0.26179342016736307  0.27238691779179020  0.28293774824155105
  0.29358883841755790  0.30414130690103791  0.31466579187323740  0.32510517489997548
  0.33558719798985004  0.34607532393565538  0.35654089027885599  0.36700987468386559
  0.37754165813206969  0.38810020549946506  0.39865082978913791  0.40913163871339780
  0.41968162832738243  0.43027125631074103  0.44092063139792687  0.45148921106258788
  0.46201669716242222  0.47253404769627122  0.48301083398422112  0.49348518194196556
  0.50391927188296981  0.51441841763052343  0.52485539779731671  0.53530487761217138
  0.54570165589915198  0.55616015276059239  0.56668953596248639  0.57731124119542010
  0.58789125524971542  0.59847439487859455  0.60903405181859271  0.61963746396506914
  0.63022434798904969  0.64084767349015281  0.65149940882480717  0.66202815061236153
  0.67252531579549368  0.68301245568419811  0.69353634367366956  0.70410000410833684
  0.71462607198271799  0.72528064606355291  0.73581074938082147  0.74631034419181552
  0.75680818932522820  0.76731676062474274  0.77791817832760191  0.78842502138497150
  0.79903019153810917  0.80963560078150931  0.82013609252603814  0.83070968058380190
  0.84125048781277467  0.85187127144840336  0.86240400254041671  0.87284220234793841
  0.88329246243790582  0.89382100381565144  0.90453875033470588  0.91530427590526531
  0.92593928092749211  0.93649325254129467  0.94705913104507766  0.95774885084997374
  0.96834889695987691  0.97889655864677549  0.98941478426296281  1.00000000000000000
 -0.00236665714729291  0.00955784188363457  0.01964020314247841  0.03019785356398291
  0.04058577647909436  0.05115239349124680  0.06162162329396114  0.07231922430077847
  0.08291079632596048  0.09370307010483568  0.10440069718267853  0.11500962046456353
  0.12556312434625841  0.13596110960724322  0.14653150908907481  0.15715940029751149
  0.16783509887998804  0.17844532449026870  0.18898364539119281  0.19956032603058760
  0.21016526708897415  0.22079819917718119  0.23142146274734041  0.24198519152613512
  0.25250378280235414  0.26307586895234458  0.27355174809564919  0.28410955543113109
  0.29461761779526824  0.30515112482377316  0.31572377838471399  0.32621147303552350
  0.33677538874868701  0.34728195997225542  0.35781545586599933  0.36828149725262205
  0.37875205049540078  0.38923202081836078  0.39975428135840957  0.41023799389916898
  0.42074949851738258  0.43130112924032038  0.44181101463318762  0.45246229868193683
  0.46307580539365928  0.47384104171192359  0.48452199965743098  0.49520406449883542
  0.50578134642223516  0.51626526077471557  0.52678203900266218  0.53731136677004798
  0.54782835054196199  0.55832082377968373  0.56885813015227216  0.57947682323795058
  0.59004677034018005  0.60067991508900687  0.61128174132823532  0.62189840861777590
  0.63239114159081911  0.64290424033669580  0.65337910322881754  0.66390863886554063
  0.67450739904099821  0.68511773246390062  0.69574187428094103  0.70621323384185686
  0.71670176413285369  0.72716893974519103  0.73769368882645248  0.74824134488725003
  0.75864869496789478  0.76908942665973734  0.77965536551900638  0.79030201329997762
  0.80084427003039604  0.81135835960204739  0.82186892810768419  0.83247356810693085
  0.84299690838913310  0.85338076155775788  0.86369124480711978  0.87400251561275899
  0.88455903146849280  0.89520188288908997  0.90575269305938377  0.91632221492877453
  0.92677248733582585  0.93730881545964229  0.94777390212765678  0.95828289460394678
  0.96872327469724284  0.97910646886873398  0.98957119110980352  1.00000000000000000
 -0.00244022395441549  0.00955826808418939  0.01976772284681955  0.03044982733184287
  0.04108573355160516  0.05154236747971597  0.06197579102442099  0.07231878894296072
  0.08274022835705808  0.09310204519363137  0.10359450673940442  0.11435359511767733
  0.12501441405708583  0.13548716278200976  0.14577146840926558  0.15639098189736012
  0.16702278379966026  0.17762952555045969  0.18822679894226732  0.19888157935625439
  0.20948865901193012  0.22009022131152348  0.23068096701950511  0.24136726090963900
  0.25193733254589157  0.26253367425687008  0.27310959501845916  0.28365069162018691
  0.29421247257696609  0.30478883282325187  0.31541195717365728  0.32598843955485324
  0.33653202233885876  0.34698302401596015  0.35740692427263532  0.36781610833319067
  0.37823145103354217  0.38870117741187687  0.39918438863328704  0.40965742898821655
  0.42018538388748067  0.43081938500373951  0.44149855255607928  0.45219810512166903
  0.46280493638569897  0.47334361378357631  0.48382595241697512  0.49433024650674312
  0.50487326904153540  0.51541391688810978  0.52590028516431930  0.53639056948816244
  0.54695279474725145  0.55753364501599489  0.56818439406416743  0.57881040761202540
  0.58946151868471153  0.60008405901041839  0.61069480196596182  0.62121594716062856
  0.63176948602123251  0.64234189270249753  0.65300473851013818  0.66359564906801360
  0.67427303116670512  0.68482840606414452  0.69541732839324499  0.70585544953188650
  0.71641847279371884  0.72689583351470599  0.73735964541170140  0.74777470785766187
  0.75825623133736242  0.76875577145538065  0.77918211014362559  0.78956633675479837
  0.79997550287902208  0.81050934960470145  0.82108809899151636  0.83163744173381404
  0.84218721953306031  0.85264820538707076  0.86305776463196004  0.87347487394997148
  0.88401293464719188  0.89465715467098827  0.90515719528007466  0.91564685715919159
  0.92611108388582819  0.93660861013221974  0.94707590711932821  0.95753894726576860
  0.96825600378247034  0.97887952400657741  0.98948109942900786  1.00000000000000000
 -0.00240501939719585  0.00941813611287458  0.01948389132482059  0.03003900857666832
  0.04062441308860682  0.05114555602667777  0.06172082900248242  0.07222447987951051
  0.08280655795568008  0.09336599244157345  0.10392239532182081  0.11450454551378277
  0.12512465764128319  0.13567966763419176  0.14625374169653732  0.15676830878121847
  0.16736342925973896  0.17787401591113269  0.18846743486606979  0.19894193610037467
  0.20952975560632386  0.22004895960724893  0.23071643496972236  0.24124965247487226
  0.25181936630051494  0.26235329489449977  0.27291866055610414  0.28345762138485991
  0.29396150399992116  0.30460209328456339  0.31530613309825062  0.32597511282723474
  0.33652452774821212  0.34704338199071560  0.35757933271239084  0.36811190960905638
  0.37856933426564227  0.38904046872188552  0.39952738590600018  0.41013805269777409
  0.42079201614908535  0.43144579983521042  0.44198989695226371  0.45250046409773637
  0.46300667485091734  0.47348451245028983  0.48393901322937299  0.49428204362740602
  0.50467399461057216  0.51509639271882102  0.52572378687821875  0.53632595302389940
  0.54695559754576772  0.55755462738564221  0.56818121204026939  0.57873484873497649
  0.58931523490671744  0.59988834016571868  0.61045452007035017  0.62101452783620226
  0.63160245710383112  0.64229193752113733  0.65290220506602892  0.66342732755007949
  0.67393646982153421  0.68443590047014469  0.69505805782541696  0.70578846628706049
  0.71649337844296834  0.72716365845341346  0.73774338502655723  0.74839423462944610
  0.75902273561784273  0.76967077904687231  0.78020120823806005  0.79067428546892526
  0.80097397971333495  0.81122927889290519  0.82160981136360978  0.83198151828983657
  0.84250620801921972  0.85292425837525698  0.86339536430819919  0.87375300417609836
  0.88414281118456584  0.89463005086935887  0.90526429563926314  0.91586037071844062
  0.92628148347839390  0.93670424362403104  0.94727701779650564  0.95793382573074581
  0.96850251177814850  0.97897233079814538  0.98950969895439811  1.00000000000000000
   6.8232881837640587E-008  -1.0000000000000000     
 T T T T T T T T
