 -0.00148849481011553  0.00674192024509061  0.01382078906073697  0.02098603882797699
  0.02843512006235010  0.03615398335528778  0.04416322328759768  0.05246172440722625
  0.06099014787192624  0.06971971876564724  0.07861369037668543  0.08766043002526855
  0.09685376950364886  0.10614321689765704  0.11555228279965001  0.12499913131446962
  0.13459094295804505  0.14422061261805147  0.15387741893393853  0.16358732322322453
  0.17347783989539636  0.18357775899846607  0.19365419689386673  0.20364195513858785
  0.21353790607321418  0.22340350301667794  0.23331583521213856  0.24324762054363047
  0.25324434214301861  0.26334237586726539  0.27346546933479954  0.28364800839932669
  0.29376212759774917  0.30385382233232866  0.31400519308615926  0.32423298824408170
  0.33458145428854469  0.34488863579840529  0.35517476142890303  0.36548789831417472
  0.37587451190897675  0.38627792217638296  0.39664008799921729  0.40703049662218793
  0.41746569512753706  0.42797473816294312  0.43851227004367610  0.44910472003377244
  0.45961146565486716  0.47001107050309610  0.48029797135728186  0.49070200930061492
  0.50122403203038324  0.51181649744229107  0.52247221561068768  0.53307644041307534
  0.54369921770994911  0.55425510023704694  0.56494175347964404  0.57567947435258437
  0.58646406510697324  0.59710850113415037  0.60771961067748170  0.61833043805264221
  0.62890801533408414  0.63961172507567843  0.65027080629942702  0.66094917120506469
  0.67157205839848544  0.68226521992850941  0.69311786497542693  0.70391946756432988
  0.71477587489878713  0.72570419076158243  0.73676409549754962  0.74785772311595544
  0.75886480940394629  0.76985960633523709  0.78098558682696395  0.79223390506224589
  0.80341323324582214  0.81447665933006719  0.82559633653292641  0.83679625792359813
  0.84812382295821021  0.85956051348298734  0.87118357470645136  0.88298060247582222
  0.89491184126963252  0.90694326934319514  0.91917409250062876  0.93181674299700912
  0.94514121343806923  0.95968339658730850  0.97743660194992532  1.00000000000000000
 -0.00256715001691793  0.00960613161620030  0.01973262321431953  0.03034310017544603
  0.04097185663404258  0.05162085150576503  0.06217690963593212  0.07277809741313901
  0.08331085062737503  0.09398784823252877  0.10464931146551494  0.11543719029819366
  0.12607745714051241  0.13677031456957950  0.14751328748061074  0.15821948658209814
  0.16889705910888289  0.17943811657959227  0.19010053096553564  0.20074605369929321
  0.21147875771893868  0.22219572325081860  0.23274628883504425  0.24315605445310984
  0.25367358245837518  0.26432335821868191  0.27497280202490304  0.28534587477851714
  0.29581811578643474  0.30634680318337848  0.31700100137819776  0.32750337535759472
  0.33793896726263239  0.34833980915586255  0.35869452696201770  0.36901514340548119
  0.37939387309101430  0.38986166351570206  0.40024815780745682  0.41058224008610722
  0.42080975471193910  0.43125389528154379  0.44165885833991253  0.45228300476113059
  0.46291984905403050  0.47363690819128063  0.48431349847363414  0.49505324915397325
  0.50566430498082093  0.51625118121870250  0.52667046620006386  0.53694438422082413
  0.54716914505663738  0.55749692412678087  0.56815191981197866  0.57884499585369853
  0.58943031851967753  0.59989146815557037  0.61050554512663913  0.62119385071894673
  0.63198765891651587  0.64270937848278009  0.65344455404294843  0.66399697211317343
  0.67447792455867039  0.68485849934375043  0.69529314592498603  0.70594975657623527
  0.71664044550445671  0.72732848409087980  0.73770108939404488  0.74809056395772899
  0.75855717301127423  0.76919573185169543  0.78005690387105486  0.79069379969166131
  0.80138297075893572  0.81187726267244209  0.82244579185429623  0.83274340665369528
  0.84301899043136652  0.85325526513746097  0.86365064891687682  0.87407236499832330
  0.88461299351333267  0.89510013939579192  0.90569352897523603  0.91640152793493534
  0.92710265812568160  0.93774458441099140  0.94814879125591811  0.95851106107804684
  0.96867172793029133  0.97903282798595814  0.98944744579532107  1.00000000000000000
 -0.00224383132230506  0.01015805746003719  0.02067520669258209  0.03130813695370082
  0.04198238891364770  0.05256692433560634  0.06312841505461735  0.07357461054615604
  0.08404174019241943  0.09449946660855282  0.10495553007491758  0.11526271433323391
  0.12558183085615751  0.13582022080398967  0.14621615181215630  0.15661259345660070
  0.16717970423327536  0.17766141600897853  0.18819409449052235  0.19874039516976941
  0.20934344057951654  0.22000685447196688  0.23063499307673702  0.24125192661765707
  0.25185378515738643  0.26249838347176729  0.27312530431035803  0.28368686711227492
  0.29416243622806398  0.30461555884195557  0.31514351596773504  0.32557723787850962
  0.33615985914309088  0.34671806448498482  0.35728015676982339  0.36786170252777634
  0.37840986362448453  0.38902933041584647  0.39948026402886727  0.41001171130890213
  0.42062943032998429  0.43118559840696208  0.44173997634455864  0.45223702158085066
  0.46284409753670697  0.47324241414800766  0.48350964093199700  0.49373985801296516
  0.50416323569006072  0.51480007151014651  0.52542952774238405  0.53607104735694933
  0.54656943051542994  0.55699246107433464  0.56737730429021860  0.57786871854828037
  0.58847344946668445  0.59909991579432320  0.60972609131679112  0.62044191276575000
  0.63099604250449726  0.64151492610913086  0.65193939654786992  0.66251075239860391
  0.67309358258597463  0.68372380855815107  0.69443537598986294  0.70515775221050692
  0.71583378477686321  0.72649575444171399  0.73702966982870910  0.74774064939424578
  0.75830723872190275  0.76899230491506931  0.77957311035126697  0.79011364950460428
  0.80049123348359430  0.81080971045053363  0.82132844751915213  0.83196404932114398
  0.84243907736525547  0.85278916512763314  0.86331262640682938  0.87396023006423285
  0.88449295128043537  0.89496050228273594  0.90538962025497238  0.91595258361649268
  0.92646686184369487  0.93704328164586947  0.94762446470110717  0.95816355637987705
  0.96875606797081615  0.97922223522757257  0.98963894492098403  1.00000000000000000
 -0.00198057391784836  0.01019319483571317  0.02062512163481081  0.03112603277613072
  0.04177949949018092  0.05238776046128304  0.06306677542921164  0.07372833767806457
  0.08415596010629829  0.09450837314017399  0.10493454923141558  0.11539720204438755
  0.12575870792286925  0.13613756579942723  0.14655234136418990  0.15717606997361505
  0.16779386601526683  0.17845594416331750  0.18905248767370300  0.19954200941696737
  0.21011892229194173  0.22067105521066024  0.23117034872483755  0.24151696520450516
  0.25192450438139113  0.26242661996736616  0.27311389623337112  0.28361478891945707
  0.29398998903949347  0.30426613481478243  0.31447821692275396  0.32481076001017201
  0.33505822539158148  0.34565806973204227  0.35609090906583180  0.36641695925255718
  0.37675274933153152  0.38731646985593721  0.39807697625136373  0.40871311005622835
  0.41917571084655542  0.42958940088696801  0.44008687249952810  0.45059559511544561
  0.46105783425618374  0.47135966865210532  0.48180102526676993  0.49246651455928214
  0.50314765197430855  0.51377080079581428  0.52432400087323439  0.53493937549117576
  0.54554787773067503  0.55617588836553744  0.56677954290913768  0.57747792295253553
  0.58803475428919261  0.59852837912242396  0.60890085124931526  0.61936037703171454
  0.62992280178049254  0.64051605772422060  0.65110085643176463  0.66175678504557611
  0.67234862172649290  0.68297203577260546  0.69363477013905606  0.70434412723122808
  0.71509387151160275  0.72566883137940053  0.73624529395298843  0.74672624652390696
  0.75740080768118845  0.76817738270681202  0.77896147467045518  0.78958386804918079
  0.80008912857498027  0.81074811244161071  0.82144528216322854  0.83216218261217056
  0.84267475227255428  0.85308883453759532  0.86365795783659749  0.87411393466802345
  0.88459444747266536  0.89493084252519517  0.90523052848384911  0.91557479604179781
  0.92594803180787733  0.93647971857147072  0.94699641288117664  0.95761724884679822
  0.96832378402416641  0.97909431407862613  0.98964034282371793  1.00000000000000000
 -0.00251959507806610  0.00952758921844153  0.01979620044872739  0.03038568578499054
  0.04096769440882619  0.05151549754245522  0.06204369648329197  0.07230713399125602
  0.08257929357597664  0.09291741638516746  0.10336742543676780  0.11382220459304125
  0.12433789006468786  0.13496496831230922  0.14546833557687031  0.15596230347180789
  0.16645103850270787  0.17708523507165613  0.18757243168546014  0.19809889635353545
  0.20859962482651773  0.21921999353413366  0.22969792215592763  0.24042085749144046
  0.25118953224288060  0.26201580625497062  0.27270343455160040  0.28351716755544765
  0.29427660057962890  0.30488796795909801  0.31532174278586073  0.32576752221507060
  0.33617743949307366  0.34663173722690749  0.35713549456797222  0.36775014990914723
  0.37830172581013677  0.38875641672327249  0.39920695839583842  0.40956474486811573
  0.42005559999396375  0.43052082072901637  0.44097254755737636  0.45142404876420017
  0.46193296695920172  0.47261233177841255  0.48335556534787094  0.49408313980788149
  0.50465746009433665  0.51506758918807738  0.52544716341319875  0.53598563364441254
  0.54645077471410031  0.55699813659964981  0.56751925114221646  0.57807077343238511
  0.58858692868166806  0.59908657211034022  0.60960877053742324  0.62016249453244587
  0.63069556245153402  0.64122458214622835  0.65162575154622959  0.66198405825101436
  0.67238646288655857  0.68276291428265068  0.69315294940481842  0.70353813390622522
  0.71401247212809460  0.72459216291729189  0.73528420956853091  0.74602047586210340
  0.75660695788375854  0.76722591126878437  0.77781335634748228  0.78841683045380451
  0.79887516775069156  0.80930925030488865  0.81969720497169907  0.83010592287495433
  0.84063776962021641  0.85115799624102018  0.86158937922592960  0.87195276941728606
  0.88256923821540756  0.89322839397891496  0.90382146253699946  0.91431733558280204
  0.92497918915228516  0.93576507331612013  0.94642374678096308  0.95714186811062552
  0.96770340551478151  0.97839736658154131  0.98910242779630031  1.00000000000000000
   6.9019330716059506E-006  -1.0000000000000000     
 T T T T T T T T
