 -0.00178151553002634  0.00597183723095635  0.01306364314811244  0.02004907299096673
  0.02738634098933145  0.03509298077067164  0.04314767102562045  0.05156005763592947
  0.06019736024885183  0.06900208114726478  0.07792585766069016  0.08691263216388051
  0.09602693886206320  0.10529806348626464  0.11469594741472754  0.12418279145570692
  0.13376083040138095  0.14343206107142265  0.15319140329184477  0.16300145493054985
  0.17283982132538767  0.18266570539613891  0.19248262799357435  0.20233089915307870
  0.21228512632052018  0.22226239911822823  0.23229096642551525  0.24229650167796390
  0.25232902741328667  0.26242695938184568  0.27257255612678288  0.28277631933293451
  0.29296047760422189  0.30312790768664410  0.31335489725998861  0.32364601658973036
  0.33405640628217936  0.34449949082160919  0.35486418669350234  0.36515790132647791
  0.37535584103520236  0.38555922775418294  0.39583483193024427  0.40617526525280312
  0.41662045576973272  0.42702303118804524  0.43745129138247479  0.44786628241365584
  0.45830034529815822  0.46874412822728739  0.47922291913762688  0.48977921849929307
  0.50033112634174415  0.51087001346852856  0.52143488134913352  0.53202306008251776
  0.54266601758808564  0.55319158014193837  0.56365036555633496  0.57409212349100669
  0.58461900598555727  0.59528756738727839  0.60599431484750133  0.61676141382366623
  0.62756264458923905  0.63831624273986243  0.64905891623955758  0.65978484013930050
  0.67053334366232198  0.68130771808473944  0.69216790548028673  0.70306921549585277
  0.71395498095804699  0.72481690586064529  0.73570441705631739  0.74662146605164703
  0.75758813089320076  0.76866970072328966  0.77978750462781343  0.79097695617533559
  0.80221112896107882  0.81350228966817906  0.82476611270675870  0.83611687427623183
  0.84762344741497586  0.85916753214479347  0.87075391945323810  0.88248320990110685
  0.89437856755466338  0.90645631452898179  0.91879754562139582  0.93158148123175455
  0.94501168390579626  0.95959439636294452  0.97734985553184694  1.00000000000000000
 -0.00249809249297136  0.00931731397150216  0.01945243090199278  0.03000503318341247
  0.04058235566994845  0.05106369607698103  0.06159443064855842  0.07221393336175339
  0.08287162974991416  0.09349963732421344  0.10413818946108984  0.11482999746568701
  0.12554688394537114  0.13614942541046934  0.14673535402395238  0.15732058786312453
  0.16794968139753719  0.17856739044195863  0.18917776383684642  0.19977847244128441
  0.21039461140246310  0.22095627904930459  0.23145936059487876  0.24194209603868472
  0.25245669879418758  0.26306694079637599  0.27372000293484661  0.28439664807906956
  0.29503028914119128  0.30563409624766980  0.31621126212457640  0.32683710823483580
  0.33735677634188549  0.34791578376660859  0.35850249026660669  0.36902865651696981
  0.37962188154564291  0.39017129986556476  0.40081990906965903  0.41136372460784426
  0.42196740472862843  0.43255078465232866  0.44302808090748763  0.45354149059823534
  0.46405749734639284  0.47463316707856540  0.48522977305936993  0.49584222101415326
  0.50641490514085774  0.51687228208285196  0.52731027947236753  0.53783669549747282
  0.54837326922885155  0.55888841583932292  0.56931519372301342  0.57975334477603990
  0.59024413839039314  0.60068495197013227  0.61115335786079117  0.62164102982970249
  0.63216073555315089  0.64259337441256248  0.65301610718104930  0.66335088695245092
  0.67370652838247835  0.68405952704735284  0.69459044020722449  0.70515904877557511
  0.71574909755369076  0.72628805469592295  0.73681096311454386  0.74735618992102759
  0.75792151800047014  0.76850336613665082  0.77904876017364966  0.78954728597167456
  0.80001305603583095  0.81056113387373796  0.82103780211233224  0.83157376844216691
  0.84213802930829917  0.85279656567797257  0.86332950694526833  0.87379865532745127
  0.88430154777767944  0.89483360431908809  0.90544250518034497  0.91599175944792466
  0.92662591201467637  0.93718951210463863  0.94768271226904122  0.95817031986064882
  0.96874382952242566  0.97925868272110939  0.98966813783799135  1.00000000000000000
 -0.00233729352135321  0.00954865224665720  0.01972167048502477  0.03018209567664961
  0.04064107511728485  0.05112154637879560  0.06145940614398401  0.07190224662526491
  0.08233066522285250  0.09295408114616417  0.10358464491583605  0.11414473881919650
  0.12477198803812937  0.13539393642036068  0.14602496732892215  0.15654814802873998
  0.16717844804746429  0.17779727170801568  0.18844882247475053  0.19900064139228549
  0.20958496034309854  0.22015269158339049  0.23070988385672533  0.24112881177184478
  0.25162065862250954  0.26218307707626493  0.27285215571481930  0.28341613085530004
  0.29394932996215090  0.30448775827978708  0.31498581157504185  0.32552631100380514
  0.33605748786927619  0.34668888573269241  0.35736599770324734  0.36803969497962091
  0.37859989607964595  0.38906784502617875  0.39959086403721411  0.41017521639030208
  0.42065206526326721  0.43104998072326334  0.44142226204822688  0.45180980800414627
  0.46223880880372104  0.47267372461363438  0.48313283838753285  0.49368059135238029
  0.50415492567740883  0.51478676112594102  0.52530301447871597  0.53589082842588043
  0.54641286000859135  0.55690515655272577  0.56744039361567189  0.57790999470327864
  0.58841298798247776  0.59887103489876048  0.60948282464921444  0.62007553076013189
  0.63072329047188957  0.64124713898199737  0.65173301694209784  0.66224895311724041
  0.67275278359431856  0.68325628164932173  0.69372302777919692  0.70419710875221253
  0.71476569908523579  0.72522512604863731  0.73559986690973311  0.74597120210765289
  0.75637348532699522  0.76693100811597004  0.77752960424633788  0.78816762501250603
  0.79877927397654325  0.80939684487471453  0.82009199278670064  0.83071766565618543
  0.84128660829846758  0.85191506509981874  0.86256476142704019  0.87325520078887964
  0.88385304812641763  0.89440186232083552  0.90491642428826335  0.91536045067863681
  0.92589434856982966  0.93637754356526715  0.94693684487510954  0.95734385254478549
  0.96790408202507083  0.97847168613396773  0.98922556431553710  1.00000000000000000
 -0.00248164522114943  0.00939778596845492  0.01930131445672741  0.02977873732200987
  0.04028749227338912  0.05087864711996005  0.06137752720912962  0.07195735411591395
  0.08263649331803960  0.09321305679141473  0.10390838031968536  0.11456527539696949
  0.12518253172333155  0.13568241229304945  0.14611999335584239  0.15664911952203897
  0.16700195526410658  0.17746237848979263  0.18801748328929346  0.19867195259303616
  0.20934773764670853  0.21989163796408620  0.23046024069072762  0.24086519465021436
  0.25124953393353938  0.26165124134801687  0.27228721912681836  0.28306507387496355
  0.29382790962956540  0.30442306806162173  0.31498155302937220  0.32554164489925336
  0.33613589300649138  0.34672006764030622  0.35725494577896638  0.36774316074217644
  0.37825564002042245  0.38873439884642014  0.39928020851123452  0.40979401065653159
  0.42037690766192659  0.43098197861470394  0.44161270045801582  0.45229013723933642
  0.46296011536789605  0.47357369143851263  0.48406779384660459  0.49440541706689600
  0.50475198264151222  0.51511832979220817  0.52552818289400305  0.53601089567539140
  0.54652141916392483  0.55702351328520328  0.56746736534905340  0.57779932443187809
  0.58817171312406591  0.59855529709456945  0.60907094759507885  0.61956863981249677
  0.62998914704957321  0.64036549915418328  0.65072910381551186  0.66122272218923128
  0.67169348485392510  0.68231089372464881  0.69290803440794269  0.70358163737548807
  0.71420677395892829  0.72482039901950113  0.73543580227985783  0.74609200233884032
  0.75670714361960689  0.76733684069688479  0.77802019120690580  0.78875626404446464
  0.79940499664385001  0.80993111660222095  0.82055646560005613  0.83133138167508713
  0.84211895358527078  0.85286252924860206  0.86340873902511006  0.87406248103311235
  0.88460062553251351  0.89519744992919437  0.90570382015041262  0.91616262623312561
  0.92660805204687124  0.93711831870960205  0.94758143520527460  0.95811423056974065
  0.96860046399121646  0.97918196682509617  0.98965005256439642  1.00000000000000000
 -0.00240043776800928  0.00945689295995976  0.01949799348866208  0.02984960662986093
  0.04032034564536493  0.05082900261927680  0.06128031291730563  0.07163785641946550
  0.08203649196104447  0.09258032420549614  0.10312538577263461  0.11366530090961456
  0.12429837399703481  0.13494843678873150  0.14563528903602327  0.15621677376669438
  0.16682304964390782  0.17742942188330466  0.18799499765435160  0.19861074074813248
  0.20919839467452664  0.21981849147594845  0.23040590266202693  0.24096931597001708
  0.25158146718822844  0.26210770806524125  0.27263754405743218  0.28314304723888017
  0.29367140770479883  0.30418073442672033  0.31471205058520119  0.32525909548130544
  0.33579954537109363  0.34628167935409027  0.35678147409051092  0.36726995097684983
  0.37767827659847036  0.38811522127048786  0.39854238325684915  0.40902555546031438
  0.41949343828056529  0.43006857416734279  0.44062384689324841  0.45114092375446641
  0.46171745755953458  0.47231717276486312  0.48293682264523402  0.49344977923547073
  0.50401542428836443  0.51460050949210234  0.52521428657716374  0.53578620176241587
  0.54637898965130360  0.55684081896663606  0.56735322026950685  0.57778886166435939
  0.58831586017870141  0.59892980983852517  0.60954162382790844  0.62007409382607448
  0.63045251124563517  0.64088031300576953  0.65140944209947782  0.66202346722517458
  0.67267842682681644  0.68346072344255326  0.69417014123498721  0.70486439267015066
  0.71546968497246766  0.72604565097046359  0.73662206222859905  0.74714091685474338
  0.75765747434139252  0.76820507524654225  0.77885590446331521  0.78953240582091089
  0.80000562495738381  0.81029807244616658  0.82074285993527918  0.83122210374004812
  0.84178602195906216  0.85217334591411564  0.86265317664250618  0.87322473157705760
  0.88386889088407639  0.89452692730333605  0.90505926271720427  0.91554127690651410
  0.92613505075629077  0.93671954676481428  0.94734333835235529  0.95782151601795640
  0.96844569396770919  0.97901520975131939  0.98954619769589136  1.00000000000000000
   1.8069792218834824E-006  -1.0000000000000000     
 T T F F F F T T
