 -0.00168209146991066  0.00618742634142718  0.01344120287694857  0.02056440865268387
  0.02799284672668286  0.03577485162532675  0.04387819695064835  0.05229034866079520
  0.06092584125152650  0.06970917226130896  0.07858883043979048  0.08755972716930840
  0.09660097220425924  0.10569739756376702  0.11492121234885409  0.12426696658983742
  0.13388418084347900  0.14362096951936468  0.15338694470696551  0.16315075916930652
  0.17292966939841206  0.18273193285151870  0.19256141980980457  0.20240151905237419
  0.21227590606848845  0.22213372411828239  0.23205626842257587  0.24204294320518047
  0.25210782240473795  0.26217561280106622  0.27228522133723976  0.28244889914705956
  0.29265685825577015  0.30289786195291724  0.31319841803891535  0.32343182161783035
  0.33358428784961458  0.34363034417533528  0.35371950241300870  0.36395377465522533
  0.37425666965691473  0.38468494635076594  0.39513660395326194  0.40562945253543875
  0.41610494563120176  0.42647115664113611  0.43680963156235747  0.44724632392122737
  0.45773534204533795  0.46828473509518637  0.47882616084083890  0.48946676480386792
  0.50012749712675941  0.51076999869316109  0.52139970383578971  0.53196797984608812
  0.54250365942126944  0.55308450552808963  0.56370780761588568  0.57430429610886902
  0.58485212761708472  0.59550513062301158  0.60622562506963906  0.61694314041414966
  0.62762580352980712  0.63828508858868149  0.64898391195768668  0.65970761761110119
  0.67046493119841244  0.68109121658430394  0.69165842324755089  0.70220327155746454
  0.71293962400058930  0.72376927895035381  0.73469162971609236  0.74562167230598009
  0.75665429972578113  0.76774768137544880  0.77888655455294242  0.79001427673429081
  0.80115429191632703  0.81230683643136137  0.82355582734377819  0.83501571535805419
  0.84661846457431422  0.85832182145494906  0.87012974200422410  0.88206175654488372
  0.89411210244953498  0.90630344656614914  0.91872287774447581  0.93151529286328139
  0.94484556776928730  0.95932723091883410  0.97714729914782206  1.00000000000000000
 -0.00258070204672362  0.00981185795986529  0.02019393370204432  0.03078629390603769
  0.04141421568820557  0.05204006646244508  0.06275052060967194  0.07328466254552624
  0.08386911320469109  0.09432013436891615  0.10482414282012906  0.11527584621213705
  0.12579858139890296  0.13629259545971351  0.14672638136330085  0.15725814815562741
  0.16785296920965603  0.17852192101216427  0.18902755586503461  0.19950822779128727
  0.20989589170789530  0.22035026947310649  0.23089975481597574  0.24139788011242586
  0.25180316292987587  0.26209677851816526  0.27242409282511043  0.28287091543313481
  0.29336180476201412  0.30395001028270430  0.31451084273535634  0.32508277890660109
  0.33552355201504169  0.34592670795678498  0.35650976402462042  0.36723257953366273
  0.37780662587136526  0.38816114737453961  0.39848974111380925  0.40895413535983294
  0.41949343386855065  0.42998962049661038  0.44045970620277036  0.45086033116031099
  0.46130337710777863  0.47182702827073403  0.48245061970700426  0.49311563645398454
  0.50366478890300825  0.51411783020907076  0.52460007640088258  0.53508604547243777
  0.54541875732397205  0.55570127494068366  0.56604129423291794  0.57640003315301636
  0.58670632419138047  0.59706591118934138  0.60759095088265114  0.61824253481060143
  0.62869272861558201  0.63917532416786882  0.64959923272201081  0.66028531332447449
  0.67090808113893985  0.68154566362595892  0.69212701612252847  0.70280395547480334
  0.71359746164069959  0.72429251770960523  0.73511023756628979  0.74582678685005288
  0.75665892440602667  0.76738561034659680  0.77812508512362888  0.78868983718216656
  0.79904882622551365  0.80927315671653055  0.81965774674816405  0.83019272376822983
  0.84081026351073107  0.85123183618412657  0.86181680273972039  0.87239680968848921
  0.88306870740535170  0.89349019646539307  0.90414448517800494  0.91473320222103360
  0.92546670030178135  0.93612481796668900  0.94689770809111162  0.95767781448721723
  0.96830989989301874  0.97894364528898237  0.98948535980064189  1.00000000000000000
 -0.00172531231360557  0.00987985978342953  0.01997930893340785  0.03032913959574055
  0.04061609805785169  0.05106200331911343  0.06162272561283397  0.07215409364653369
  0.08260979357272907  0.09302086850741800  0.10333494997642810  0.11368882528688440
  0.12395685048606375  0.13429150990973768  0.14470461397244483  0.15526294531557952
  0.16591570254004667  0.17649815331096635  0.18703292811445482  0.19752531322636460
  0.20796289974026536  0.21834831154593248  0.22885509991009623  0.23936846734762546
  0.24999694544941034  0.26058137022998007  0.27122833284792125  0.28183513273046135
  0.29235937585023286  0.30283735189311395  0.31331519317531181  0.32386046892678955
  0.33448429358108056  0.34512472794977173  0.35569060525610663  0.36616701728446416
  0.37664811320879227  0.38709288772370437  0.39753883505547805  0.40789258100087539
  0.41832368058916825  0.42886261171758600  0.43946738921822620  0.45016905431433890
  0.46091366559326025  0.47167866697104260  0.48234452558991697  0.49293080656632310
  0.50348460792121252  0.51392004263338942  0.52442567293958042  0.53493296802276857
  0.54559505132662756  0.55609494760904954  0.56671134760621888  0.57714502236068410
  0.58772493476843279  0.59819877926129261  0.60883846974049083  0.61949591925195913
  0.63002213743068314  0.64048471510556559  0.65084998419073115  0.66135195875623565
  0.67185777751442366  0.68254094301874990  0.69302533502014441  0.70360407832388505
  0.71399357909221284  0.72448290179211638  0.73492202294973108  0.74533669959822590
  0.75569840506887398  0.76602454178194423  0.77644103238691264  0.78695636581926853
  0.79753664701703553  0.80811668549056015  0.81883106367215019  0.82960604883527334
  0.84041116684402117  0.85121631170826584  0.86196717924287769  0.87278908205465577
  0.88344123941241093  0.89415604946120064  0.90463879833628091  0.91523404364800709
  0.92570924856962777  0.93623687276391132  0.94671110174048079  0.95737297079249339
  0.96794777636237184  0.97858338884108742  0.98920639857059367  1.00000000000000000
 -0.00245353745802767  0.00949028418477843  0.01970454900820226  0.03019134929761122
  0.04080617177133941  0.05142313968637183  0.06204869085258707  0.07276328669000304
  0.08354141673813349  0.09441979859008039  0.10523268312058946  0.11610432933757268
  0.12684797117863722  0.13739861650966662  0.14796739874149592  0.15843263942276190
  0.16882377601119961  0.17927139370200049  0.18988081092023540  0.20061021222581399
  0.21122832245934642  0.22168795609661596  0.23223706826800822  0.24282220082574738
  0.25356537572815674  0.26420537726154752  0.27483624304148518  0.28538454489640497
  0.29595441608996020  0.30644794446958928  0.31701234623420144  0.32758810551168799
  0.33812396607761963  0.34867012413990472  0.35934673230496722  0.37008192940682388
  0.38057396521082903  0.39090274184646140  0.40121308554369955  0.41166287739604618
  0.42211236337878461  0.43247391960265308  0.44271137528664550  0.45307910273840524
  0.46350193973779669  0.47413970098516217  0.48470850734839394  0.49525844374569988
  0.50574395633343017  0.51628454369406129  0.52678290492034530  0.53723747129073340
  0.54772418660716937  0.55820169036574740  0.56873823976993199  0.57931582358714773
  0.59005100237012831  0.60056922925929046  0.61108463888098086  0.62156359958415652
  0.63217688887448786  0.64266006341600168  0.65317823103931671  0.66374979132149103
  0.67424013527056414  0.68465089432041581  0.69508499065888874  0.70565648238507783
  0.71624322006705632  0.72677883207203431  0.73739450309280408  0.74813020588242496
  0.75877848966123052  0.76937817094476613  0.77985196950417923  0.79040999983376370
  0.80080312300205425  0.81113821917764306  0.82147663178337915  0.83188382557079033
  0.84245034241148931  0.85279374280399189  0.86324942492928547  0.87374052366255450
  0.88422164389480795  0.89477452581214201  0.90511306282398163  0.91534974283399351
  0.92547806081932793  0.93577592964146017  0.94651831579078560  0.95730515549401185
  0.96810744449836206  0.97884993648966689  0.98948334671120020  1.00000000000000000
 -0.00214680504044625  0.00945379690543874  0.01934582056369198  0.02984887597103933
  0.04027390583314987  0.05091576787583067  0.06127150033852963  0.07172142072092479
  0.08207117534993383  0.09254599941634808  0.10303788811156465  0.11365100699878049
  0.12415249082273455  0.13466853639298065  0.14511656699935002  0.15547206190183499
  0.16581688948529916  0.17617180636143664  0.18678110005414558  0.19758193646713879
  0.20839489703956984  0.21923006365617445  0.22997947077718531  0.24066624048194499
  0.25123906287625331  0.26165293773100212  0.27201535700133556  0.28239703553789136
  0.29290899344217802  0.30338897024959249  0.31398402607797954  0.32440183689014396
  0.33497341455250967  0.34549808662701820  0.35614913690240074  0.36681448864912636
  0.37740413418400065  0.38791213237642908  0.39846941090955279  0.40898581647622212
  0.41968112830942417  0.43031123863348902  0.44079156090786764  0.45137872893640002
  0.46200289842178854  0.47287496926086259  0.48338010701319850  0.49380359731836632
  0.50409347889679879  0.51436159447657626  0.52467437911664316  0.53504658122539406
  0.54558111719461511  0.55604709430548449  0.56658154404071681  0.57715950797359261
  0.58783180713448546  0.59840098371612549  0.60875602364169079  0.61914552410273205
  0.62963585803763589  0.64014524430213604  0.65055341131820998  0.66094197269113364
  0.67141145554711779  0.68190598971012040  0.69240908917778954  0.70296539212458564
  0.71356585158301766  0.72417266013243742  0.73485276488196705  0.74558472498269035
  0.75627252202329642  0.76703379572902297  0.77774659743322350  0.78848711620718692
  0.79904345536008470  0.80953015711756926  0.81997948988150859  0.83030505817355660
  0.84069148010743977  0.85117996841665167  0.86182194917719013  0.87262518237781284
  0.88339384845511604  0.89413423185092067  0.90461532581354098  0.91499022816421538
  0.92556364197325947  0.93614575523394250  0.94670466195111858  0.95724693539938044
  0.96791857097665357  0.97875928745767982  0.98942287154394493  1.00000000000000000
   1.0146900394097656E-009  -1.0000000000000000     
 T T F F F F T T
