 -0.00148843832104098  0.00674142387003854  0.01381989592077147  0.02098486483955252
  0.02843372579563728  0.03615240728528315  0.04416149253273268  0.05245989137238340
  0.06098822102839094  0.06971769469158084  0.07861159231432528  0.08765824944257306
  0.09685153548423489  0.10614092691189292  0.11554995874774292  0.12499677308902525
  0.13458857437699737  0.14421825083041978  0.15387506667719825  0.16358497633015986
  0.17347547358881940  0.18357539567419223  0.19365185297488433  0.20363964131499593
  0.21353561747234381  0.22340122693105027  0.23331356193647640  0.24324533929167250
  0.25324205091828256  0.26334008933821507  0.27346318826709060  0.28364574093380523
  0.29375988044870699  0.30385159987004584  0.31400298727091491  0.32423078920477488
  0.33457927141382904  0.34488647699614261  0.35517261943171341  0.36548576288169043
  0.37587238684909824  0.38627581925876364  0.39663801300921858  0.40702844365120966
  0.41746364964213156  0.42797268709694203  0.43851022778403087  0.44910270084048853
  0.45960949991606082  0.47000914869471955  0.48029607015738712  0.49070012784028105
  0.50122217226553167  0.51181464573521174  0.52247036395717139  0.53307459694332282
  0.54369740433020508  0.55425330515567506  0.56493995288470988  0.57567767870683217
  0.58646227625879688  0.59710672485491034  0.60771783815453961  0.61832867565154592
  0.62890626635350544  0.63960999298400956  0.65026911275783272  0.66094751560031828
  0.67157042961766733  0.68226361422313764  0.69311628920616808  0.70391794470626501
  0.71477437797065035  0.72570271197128133  0.73676263103612938  0.74785629178528934
  0.75886342057683986  0.76985824443399364  0.78098424137675548  0.79223259942925295
  0.80341199360461701  0.81447549513747219  0.82559523160073089  0.83679520271086327
  0.84812282799236727  0.85955957233745794  0.87118268405053689  0.88297976444457438
  0.89491107802786785  0.90694258826346852  0.91917349711614094  0.93181622129188546
  0.94514077086731740  0.95968304200136467  0.97743637256583549  1.00000000000000000
 -0.00256715254150953  0.00960610780575946  0.01973260793142621  0.03034308354279466
  0.04097184196496023  0.05162083872144017  0.06217689852108693  0.07277808586623331
  0.08331084141904394  0.09398783524112199  0.10464928594977435  0.11543714743486537
  0.12607741089811014  0.13677028733793289  0.14751330466698218  0.15821953765313801
  0.16889713263402803  0.17943818973223030  0.19010058951814945  0.20074610044147129
  0.21147879215429372  0.22219576567937929  0.23274633245665549  0.24315608417949025
  0.25367362015511813  0.26432341327932191  0.27497288932705516  0.28534595621239894
  0.29581820846192686  0.30634689034364126  0.31700107687906531  0.32750343842918855
  0.33793903530556685  0.34833988127348653  0.35869459437973639  0.36901520418493566
  0.37939393046681158  0.38986171369774880  0.40024819817790269  0.41058228143913661
  0.42080980702407594  0.43125396398218374  0.44165891330520868  0.45228305126329832
  0.46291988808222045  0.47363695677830348  0.48431354298697610  0.49505330658407493
  0.50566436071655718  0.51625123913219984  0.52667052015943827  0.53694444482940917
  0.54716922236681953  0.55749701582160627  0.56815202608388560  0.57884511025623842
  0.58943044897756836  0.59989161901150667  0.61050571637292694  0.62119402419842429
  0.63198783450240303  0.64270955118291340  0.65344474641267958  0.66399717527084845
  0.67447816284172590  0.68485876268841461  0.69529341823298951  0.70595002735998680
  0.71664071730707102  0.72732877784921068  0.73770139375646460  0.74809087132759866
  0.75855748856287430  0.76919608080016444  0.78005726058438063  0.79069417077450133
  0.80138335410203343  0.81187765480973384  0.82244616293980111  0.83274373825371506
  0.84301931604153979  0.85325559955284835  0.86365097964030335  0.87407266439318099
  0.88461324200510605  0.89510036284864680  0.90569372759253663  0.91640170647245023
  0.92710279731540979  0.93774469058564980  0.94814888054719115  0.95851111880951911
  0.96867175678136297  0.97903283277884912  0.98944744803924334  1.00000000000000000
 -0.00224382707968933  0.01015803727898686  0.02067517818368265  0.03130810508627594
  0.04198235929870445  0.05256689345316403  0.06312837789351713  0.07357454803975799
  0.08404165877761324  0.09449937274072984  0.10495544305454549  0.11526263198347825
  0.12558176600047907  0.13582017539210237  0.14621612503216241  0.15661256748509039
  0.16717967058856867  0.17766134407578363  0.18819399091431538  0.19874027163085889
  0.20934331870961900  0.22000673332066684  0.23063487909979882  0.24125184080449316
  0.25185373376793802  0.26249837126617692  0.27312530209717734  0.28368687110030233
  0.29416245238914357  0.30461560578591479  0.31514358270439730  0.32557729930867668
  0.33615991820711116  0.34671811145516551  0.35728017898357323  0.36786170338261587
  0.37840983944291423  0.38902929488716587  0.39948020392053740  0.41001164739097978
  0.42062935708326077  0.43118549319031341  0.44173985038340241  0.45223687481948127
  0.46284394239836985  0.47324224546560267  0.48350946816736895  0.49373969510338145
  0.50416308686261757  0.51479992882361669  0.52542939948175127  0.53607092151580682
  0.54656931904137784  0.55699236760632553  0.56737723428488152  0.57786866872899045
  0.58847340290525496  0.59909986735929588  0.60972604447618872  0.62044187201687306
  0.63099600363938591  0.64151490114523479  0.65193937731556417  0.66251074551634814
  0.67309357200757902  0.68372380506556896  0.69443537813946810  0.70515776752977810
  0.71583378886486837  0.72649575493955421  0.73702965201619841  0.74774063347794273
  0.75830720222852421  0.76899226455889858  0.77957305851892134  0.79011359684795823
  0.80049118482938830  0.81080966785442743  0.82132843047232984  0.83196404856327866
  0.84243907634153758  0.85278915179813142  0.86331260948298849  0.87396020969266386
  0.88449291783622674  0.89496044707478983  0.90538956683776772  0.91595253115658803
  0.92646680015828320  0.93704321251697154  0.94762440583894980  0.95816351555140800
  0.96875602507794167  0.97922220825471784  0.98963892738298553  1.00000000000000000
 -0.00198056978959512  0.01019320686783901  0.02062512172338507  0.03112603694762540
  0.04177950539630500  0.05238776814195106  0.06306674947872611  0.07372830011167443
  0.08415589152710264  0.09450828257035880  0.10493445580064764  0.11539713743061740
  0.12575866167648958  0.13613752496861692  0.14655229248662874  0.15717601747831819
  0.16779380926794477  0.17845589954756477  0.18905246757062097  0.19954201583407760
  0.21011894944797205  0.22067110906782050  0.23117042475127247  0.24151704412209554
  0.25192456795968199  0.26242667985429846  0.27311394803924788  0.28361482043168296
  0.29399001311111805  0.30426616542092833  0.31447826021436587  0.32481081526056904
  0.33505828916759584  0.34565814094304703  0.35609098873017581  0.36641701727888437
  0.37675280075019241  0.38731649039583810  0.39807701858561195  0.40871315994477975
  0.41917574966431786  0.42958941676227852  0.44008686420627191  0.45059556418902252
  0.46105777845023083  0.47135961145947936  0.48180097416623202  0.49246647297864832
  0.50314759951317478  0.51377074990798888  0.52432393745604977  0.53493930766607167
  0.54554781143376807  0.55617583604595644  0.56677950469070604  0.57747786603892959
  0.58803466720953379  0.59852825583947233  0.60890069923745171  0.61936019257778130
  0.62992259589745880  0.64051585662548771  0.65110066559722402  0.66175662549429659
  0.67234848201850850  0.68297192385742878  0.69363466822910758  0.70434403392931877
  0.71509378335915963  0.72566876754232301  0.73624524521356627  0.74672622074420048
  0.75740078329688854  0.76817736138315373  0.77896144513476839  0.78958384304089568
  0.80008909415106400  0.81074806488270390  0.82144520156304701  0.83216207835938105
  0.84267465056052060  0.85308873527981799  0.86365787562246876  0.87411386897295018
  0.88459441436607600  0.89493084572782766  0.90523054699657957  0.91557483481135915
  0.92594806395066986  0.93647975350126178  0.94699645489082440  0.95761729601534296
  0.96832382749815216  0.97909433566051829  0.98964035978586562  1.00000000000000000
 -0.00251960126681016  0.00952760043828749  0.01979620923061839  0.03038569781702291
  0.04096770560431584  0.05151549199188588  0.06204366119006858  0.07230705993637890
  0.08257919426167550  0.09291728557127743  0.10336727476959558  0.11382202901101010
  0.12433767892627592  0.13496472374614235  0.14546806119874459  0.15596202905800932
  0.16645075622123537  0.17708495947090472  0.18757215414590736  0.19809862114046978
  0.20859936213590061  0.21921974249260071  0.22969767143349334  0.24042061018608568
  0.25118930684818103  0.26201560609091606  0.27270324170237575  0.28351698389772295
  0.29427642021980871  0.30488777759320190  0.31532152012036835  0.32576726619753310
  0.33617717275659398  0.34663148527139598  0.35713528914063308  0.36774999437501182
  0.37830161594423639  0.38875632640021091  0.39920687841109026  0.40956465216928489
  0.42005550493566457  0.43052072245676148  0.44097245839344834  0.45142397284524405
  0.46193290187233377  0.47261227371489301  0.48335550042263686  0.49408305930724211
  0.50465737359954566  0.51506749676879560  0.52544708122313344  0.53598558587917278
  0.54645071781522758  0.55699805741521446  0.56751912793160020  0.57807065216223297
  0.58858680087338922  0.59908643975497355  0.60960863141423149  0.62016237263584595
  0.63069545928308490  0.64122450419330890  0.65162568755833128  0.66198401672935570
  0.67238643154425382  0.68276290920860405  0.69315297169953605  0.70353818489883846
  0.71401253895705452  0.72459226161858115  0.73528433516195368  0.74602061208660575
  0.75660708106403907  0.76722601397871204  0.77781346050009936  0.78841693741104324
  0.79887527682211024  0.80930934968883872  0.81969730026061038  0.83010603406628813
  0.84063788364733050  0.85115810912170109  0.86158946036624295  0.87195281791960300
  0.88256924956927285  0.89322839420193367  0.90382146233582739  0.91431733174958452
  0.92497918970595527  0.93576509151253928  0.94642377013097501  0.95714191146088212
  0.96770345061910801  0.97839740506182526  0.98910244614783516  1.00000000000000000
   1.0226811997564629E-009  -1.0000000000000000     
 T T T T T T T T
