 -0.00168214700768342  0.00618790806202615  0.01344204252587552  0.02056549613927201
  0.02799415577438635  0.03577633495493044  0.04387982301627909  0.05229207175555035
  0.06092763445529532  0.06971102289844239  0.07859072277742449  0.08756166887805587
  0.09660292806348668  0.10569936999007110  0.11492318103485182  0.12426897410227186
  0.13388624667160665  0.14362306536663572  0.15338905742349329  0.16315288773184128
  0.17293182213211819  0.18273410841613988  0.19256361928405108  0.20240372972070414
  0.21227811478035427  0.22213592894452053  0.23205847148689265  0.24204514148882172
  0.25210999824825087  0.26217776185631642  0.27228734773430774  0.28245100157012343
  0.29265892397665100  0.30289989684705787  0.31320042667703585  0.32343380426783014
  0.33358623521780950  0.34363224182882873  0.35372137596692149  0.36395562100163065
  0.37425850109050812  0.38468676380130423  0.39513842964736673  0.40563128386591024
  0.41610676594605700  0.42647296401620638  0.43681143471491207  0.44724812142365789
  0.45773711678177542  0.46828649797290606  0.47882791663496532  0.48946851239472994
  0.50012922298786211  0.51077170307727426  0.52140138290867544  0.53196964206007802
  0.54250531431057225  0.55308615300312969  0.56370943753086444  0.57430591212641036
  0.58485375320758370  0.59550675755940141  0.60622723104108156  0.61694470626259690
  0.62762731973899299  0.63828655994409844  0.64898534125510166  0.65970900805023847
  0.67046627411089788  0.68109251677000882  0.69165968484704787  0.70220449385442740
  0.71294081402729870  0.72377044712285021  0.73469278238039903  0.74562280387894997
  0.75665539921176095  0.76774874789053360  0.77888758283370507  0.79001527058458587
  0.80115524726616072  0.81230775666290622  0.82355672242716593  0.83501658281046254
  0.84661929773474576  0.85832260716402942  0.87013048059376996  0.88206245448270149
  0.89411276410597962  0.90630405454665786  0.91872341748257391  0.93151575699648326
  0.94484593609910217  0.95932750617519214  0.97714747772577970  1.00000000000000000
 -0.00258069605616545  0.00981183354816015  0.02019389291920791  0.03078624534234905
  0.04141414850302525  0.05204000558363634  0.06275047252128144  0.07328463013378472
  0.08386908093638569  0.09432010066686283  0.10482412902616929  0.11527582570162435
  0.12579855197844211  0.13629255219554054  0.14672634054492387  0.15725809845995889
  0.16785292421648415  0.17852187183621929  0.18902752109892665  0.19950819386620747
  0.20989586097269991  0.22035021526742168  0.23089967829195920  0.24139778908150430
  0.25180308066349710  0.26209674032532776  0.27242409335592160  0.28287095322695643
  0.29336186817576698  0.30395010494788566  0.31451094907078037  0.32508288938255475
  0.33552366433573833  0.34592683360083853  0.35650989418441076  0.36723270362551741
  0.37780672421762918  0.38816121295742495  0.39848978595633955  0.40895416543307705
  0.41949344128997340  0.42998960425765936  0.44045968886258224  0.45086033097936745
  0.46130339048582331  0.47182704175919316  0.48245064311770092  0.49311565844896338
  0.50366480458248741  0.51411781156081893  0.52460003197267124  0.53508598354001091
  0.54541867607135774  0.55570118592799200  0.56604122168225879  0.57639998890987554
  0.58670630769443954  0.59706589488784845  0.60759090942381788  0.61824245379105225
  0.62869259404855427  0.63917518147605168  0.64959907405273742  0.66028514464915833
  0.67090790749484064  0.68154549015175481  0.69212684122547430  0.70280375579049881
  0.71359724485151022  0.72429227358688331  0.73510999374767638  0.74582655827764710
  0.75665872541304713  0.76738543135917658  0.77812494106894459  0.78868972422231665
  0.79904874792567426  0.80927306481834582  0.81965762686427734  0.83019256154101229
  0.84081007102373861  0.85123166881060064  0.86181665721634615  0.87239669881461646
  0.88306859112710967  0.89349009737874108  0.90414441352404606  0.91473316896907375
  0.92546668875824767  0.93612481537490677  0.94689771384004284  0.95767781694505982
  0.96830991229113506  0.97894365589716525  0.98948536882927463  1.00000000000000000
 -0.00172531451986667  0.00987988954236875  0.01997935231050468  0.03032919696698366
  0.04061615813926202  0.05106210076401829  0.06162285899557645  0.07215423262300309
  0.08260993448488810  0.09302102172582856  0.10333512884259709  0.11368900638258451
  0.12395703450984868  0.13429169140990446  0.14470478757001429  0.15526307725263330
  0.16591582043173381  0.17649827670585377  0.18703307003667782  0.19752544482065115
  0.20796301649418564  0.21834843520387362  0.22885524692882558  0.23936863745160966
  0.24999710977433193  0.26058151497614090  0.27122847888810830  0.28183528233980315
  0.29235952256403658  0.30283747179525095  0.31331529297657446  0.32386054743070875
  0.33448434105147734  0.34512474041004526  0.35569059242495132  0.36616699642491563
  0.37664809773014618  0.38709288002634695  0.39753884259606070  0.40789259484929530
  0.41832370903530902  0.42886263797196356  0.43946742017142931  0.45016906740367513
  0.46091367763138891  0.47167868298689342  0.48234456086179339  0.49293084904658208
  0.50348467199628633  0.51392011838954155  0.52442573926352576  0.53493300219039741
  0.54559504480484733  0.55609492513973291  0.56671130444838869  0.57714497569042789
  0.58772488876791829  0.59819873514104693  0.60883841702557639  0.61949584639593125
  0.63002205285494206  0.64048462954606700  0.65084991694820649  0.66135189692652163
  0.67185772011812683  0.68254087024035881  0.69302525303769547  0.70360397404176633
  0.71399346601943270  0.72448278077736727  0.73492189270786690  0.74533655141919730
  0.75569825386366973  0.76602441151925815  0.77644092236077777  0.78695629486402174
  0.79753658868419974  0.80811662783095051  0.81883097166339314  0.82960594326825210
  0.84041103839601772  0.85121615877499346  0.86196697557271829  0.87278884597087758
  0.88344097834509727  0.89415579949780655  0.90463857161998151  0.91523386378028015
  0.92570910670437068  0.93623679161092621  0.94671104666173034  0.95737294178475385
  0.96794774847767717  0.97858336257281187  0.98920638033373598  1.00000000000000000
 -0.00245354394047623  0.00949034019160139  0.01970462821946847  0.03019144497499910
  0.04080627446298755  0.05142324069091773  0.06204879218442626  0.07276338413590686
  0.08354150625019578  0.09441986249125633  0.10523273527460182  0.11610438197521161
  0.12684801631308737  0.13739864475006716  0.14796740820765503  0.15843263753799805
  0.16882377693254061  0.17927142039097790  0.18988085628786824  0.20061026675651938
  0.21122839808752289  0.22168806483557432  0.23223720151876334  0.24282233157063857
  0.25356550985289850  0.26420551888142363  0.27483638491218360  0.28538468179434862
  0.29595454814296085  0.30644808789286332  0.31701249057528841  0.32758824388714186
  0.33812409372716273  0.34867025086309356  0.35934686439203545  0.37008205830491853
  0.38057409010300669  0.39090286037706634  0.40121318825069779  0.41166297302486682
  0.42211244770520839  0.43247400129379310  0.44271145491762653  0.45307918341128944
  0.46350203234880211  0.47413978145012226  0.48470857523062827  0.49525849755964479
  0.50574400845398793  0.51628460094747242  0.52678296843793115  0.53723754569846460
  0.54772424604080683  0.55820175401803873  0.56873829755130878  0.57931589365316660
  0.59005106425333775  0.60056925878008438  0.61108462869744617  0.62156355000867136
  0.63217684863959356  0.64266003274441841  0.65317820840113028  0.66374975878474374
  0.67424009108449789  0.68465083442870800  0.69508490804458278  0.70565638092613669
  0.71624309457271618  0.72677868666415402  0.73739434223490896  0.74813003064116157
  0.75877828984293305  0.76937793268254229  0.77985170667205794  0.79040971341503119
  0.80080285819585340  0.81113799306476331  0.82147644079128579  0.83188367040568378
  0.84245020571064855  0.85279364860642737  0.86324936873111091  0.87374047291038692
  0.88422158705497433  0.89477445129272226  0.90511297774531241  0.91534966677362772
  0.92547798690559258  0.93577586248143241  0.94651823520200706  0.95730507388148101
  0.96810737869892771  0.97884989263011668  0.98948332427104724  1.00000000000000000
 -0.00214680673455616  0.00945377992975784  0.01934578638982333  0.02984882748651101
  0.04027386365845133  0.05091574635018285  0.06127148799000354  0.07172143236046694
  0.08207118216758938  0.09254599002073084  0.10303786439642293  0.11365099103510366
  0.12415249821823901  0.13466856362001192  0.14511662104772505  0.15547214402029877
  0.16581699112804651  0.17617190857390563  0.18678120407487425  0.19758203659876103
  0.20839499043840806  0.21923014635123678  0.22997954474272342  0.24066630768952604
  0.25123911457039350  0.26165297980180680  0.27201539678914111  0.28239708263270119
  0.29290905620683494  0.30338906063833854  0.31398414780923822  0.32440198949198829
  0.33497358605662947  0.34549824988221456  0.35614929026117675  0.36681463453286645
  0.37740428218911021  0.38791227825412822  0.39846955296936221  0.40898596440516627
  0.41968128154270562  0.43031140968999210  0.44079172700410579  0.45137888944827742
  0.46200303807647314  0.47287511206820948  0.48338023652381329  0.49380371484474345
  0.50409359867781489  0.51436170261123981  0.52467447511020848  0.53504666396305400
  0.54558121160396145  0.55604720771965555  0.56658166341528893  0.57715963458119968
  0.58783194796287608  0.59840115309227093  0.60875621107199329  0.61914571654458150
  0.62963604179805865  0.64014540655969965  0.65055355972755635  0.66094212809055741
  0.67141162936092047  0.68190619415531684  0.69240931133423633  0.70296562684029451
  0.71356608653282771  0.72417290050905392  0.73485302648489637  0.74558501969052249
  0.75627284200579481  0.76703412126148807  0.77774688858144969  0.78848737566298388
  0.79904369867226144  0.80953039688635453  0.81997972394414520  0.83030531611281500
  0.84069175683200503  0.85118024898449529  0.86182220797433273  0.87262543130488823
  0.88339409952723869  0.89413448295295639  0.90461555391368353  0.91499043417504922
  0.92556381949490785  0.93614592052700063  0.94670481048290922  0.95724707353854632
  0.96791868660985503  0.97875935953497029  0.98942290834034552  1.00000000000000000
   6.8480629724368162E-006  -1.0000000000000000     
 T T F F F F T T
