  0.00000272415996621  0.00000343087263360  0.00000403627596925  0.00000465591612458
  0.00000531802255192  0.00000604178324504  0.00000684105286114  0.00000772969858705
  0.00000872029414721  0.00000982032881640  0.00001104470835482  0.00001243284733198
  0.00001396550865010  0.00001567486801694  0.00001759204269177  0.00001974237003907
  0.00002213739405324  0.00002485146952665  0.00002788286309233  0.00003128995043403
  0.00003509689186664  0.00003936366420658  0.00004412803857651  0.00004948023541872
  0.00005551681912181  0.00006227942060443  0.00006987284355106  0.00007837042571744
  0.00008788154672108  0.00009854350309984  0.00011059728394539  0.00012420554462597
  0.00013948856732268  0.00015669793211401  0.00017602017547987  0.00019761634815674
  0.00022184663846731  0.00024920108919420  0.00028000320208717  0.00031452948578376
  0.00035323975258842  0.00039655976036387  0.00044507121193167  0.00049967187783148
  0.00056096341327061  0.00062960891201990  0.00070648927368520  0.00079249920061595
  0.00088903523502593  0.00099757717638182  0.00111997902296300  0.00125764284001580
  0.00141199449583220  0.00158539955124206  0.00177958508195930  0.00199662275646927
  0.00223981592294286  0.00251301310764207  0.00281961975515739  0.00316302212733740
  0.00354928686140631  0.00398424394945101  0.00447149254942777  0.00502239927982831
  0.00564840557494337  0.00635451174302287  0.00715025856483051  0.00804602233823094
  0.00905093334471816  0.01018388787178669  0.01147421743414277  0.01295315451978521
  0.01463412001502242  0.01653686707074436  0.01868076334609007  0.02108620992393010
  0.02380173491404179  0.02689112553595492  0.03043875167680900  0.03451066740235646
  0.03916005653742421  0.04448797757087176  0.05061187641344102  0.05766991564238930
  0.06587863502536129  0.07556132207163921  0.08707461978535422  0.10083137956392126
  0.11754618623188662  0.13821364787555843  0.16421971747200709  0.19793140515613181
  0.24496633732630663  0.31784982670969414  0.46539524395966170  1.00000000000000000
 -0.00237911714827409  0.00955629328960590  0.01966917873934966  0.03021417190967462
  0.04085130523357199  0.05151353123950778  0.06212119349085453  0.07269963583624713
  0.08324456821459479  0.09359856215750502  0.10395883188131265  0.11436862312477247
  0.12484231642748574  0.13536192917612661  0.14581284199357183  0.15660450072657045
  0.16724007575229702  0.17785295967765119  0.18851651619445151  0.19935049132283028
  0.21010175952218069  0.22072875318400154  0.23122810693990697  0.24173703112345057
  0.25226054037491691  0.26284263837603394  0.27341088860714768  0.28394059456013016
  0.29440272667400308  0.30487532308815346  0.31537775872231782  0.32600327585907518
  0.33652860775169868  0.34703445175188002  0.35752842281025538  0.36817051501444853
  0.37873248959103034  0.38931973342479931  0.39986329772978996  0.41052910103677820
  0.42112889251524022  0.43178783084094613  0.44237200944949323  0.45304889525486497
  0.46353062654541038  0.47408198550939012  0.48455193716978195  0.49505977465452994
  0.50557672541424825  0.51602745197730993  0.52649508397249722  0.53693434891862524
  0.54740312711509309  0.55796008184309787  0.56843131262668511  0.57891598003172717
  0.58927570295972032  0.59972216985766369  0.61029196058302215  0.62097528927925993
  0.63157071864966230  0.64220463132076244  0.65275595956030807  0.66348726108875011
  0.67408320476522376  0.68471682357545272  0.69525754295800579  0.70588531554361889
  0.71640945156399494  0.72700256996104740  0.73750368155020130  0.74799928625955669
  0.75841887779337958  0.76879686455715235  0.77929458473060798  0.78979220047089493
  0.80034973354008188  0.81083880200079306  0.82132987590591611  0.83187386696058241
  0.84249043386246270  0.85311831102657765  0.86355269363963194  0.87414169521071439
  0.88469833344694304  0.89519689288610194  0.90563472060527772  0.91595829891846448
  0.92644079866244300  0.93687535230025010  0.94741841718286757  0.95800972441937371
  0.96850690452281785  0.97903466211118251  0.98950840638717030  1.00000000000000000
 -0.00226737126092797  0.00909196889283770  0.01907800271736382  0.02950652724300369
  0.04007068559628150  0.05062142019098530  0.06127343363662267  0.07190095156089496
  0.08252200656975169  0.09303380693180030  0.10341117401356195  0.11381294485894754
  0.12426229850557495  0.13484897951721508  0.14537859755729496  0.15591870573053501
  0.16657020043285570  0.17719601705837418  0.18784721648647498  0.19840275693941750
  0.20896924306932851  0.21947154410778685  0.23005873350543862  0.24058652017987564
  0.25107846870227241  0.26143542877627618  0.27182910465438553  0.28235756332657685
  0.29291827528087022  0.30348020456141506  0.31393781047358293  0.32448364737288787
  0.33505591346893898  0.34569353042570461  0.35631785714165343  0.36689053591782123
  0.37743358080323580  0.38800710331163424  0.39860038875938064  0.40912241847653230
  0.41956753521969087  0.43013969916861233  0.44072428044664941  0.45133114534558649
  0.46183256923820415  0.47236039164554189  0.48283209055597337  0.49329983176528613
  0.50366990598041250  0.51405972649700959  0.52450857055232081  0.53510460681957683
  0.54569997556203420  0.55631012392418200  0.56688861316144656  0.57748680342009107
  0.58810154332282794  0.59876635698444536  0.60936993203921075  0.61992837677994606
  0.63049465514205627  0.64107433889244225  0.65158178908089026  0.66208227918412288
  0.67261525964156144  0.68317889408118193  0.69365715716400411  0.70415944765010463
  0.71475342319715218  0.72528238083885843  0.73583016199120321  0.74641636875560802
  0.75705612526634880  0.76763078026862419  0.77818760678293408  0.78872074934058900
  0.79922920191007008  0.80973235958232648  0.82022047626213945  0.83075722527100893
  0.84123958247016639  0.85183678804190710  0.86255194882619224  0.87328931877382021
  0.88399718302523933  0.89459365970374616  0.90524748996807025  0.91585230298887110
  0.92635341695635509  0.93692027551541168  0.94747597382015658  0.95818322849745552
  0.96876476831704450  0.97930932713892294  0.98969276588173050  1.00000000000000000
 -0.00241191529256883  0.00951417249489749  0.01963506995059382  0.03018376364096640
  0.04080759784333216  0.05144930298254662  0.06209807744112730  0.07267873357715644
  0.08337847594162040  0.09400857704831739  0.10460592683149410  0.11508822311837828
  0.12551304651272818  0.13598705999663288  0.14645893928449150  0.15699802705742003
  0.16746787787622153  0.17790002316841227  0.18824549853490935  0.19869261781044911
  0.20916177284805501  0.21969265566099141  0.23012234707193860  0.24053114511063495
  0.25098010644359742  0.26150559455503297  0.27206600430010680  0.28259191533818590
  0.29309229608456477  0.30358422312363426  0.31416574162917493  0.32477620071509677
  0.33544638946838756  0.34609018364622213  0.35672144104436310  0.36730599653129392
  0.37784074626264452  0.38834894623747979  0.39878876893734866  0.40927718240076982
  0.41983175849218868  0.43046000067887680  0.44103360728256458  0.45153335873732198
  0.46213920922613666  0.47275940106913983  0.48337736587842101  0.49390879315263642
  0.50443393088829813  0.51498845594404130  0.52553581710008268  0.53611800395429721
  0.54670088539381589  0.55724042111993077  0.56778777836987371  0.57843940139540795
  0.58904142269961823  0.59961339597479413  0.61005882786758125  0.62058999944142978
  0.63106816141320510  0.64155375345789412  0.65210958504325733  0.66272412948751402
  0.67341956488742072  0.68400776468704394  0.69457879246421583  0.70510139261141591
  0.71571680926596637  0.72627059104933167  0.73695899463144310  0.74768582384306681
  0.75832371383264896  0.76895151827854968  0.77941825121071473  0.78997189824529246
  0.80035511247653557  0.81084481029865296  0.82132737079278384  0.83176479821201565
  0.84217168999551528  0.85255088839539961  0.86297091672509796  0.87340925085165322
  0.88400664427019260  0.89466795809780542  0.90532892189457947  0.91591648599773257
  0.92647433752908614  0.93697212456072954  0.94747685744579346  0.95802618022379304
  0.96854660454030683  0.97905693286942863  0.98951570032696523  1.00000000000000000
 -0.00236180995715130  0.00929019227587114  0.01943072260368369  0.02998255646792182
  0.04058122034211729  0.05124284273750219  0.06196325570766130  0.07256065042111090
  0.08322268133160542  0.09381881048375475  0.10444083272691410  0.11485401296361497
  0.12525861543981356  0.13566822503841630  0.14608161839349887  0.15656089261594097
  0.16700084931989820  0.17751095329235797  0.18789462954011471  0.19838900410850441
  0.20884090793925905  0.21944785100624709  0.23000613848229556  0.24059435093872181
  0.25116238460321877  0.26173179226070498  0.27230079066206370  0.28286782800240895
  0.29350486939249021  0.30417118665682025  0.31484577507540668  0.32548984087497523
  0.33608246380905965  0.34667256639069410  0.35722346042303404  0.36782595609759927
  0.37840624070608619  0.38906634486686381  0.39964942481737331  0.41022518528460972
  0.42076572813671687  0.43138659248085609  0.44202877667787810  0.45269271086982643
  0.46330799791100452  0.47387422298587456  0.48451366904768617  0.49505868772186740
  0.50554370799130566  0.51592806169770955  0.52641937387258209  0.53702306910204145
  0.54765272545111054  0.55824945752966115  0.56883978814423974  0.57930968517627113
  0.58973846421933329  0.60009404027251867  0.61047191073967944  0.62095239306721950
  0.63140662348045662  0.64191081728697363  0.65235971231023027  0.66283625535215906
  0.67328727141949152  0.68373750411328293  0.69422639701310862  0.70473407985133607
  0.71527071787715935  0.72578062327946691  0.73619746121757978  0.74668818114961510
  0.75714671603956041  0.76768756163047180  0.77817685965086647  0.78875655909935571
  0.79935371470374439  0.80993364569621451  0.82041133546458245  0.83086744501269461
  0.84138098511649773  0.85199037579560588  0.86257571552507317  0.87316712284756048
  0.88370014042361589  0.89426210461808997  0.90476205293264411  0.91523120295006033
  0.92572489144723946  0.93618024675441580  0.94677863723749456  0.95738367221473186
  0.96795625761612158  0.97858718443066040  0.98922473628182150  1.00000000000000000
   5.4074006485730855E-006  -1.0000000000000000     
 T T T T T T T T
