  0.00000000006125916  0.00000000008758399  0.00000000011488754  0.00000000014845876
  0.00000000018943228  0.00000000024084084  0.00000000030488173  0.00000000038532702
  0.00000000048514243  0.00000000060914920  0.00000000076463441  0.00000000096246519
  0.00000000121952212  0.00000000154346741  0.00000000194969592  0.00000000245970476
  0.00000000310701082  0.00000000393125235  0.00000000496331114  0.00000000624604787
  0.00000000787224492  0.00000000995877305  0.00000001260334376  0.00000001594046606
  0.00000002013842006  0.00000002544247479  0.00000003216720333  0.00000004066222552
  0.00000005138064485  0.00000006484409514  0.00000008211037856  0.00000010389313504
  0.00000013100999055  0.00000016430092407  0.00000020605264284  0.00000025937958433
  0.00000032725944020  0.00000041230232429  0.00000051852788319  0.00000065085416854
  0.00000081580642614  0.00000102346863115  0.00000128805171333  0.00000162658903505
  0.00000205168616326  0.00000258428887402  0.00000324790814049  0.00000406991059997
  0.00000510132878996  0.00000641525705419  0.00000809369699262  0.00001020981679212
  0.00001286762497799  0.00001623378302921  0.00002049200560927  0.00002578178765491
  0.00003234422152590  0.00004044175809061  0.00005075893267242  0.00006388354682660
  0.00008057791845587  0.00010170420202216  0.00012805821263615  0.00016065339982378
  0.00020108849439126  0.00025098390017844  0.00031419810341252  0.00039536623660335
  0.00049733025856052  0.00062399548494754  0.00078095276210401  0.00097630880630564
  0.00122181626465829  0.00153098897698695  0.00192206054676455  0.00242032533883539
  0.00304491102254872  0.00382380294355235  0.00479898224688381  0.00602797744063417
  0.00758705781198438  0.00958127082240487  0.01210022549594639  0.01532277463668056
  0.01944775920305540  0.02476372914429609  0.03164001235806346  0.04061361752206712
  0.05256814714424472  0.06849252960514465  0.08998581852375416  0.12018568513204324
  0.16574217025595114  0.24225855376216907  0.41280481388201934  1.00000000000000000
 -0.00243246115063283  0.00988000830140324  0.02020536616726825  0.03068442467608481
  0.04132230762830056  0.05196509842062516  0.06258418818897601  0.07301447399932087
  0.08334825433996570  0.09372265248424187  0.10413426242074406  0.11482388160655040
  0.12554521324453830  0.13626836532966860  0.14699448758984751  0.15778716746079746
  0.16850432626908346  0.17894917810484251  0.18932152265348884  0.19963511309989673
  0.21001428638925138  0.22054288103350325  0.23111891591764863  0.24176375392617919
  0.25243280735064327  0.26315110464487623  0.27378607159846413  0.28435215519353396
  0.29491378557187553  0.30564074500808774  0.31634667575934011  0.32715476151980682
  0.33787826897597972  0.34861121252577087  0.35911395692705550  0.36971270456332084
  0.38020177484973150  0.39076390220028240  0.40115241494622206  0.41168674523379895
  0.42213177061916829  0.43267311048741691  0.44305571085538537  0.45363929825590793
  0.46429191488282368  0.47491704104263643  0.48555318668840330  0.49613484769519983
  0.50668372125543215  0.51712909980035549  0.52765988060012781  0.53812817435023008
  0.54864962530147288  0.55907826743259692  0.56973574941298433  0.58039625647631488
  0.59104909553484541  0.60153516225529158  0.61193297537057167  0.62237548884526994
  0.63283358493793485  0.64345805206350692  0.65398470262296471  0.66446577563233211
  0.67480082172515454  0.68507647184231146  0.69536977144887091  0.70560978308913191
  0.71595165153429474  0.72637430569523143  0.73693184247368848  0.74750179010299045
  0.75803207266336392  0.76851164749951062  0.77889520945470370  0.78933107443084971
  0.79978779027040681  0.81029014836047197  0.82077869489560284  0.83122662135384273
  0.84165099155823919  0.85209306946577157  0.86250006679012448  0.87299789520465532
  0.88347886766203176  0.89414971803280630  0.90479749839019130  0.91550886031800294
  0.92606359565663043  0.93654866897115829  0.94707108238885807  0.95758462509786835
  0.96817826744188107  0.97868777814934160  0.98930872663709779  1.00000000000000000
 -0.00243984987076472  0.00988544621531960  0.02020020044967653  0.03066379921562146
  0.04115360430986897  0.05165058281700491  0.06227690593790856  0.07281558051350577
  0.08347135847072228  0.09412027949902671  0.10474005861854063  0.11526314693468959
  0.12558450733540180  0.13602380900848060  0.14655017933307340  0.15733547028552219
  0.16803950660675640  0.17872606656585907  0.18944971428254068  0.20008171654419893
  0.21083973872255243  0.22145307831104627  0.23220061565732028  0.24278311299266284
  0.25350627690019678  0.26419638749265073  0.27485746947424472  0.28540677603581299
  0.29585781573679426  0.30627672462117350  0.31663050444554441  0.32696190766143673
  0.33734892555571977  0.34791766877918051  0.35848479916325426  0.36895706756911623
  0.37937473424195095  0.38983096271764939  0.40027954859489889  0.41065448093768964
  0.42096704763088588  0.43126385644851833  0.44154723880878533  0.45204731278128440
  0.46274736797004146  0.47369120370633688  0.48443098102586318  0.49507502695466532
  0.50564737745020849  0.51626563387649971  0.52681276022772283  0.53731205826916795
  0.54801157376588971  0.55884670690150695  0.56962912353344120  0.58039232377497973
  0.59092317308935471  0.60152495171323772  0.61196240667093471  0.62260322209713037
  0.63312881915481012  0.64375139845011620  0.65447048417913845  0.66524729043752218
  0.67594501430516674  0.68658359824300419  0.69700917142111429  0.70745215918676463
  0.71779735022917313  0.72819184197457731  0.73870120338444833  0.74928570066610234
  0.75998063552578532  0.77067071237003115  0.78130276670289744  0.79196408394713802
  0.80255166425201774  0.81324223123778505  0.82365457686450538  0.83419995575503181
  0.84440123039532866  0.85470019350319748  0.86483904275514289  0.87508803612458352
  0.88537607532948748  0.89558691815278624  0.90595313253440746  0.91630106380589560
  0.92666545316525317  0.93719181688394371  0.94773030194666763  0.95819415607646763
  0.96847607860848728  0.97891209708556848  0.98945766903466259  1.00000000000000000
 -0.00229894100223116  0.00980755212968261  0.02029616318446519  0.03085469156451545
  0.04155027839467398  0.05210644136704731  0.06272784349365408  0.07336550511772581
  0.08403013904314026  0.09470140380418544  0.10524741830935681  0.11592318276828445
  0.12646375554025180  0.13698527219736706  0.14754488252689710  0.15824144879971094
  0.16890060257922751  0.17944128005956669  0.19009750640943415  0.20081617184871070
  0.21162203291243392  0.22224855862426698  0.23278285093901369  0.24320995824149919
  0.25367021156541264  0.26410975743476300  0.27458972832523354  0.28512071354203306
  0.29572433282640376  0.30637234183831269  0.31690559560324522  0.32743224863037801
  0.33806817192909189  0.34879240141603268  0.35948345552841154  0.37004864456473940
  0.38065706434982222  0.39115224366571300  0.40161400386036311  0.41195390225341738
  0.42236201548525809  0.43292221808664533  0.44342850027143765  0.45401437429305513
  0.46445182781083072  0.47503136972187826  0.48550263721955678  0.49600862670288159
  0.50659894393982563  0.51732960925720428  0.52801498645743050  0.53858640552749282
  0.54903429484381083  0.55939460317225276  0.56976318596125297  0.58013285900879608
  0.59058049433026794  0.60101167318271431  0.61147818371905416  0.62197284841801581
  0.63252041585438312  0.64305802275531698  0.65367639513613252  0.66438412050492335
  0.67505590926601489  0.68570660581649567  0.69610189143463153  0.70643637576150453
  0.71672934178528347  0.72702081662327411  0.73760581392115898  0.74814198832040901
  0.75866655096868696  0.76914221452514497  0.77954516640354243  0.79003095235665133
  0.80041158923591038  0.81089966790247192  0.82156434369050735  0.83219406509050575
  0.84268014597188079  0.85310381845769989  0.86349194574967347  0.87399455514408342
  0.88440133348457006  0.89494360289219765  0.90548983608063327  0.91605080925332427
  0.92644309648076317  0.93673370672093104  0.94713298114330935  0.95755478439130848
  0.96813399639551367  0.97858715665378049  0.98930496329105966  1.00000000000000000
 -0.00239117787062122  0.00959264801745174  0.01992106153992292  0.03052246127547821
  0.04108356827558763  0.05149664140466735  0.06203103277515021  0.07255771222842673
  0.08312099763274511  0.09378605614096942  0.10430851414228345  0.11480789753046849
  0.12522361217260608  0.13576007707726517  0.14626049277957984  0.15684709958529761
  0.16744065875337633  0.17802983129398622  0.18853650320577325  0.19910636947861152
  0.20955338089787010  0.21990156421369145  0.23014978854344004  0.24053879621015800
  0.25099866585938863  0.26158491244700161  0.27209029782100252  0.28254961449722871
  0.29291388860352974  0.30323400108497722  0.31352955925923964  0.32387782946975158
  0.33444606121444742  0.34512501260032202  0.35571789156546330  0.36622061408798678
  0.37680594119633820  0.38766154492220767  0.39848648921136703  0.40921280317367936
  0.41984435818025850  0.43050651738701889  0.44119037585143378  0.45173720221593000
  0.46228937985020424  0.47284811468757787  0.48343253351980142  0.49396157672867658
  0.50459105873659793  0.51529266059059675  0.52582435075596379  0.53624364230183152
  0.54671454316279566  0.55732298734517460  0.56799098560701389  0.57850582895506986
  0.58912652341815941  0.59967664597454018  0.61031066608454798  0.62087400357663125
  0.63149473350123531  0.64216056016121348  0.65281697104958025  0.66348349723464450
  0.67410173089841230  0.68475787720508308  0.69535256831172232  0.70582156586641509
  0.71632653117533673  0.72688475180396861  0.73741035231390384  0.74791564783085729
  0.75842572994868629  0.76900773641368592  0.77973185176852067  0.79038188710350277
  0.80112487595142856  0.81162122494957722  0.82216367110453237  0.83264584471761094
  0.84318215780296590  0.85372710351565717  0.86429477139625366  0.87499428295318726
  0.88564665890954508  0.89612214536134438  0.90642948871649409  0.91664053055382444
  0.92722478788416973  0.93771853553410622  0.94820139859006192  0.95863313031418362
  0.96888261439540058  0.97929411413107936  0.98954513749055473  1.00000000000000000
   9.5513225058209406E-012  -1.0000000000000000     
 T T F T T F T T
