  0.00000272786238668  0.00000342988360617  0.00000403307560735  0.00000465094324504
  0.00000531401450526  0.00000604043086315  0.00000683972520865  0.00000772659692010
  0.00000871513381534  0.00000982277640001  0.00001105403766766  0.00001243545818182
  0.00001397676727668  0.00001570467774336  0.00001763334078340  0.00001980211436287
  0.00002222765785975  0.00002496710273953  0.00002806994169638  0.00003153384666793
  0.00003542549509203  0.00003975799664932  0.00004459444042229  0.00005001252111495
  0.00005609499639920  0.00006294002403148  0.00007063549677605  0.00007928154547579
  0.00008897119356825  0.00009977939594735  0.00011186834593045  0.00012553729291826
  0.00014095490910424  0.00015830162455167  0.00017779610291102  0.00019961241792355
  0.00022386664641771  0.00025105315306883  0.00028193735000462  0.00031680548375438
  0.00035593423048631  0.00039967977368245  0.00044847291758196  0.00050291303031861
  0.00056395015035838  0.00063255523282931  0.00070983979437027  0.00079715744743572
  0.00089540590925705  0.00100506818389442  0.00112835573082216  0.00126729596407933
  0.00142273322297294  0.00159637785769083  0.00179070750334059  0.00200787597386796
  0.00225127664749216  0.00252683319369478  0.00283746623783809  0.00318439406419530
  0.00357226442002975  0.00400695832135486  0.00449548343761872  0.00504958648614563
  0.00568022450447697  0.00639183936298518  0.00719007690384131  0.00808144798242151
  0.00908073670961925  0.01021188164191563  0.01150989912249430  0.01298662893670080
  0.01465773889271081  0.01653889319859874  0.01865912804290807  0.02106355203060251
  0.02377412879164839  0.02686871740259168  0.03040602557266360  0.03445899943000844
  0.03911456468413579  0.04447801708946961  0.05065283908556086  0.05780103936360796
  0.06608786493125615  0.07589051549594227  0.08754944036905556  0.10141548459280321
  0.11810928037959562  0.13859722137657962  0.16433881528208122  0.19750267590411821
  0.24366803057345715  0.31551201491278996  0.46110361708958197  1.00000000000000000
 -0.00235444093853558  0.00971988150850886  0.01992442462449476  0.03070046624122296
  0.04142483807396064  0.05192565767336567  0.06234390188138958  0.07268343054035217
  0.08318698949717160  0.09362853857995083  0.10410303393765723  0.11463067816738123
  0.12522738641399178  0.13589272462739629  0.14648635698678580  0.15687100334246970
  0.16722601783731025  0.17763972610348677  0.18824880361246255  0.19885304224891634
  0.20948709755658695  0.21997624246088240  0.23044406276451437  0.24087477816007469
  0.25142809091529184  0.26192690743247643  0.27243774296943707  0.28296747194021815
  0.29357171713085362  0.30416867676036113  0.31479111057179116  0.32526971795681753
  0.33581626214407517  0.34629626142415382  0.35678815150140042  0.36729696012008617
  0.37787474857970926  0.38849588581730676  0.39913694206056510  0.40968746209359258
  0.42032193920218502  0.43094859027832527  0.44164111515632154  0.45223381743761037
  0.46278074906715916  0.47323992501612155  0.48370140026470815  0.49417604145921906
  0.50465794604560132  0.51519957340903677  0.52568642597295512  0.53622631234898721
  0.54671493772719415  0.55717511713183598  0.56771940877537241  0.57823961731453144
  0.58881946161773957  0.59933720733341966  0.60990244094799617  0.62046759225921566
  0.63095338448819038  0.64144865102883775  0.65193420075863762  0.66237246745955469
  0.67286191733639311  0.68335073393316370  0.69387796868081408  0.70441142915021371
  0.71496001107691387  0.72549532089935276  0.73597348159809495  0.74641093759087429
  0.75691139534470964  0.76738529607350769  0.77793102493654043  0.78850335715994113
  0.79909258304381969  0.80973778924340845  0.82024400569955802  0.83089099968829683
  0.84144586726438386  0.85206218181568638  0.86253549508330207  0.87295619106599320
  0.88344742077655758  0.89399313648885603  0.90463723017661990  0.91534659951715092
  0.92594395289628240  0.93651047125660847  0.94702792109782696  0.95762271862031967
  0.96825639991498946  0.97883394611251706  0.98940364757415500  1.00000000000000000
 -0.00246038504677024  0.00964074151071632  0.01981708810146240  0.03033832757326990
  0.04081186482021304  0.05129151755938932  0.06180892262046286  0.07249283957694055
  0.08305904411041340  0.09377742955572729  0.10435964634802511  0.11505514316108698
  0.12557400401020591  0.13596595692912236  0.14651409582244829  0.15712054063344219
  0.16778799465722355  0.17838879723009574  0.18890399116493600  0.19953934966856798
  0.21007592316651805  0.22074559984866396  0.23129467705752782  0.24182881710819035
  0.25232246195941810  0.26281094635034785  0.27327302593987418  0.28375597796228152
  0.29425229761183286  0.30480620700081357  0.31536053804219732  0.32585101990101645
  0.33636777244980365  0.34688832330644986  0.35742848294588048  0.36789605227345090
  0.37835679525541155  0.38887176750355057  0.39944181561399933  0.41001510291776894
  0.42060259776888009  0.43121192041099160  0.44183807414962972  0.45254281698164639
  0.46322405045199128  0.47393765695028023  0.48461519476630149  0.49525045955221397
  0.50583148245238374  0.51633108512123738  0.52687666173762659  0.53741888181110964
  0.54792959456589629  0.55845846811399213  0.56904468673059139  0.57971527675289913
  0.59038991387276429  0.60103938927087641  0.61157371555640472  0.62202777528744846
  0.63240716936179553  0.64286042656731934  0.65333772110832844  0.66377723773509711
  0.67428471788321498  0.68475584217486363  0.69531298078511228  0.70573776079150574
  0.71619446429959688  0.72662080035383025  0.73712411729820926  0.74758869967032293
  0.75805691858925395  0.76850589241752465  0.77903170772592090  0.78959364048814573
  0.80019463389836765  0.81082990054435866  0.82140003227913228  0.83197887508164858
  0.84244999967695422  0.85290601928080678  0.86323326606203432  0.87368167486122650
  0.88423236617974166  0.89487035331431453  0.90549738986308848  0.91606975570594007
  0.92664748640291572  0.93717631854374117  0.94771629973229576  0.95817045483233565
  0.96859542935028575  0.97898112209417454  0.98948741972655585  1.00000000000000000
 -0.00248110513470438  0.00953721925574016  0.01973618250347711  0.03039155948620500
  0.04103355487077503  0.05159149587337201  0.06212103095901182  0.07255417902126415
  0.08301159511672689  0.09344553780440989  0.10391475773610521  0.11460207933577693
  0.12511183022352307  0.13562997121146181  0.14598733366645728  0.15659186281618995
  0.16720255197965134  0.17781701340896791  0.18844254941914015  0.19905821740002966
  0.20963700171933536  0.22026159335340795  0.23088109538488943  0.24167998187047779
  0.25230709221934949  0.26295667959316771  0.27351887115454326  0.28409022254289967
  0.29467155156440061  0.30527316829701251  0.31585814644466714  0.32638309085078554
  0.33687895829286013  0.34738326735453329  0.35783729997125202  0.36825724783398939
  0.37867828038288731  0.38920588198915118  0.39966702170837026  0.41018462964181701
  0.42075427860312697  0.43142696208251419  0.44204872771930109  0.45265711066263603
  0.46322246083487573  0.47375042008510881  0.48422820575973136  0.49474403154574437
  0.50528347659886075  0.51585527047170743  0.52637924320875806  0.53689042504433748
  0.54738302459799026  0.55789389526071520  0.56843577947845858  0.57895004840879261
  0.58950760781934997  0.60007627488827087  0.61067424297309081  0.62117683183337302
  0.63172691567149641  0.64229767863365816  0.65283291273355570  0.66336367501836668
  0.67387344777806990  0.68438783893465793  0.69492650879742901  0.70536500908090471
  0.71588735513114443  0.72626971550514419  0.73672487177999380  0.74714775760033525
  0.75770713522410760  0.76816200992370720  0.77858418653072026  0.78894267784544814
  0.79940223191217297  0.80991238336402205  0.82050757668596119  0.83107911682586100
  0.84170459953157795  0.85220761595688188  0.86277167381071451  0.87330708073663799
  0.88384908934139161  0.89452755231080305  0.90503092269095342  0.91569906724100925
  0.92621424544207720  0.93688342774314581  0.94737821911390452  0.95785557590232040
  0.96843187205603276  0.97899190063495312  0.98951160468191734  1.00000000000000000
 -0.00244608575036544  0.00953261624239900  0.01974669899006341  0.03039611831857953
  0.04107129784043040  0.05157899474943062  0.06211223796214175  0.07252953921882110
  0.08306066441455204  0.09362966919739937  0.10420315594572585  0.11485421653734854
  0.12546013137938836  0.13601471258213416  0.14664513534105481  0.15722583340759247
  0.16785633644044406  0.17831173277922011  0.18878250374966518  0.19926176374078597
  0.20985461623790141  0.22037002219079746  0.23098012375668281  0.24149993992527041
  0.25203968584725145  0.26245054271913276  0.27283657664314187  0.28328651166113167
  0.29372689006444103  0.30429761612271777  0.31493314512054527  0.32559327544288391
  0.33620080811265152  0.34682943907566771  0.35746202750874523  0.36804662495929469
  0.37856220008506353  0.38905846857555010  0.39956392282771885  0.41013650433891319
  0.42075935877144771  0.43144620913900733  0.44199611120101356  0.45251723258831295
  0.46298296821377394  0.47347648383233576  0.48388721637933985  0.49428564433595717
  0.50465881225852638  0.51504997915842043  0.52561784822888347  0.53620594947053468
  0.54681847774298287  0.55728319854269526  0.56783774066496240  0.57839136210238173
  0.58898570851986076  0.59950730375155858  0.61001531269078868  0.62055290292172471
  0.63103711324318479  0.64160772409322642  0.65214413210463340  0.66277121053185062
  0.67330106607436879  0.68386721466162326  0.69447078347469049  0.70526484271603940
  0.71587744774544648  0.72648377588355151  0.73698752415496271  0.74755273622502427
  0.75810482009277003  0.76867831233735540  0.77925048723326196  0.78972612815239973
  0.80011289264389007  0.81044091614649849  0.82086067946521535  0.83129971796557767
  0.84189680557063784  0.85238321655991878  0.86290367766621656  0.87328279345196091
  0.88377280461863206  0.89432242147507279  0.90498376383239820  0.91556409289670959
  0.92615417874874384  0.93674347853295425  0.94739102464766334  0.95806084021367066
  0.96857738500110990  0.97906945175113091  0.98950845375712382  1.00000000000000000
   5.4183304462941068E-006  -1.0000000000000000     
 T T T T T T T T
