 -0.00153082178017966  0.00639830194115521  0.01349280774218736  0.02061973414939859
  0.02807075405204025  0.03583654868048116  0.04386889675603779  0.05215310651268956
  0.06062449547100972  0.06935604970755653  0.07832395877987414  0.08748954734897008
  0.09678861215384711  0.10616847866147530  0.11568710401790651  0.12529524123656016
  0.13493146544019530  0.14447303011160029  0.15401649554171226  0.16361995121216613
  0.17338071094565860  0.18307997179447610  0.19287919940236581  0.20278362268835312
  0.21282341954421577  0.22292281832767150  0.23289886271882460  0.24290611324375994
  0.25294102842573057  0.26307441231497969  0.27320010737539191  0.28329167026828384
  0.29339224146523030  0.30354593189178686  0.31373620230147942  0.32394740443513381
  0.33416197474988091  0.34443753400605193  0.35479383021316968  0.36518105262925737
  0.37555757891905817  0.38591718966019189  0.39635513259569732  0.40679516088364337
  0.41726246484740381  0.42768869417423200  0.43802059891326178  0.44835043454684620
  0.45873263449565527  0.46933910609312673  0.47997103453903461  0.49053171771029219
  0.50101815063560617  0.51145563224447677  0.52188443812469298  0.53240672594148697
  0.54302393560746365  0.55370580229389699  0.56433939497614261  0.57480341386850831
  0.58519807508453370  0.59563062325341432  0.60628406227568477  0.61703024710065657
  0.62782965099024446  0.63871308736542853  0.64969602564754847  0.66067427745840024
  0.67164845197499456  0.68260944459494421  0.69351953218498041  0.70432337261969724
  0.71510424019854602  0.72606888479368570  0.73713455845068054  0.74832701594162843
  0.75946584798075056  0.77054795086874528  0.78158818048514633  0.79263306251031262
  0.80387942454000871  0.81518202648109894  0.82653355985627974  0.83778940024190895
  0.84905367886891059  0.86038383269775065  0.87192692026165497  0.88363684117013119
  0.89540853813566978  0.90725546448612115  0.91935763058869391  0.93195089494616545
  0.94528562552023110  0.95983782655019367  0.97760464449971862  1.00000000000000000
 -0.00207678935912423  0.00962707865742878  0.01983191980060248  0.03043377362340590
  0.04102648984438093  0.05162379935647449  0.06224829493565076  0.07288170510055826
  0.08351505897578085  0.09415835039198030  0.10493796101935055  0.11546730791950703
  0.12601136139803704  0.13616727532340933  0.14649194754052142  0.15677296435261365
  0.16716884286818939  0.17752896325467696  0.18791507471673985  0.19841983299072374
  0.20895346469619733  0.21944460723856940  0.22993639567869603  0.24049347567024118
  0.25101812888278330  0.26162395179778802  0.27218407167120201  0.28295909168097283
  0.29373178387166693  0.30460078967957033  0.31534998466385855  0.32589993053647387
  0.33647623241448676  0.34711096484078063  0.35791289571075291  0.36850831949671853
  0.37907672366165790  0.38969210644552865  0.40036829520752132  0.41104883057166125
  0.42170547738486608  0.43241975913431735  0.44303369223567679  0.45359787563696191
  0.46421652455578322  0.47469096873268724  0.48506416376468137  0.49537573728875439
  0.50580727563712402  0.51632454591654375  0.52674916893293677  0.53730543705045153
  0.54796479952316934  0.55870664647866486  0.56938177569529080  0.57997241540527278
  0.59064665670806304  0.60131483909310468  0.61185828152792077  0.62232661521089072
  0.63260735440544846  0.64298062696070513  0.65326480650708763  0.66366829981588316
  0.67416634024675459  0.68478678188982856  0.69545984959486629  0.70606856628241699
  0.71661028939113924  0.72703421436725058  0.73754473792816699  0.74809312593534560
  0.75875600441670166  0.76922294701771809  0.77965507133291523  0.79012136934997901
  0.80061449154867947  0.81116416034360150  0.82146506531794439  0.83206128690922487
  0.84270288543647875  0.85338108560541981  0.86387600810300946  0.87415717112529390
  0.88475142837329268  0.89527328658649008  0.90600181937148505  0.91665910823243479
  0.92703726392460506  0.93760872635126424  0.94806981386973144  0.95869646561238830
  0.96905152704689723  0.97938921308707572  0.98970450160936618  1.00000000000000000
 -0.00234580648274040  0.00935999853422513  0.01942495678353321  0.02981493419897129
  0.04025294868245258  0.05050632644224428  0.06072120662183102  0.07111855781717365
  0.08169841892081006  0.09235535133695681  0.10297955810261226  0.11352397004352953
  0.12409817941234866  0.13462524010970706  0.14539547052706381  0.15614111466977945
  0.16686868258695328  0.17738854967224663  0.18805727372088285  0.19880800645273203
  0.20961173129662111  0.22030192871883694  0.23095840180513624  0.24162996533696693
  0.25229530837081682  0.26296884430600997  0.27350828757174056  0.28397192870058169
  0.29439223470022391  0.30483604144546994  0.31537808114081517  0.32590338217179915
  0.33648246067709686  0.34698665870525547  0.35760460014149786  0.36834970568573205
  0.37912604708338887  0.38971637821103244  0.40027793261388578  0.41087562633297547
  0.42149437896385389  0.43192723913639341  0.44237159608040999  0.45291468450996208
  0.46347438209700048  0.47395998333960804  0.48441526897985882  0.49501808317029117
  0.50574147468578756  0.51646048703007674  0.52705149256609163  0.53753555436327616
  0.54791105050069522  0.55822597116158090  0.56865977075749852  0.57908234844360273
  0.58964534974080585  0.60004164091169754  0.61047338494932601  0.62082682894938246
  0.63122043884748735  0.64172862770657335  0.65225873603160944  0.66295402248460056
  0.67371843423226518  0.68454285207605081  0.69519751353900738  0.70572787418121219
  0.71615556731843322  0.72656506001281429  0.73705331310016620  0.74758974745917384
  0.75811042653011784  0.76858452562539292  0.77900711077381191  0.78941733948633097
  0.79975145203670694  0.81010201766675149  0.82068621984238455  0.83127906990001832
  0.84196796893137216  0.85241833708198056  0.86287245978287230  0.87336434382646400
  0.88391786937702710  0.89450242118856438  0.90492341880449267  0.91542883898356731
  0.92610822017128458  0.93687270455420169  0.94753598103423908  0.95804509731023901
  0.96842652538262886  0.97886618260764080  0.98934992786985854  1.00000000000000000
 -0.00211878686357164  0.00981866103209607  0.01978318581891383  0.03014864652472043
  0.04037064095946492  0.05062656835937656  0.06085420379758281  0.07128203201186831
  0.08181801461356478  0.09233832732798858  0.10274165814877495  0.11318446299756732
  0.12358259982873718  0.13414309243200032  0.14465910972369864  0.15509382729248666
  0.16548969579491932  0.17609047380733861  0.18675201875780281  0.19729207181743844
  0.20782708847484238  0.21859791735675155  0.22948963865118535  0.24007433861507538
  0.25065720399918795  0.26137574266820818  0.27208082655382743  0.28264361091194778
  0.29315137035040623  0.30373982408417644  0.31418680710186808  0.32450115910342414
  0.33493189682755914  0.34562310292327769  0.35644983872397318  0.36720148227206661
  0.37779313687832738  0.38843818037483646  0.39902138159491607  0.40959814647798376
  0.42003816412361872  0.43052506377827571  0.44086338248091084  0.45118140460094419
  0.46144825592901562  0.47175063134828615  0.48204140138536883  0.49233700197111241
  0.50278959259633504  0.51331497133434945  0.52406210316960267  0.53489514702931862
  0.54564616426629164  0.55614926000006226  0.56666380276694983  0.57705349403038431
  0.58746701058647355  0.59781357531274060  0.60835420070123303  0.61899621458711873
  0.62953805178025912  0.64017510496632313  0.65087616288665895  0.66157928665751242
  0.67218244827769558  0.68270964114144939  0.69322408208989217  0.70386153508259863
  0.71443676819408275  0.72504584735439304  0.73565344083408013  0.74630473405666797
  0.75695151285453155  0.76756588923308233  0.77822260815154831  0.78897183878871802
  0.79960574015878383  0.81033795103454631  0.82088484666388195  0.83146559367654393
  0.84191500622876969  0.85239251093071167  0.86288150510627859  0.87339755336243008
  0.88395851766572486  0.89432985192566228  0.90477293125467506  0.91530417726050872
  0.92603964974014730  0.93667760162427283  0.94712592972658538  0.95751835824439802
  0.96807104782220077  0.97872370489127214  0.98942467379079735  1.00000000000000000
 -0.00242412773747227  0.00976283309418929  0.02004071384923697  0.03060523764848872
  0.04133270254395321  0.05205036408074218  0.06247142709957491  0.07296782880488629
  0.08333150642452998  0.09374389380819063  0.10401855526290703  0.11457683182453801
  0.12500056851893299  0.13551527461546486  0.14609121966796260  0.15684531033028271
  0.16760182134522517  0.17818631514186528  0.18874997128407134  0.19924760576375100
  0.20976024273364058  0.22023754292489109  0.23075376967288136  0.24136731381413179
  0.25213472958731958  0.26280628168376763  0.27330983307378315  0.28382222920885408
  0.29427496888851162  0.30472374184644574  0.31510123719528949  0.32554943807904840
  0.33594520710801928  0.34639350839731498  0.35694330145979569  0.36751426779621926
  0.37814772746603598  0.38873088389523680  0.39929407227672248  0.40979446893507926
  0.42033500016045289  0.43095498553961065  0.44157482951997962  0.45216232641999560
  0.46269663002703065  0.47317828083368618  0.48368653825171182  0.49422660702443821
  0.50474935645096586  0.51530760062323255  0.52595957910236346  0.53675788766492472
  0.54745516845064834  0.55805236062043129  0.56855561025971668  0.57916460134994008
  0.58982201339160989  0.60056329589952795  0.61119270366662026  0.62178626402468440
  0.63232676863324200  0.64286926416814383  0.65346511108304572  0.66410124986363273
  0.67469251096667926  0.68526242566542628  0.69575211740808307  0.70628220478615389
  0.71669840445449384  0.72713885746006923  0.73766221908345342  0.74819571445076793
  0.75879289173314068  0.76942089129048263  0.78011769420931398  0.79068105619326812
  0.80105886186174780  0.81138408815196195  0.82181657024630705  0.83237239850511202
  0.84290525863479993  0.85333852458199855  0.86368646930941351  0.87419315203029457
  0.88477283761056236  0.89534420009110238  0.90578418047377107  0.91629209099066111
  0.92682018384547327  0.93717402252958171  0.94748853373323128  0.95777608033045003
  0.96819046768140637  0.97862501315832695  0.98922958709087461  1.00000000000000000
   5.3658779119411391E-012  -1.0000000000000000     
 T T T T T T T T
