 -0.00156830529374574  0.00564594609913065  0.01251254482207178  0.01920272391156326
  0.02622727023685652  0.03361193843591981  0.04134297449906909  0.04940096465643913
  0.05771696835396083  0.06628736246689168  0.07506450763086145  0.08397516958987494
  0.09299895239066497  0.10213032585477264  0.11135503784703198  0.12065525908834417
  0.13002264550092801  0.13948016606304559  0.14904305657119424  0.15867795501350551
  0.16838474207827817  0.17814516996874519  0.18794404213112853  0.19777694911025895
  0.20764483202284242  0.21753687361970958  0.22743404724492797  0.23735888497976054
  0.24733468779844664  0.25734654262803991  0.26739220525493729  0.27747850732538437
  0.28761023380549594  0.29775650251395053  0.30789876374726649  0.31807209896906657
  0.32827186521614732  0.33849818967563911  0.34876964862045157  0.35910273543000265
  0.36945765130537456  0.37978866451216808  0.39007312603300809  0.40036196457260437
  0.41068917969082963  0.42105348529542552  0.43144671749901242  0.44185082257187797
  0.45228292108838497  0.46278269424895729  0.47333832253957081  0.48388645536832048
  0.49441627170100100  0.50494073624298763  0.51546942267041118  0.52599792997779371
  0.53656501008205082  0.54718615591590825  0.55782774107339306  0.56842203083669440
  0.57899809030536686  0.58962876632563643  0.60033875177551965  0.61111541097154820
  0.62189279937090414  0.63263365349191725  0.64334715708351786  0.65408017044261957
  0.66489504858481641  0.67578419957302671  0.68670183362223158  0.69764694953542483
  0.70863338958479838  0.71964325797608186  0.73066250828588253  0.74167153437851674
  0.75273541325666560  0.76386909043313023  0.77508257337023667  0.78633887279879733
  0.79761212388125602  0.80889673986134702  0.82016687618613138  0.83148767473356722
  0.84293534668686609  0.85453362695066926  0.86629312633148126  0.87819918714671319
  0.89028390002324553  0.90255502145210342  0.91508406663196473  0.92802015574065611
  0.94161862466422086  0.95635947094029850  0.97493120129149147  1.00000000000000000
 -0.00238212383966106  0.00933068741294963  0.01937703456334126  0.02994408122495742
  0.04043987621341247  0.05108071311588441  0.06172926633282456  0.07231534619124887
  0.08277413038734634  0.09326819421215689  0.10374842015536942  0.11434123900102858
  0.12483012995458369  0.13538773359492695  0.14587178480227661  0.15645985495755038
  0.16704024595589864  0.17757427827744932  0.18814072608222387  0.19867485573717972
  0.20924093026777510  0.21980673764387165  0.23037959512494560  0.24089756915654767
  0.25133055164863288  0.26180518091620975  0.27225015783166706  0.28274473601616268
  0.29326311313704784  0.30391359723775185  0.31453289574331050  0.32503479202971663
  0.33544781249226679  0.34591434300586160  0.35650199644700958  0.36716742378378198
  0.37777760460911775  0.38831203635772676  0.39884010650820728  0.40931844787578125
  0.41982893241308511  0.43039415090982736  0.44091730968270182  0.45143750346744810
  0.46194140649333076  0.47255483450864499  0.48313058549074511  0.49363495158568044
  0.50418833629394588  0.51477061647223121  0.52541947669159961  0.53606441629304258
  0.54666164911079174  0.55721205097640913  0.56777575402370928  0.57836802917943975
  0.58893119422139506  0.59945988347108947  0.61004315898879258  0.62068362522927145
  0.63130700638050419  0.64183920474507394  0.65240225242647165  0.66292884799494467
  0.67352942461600329  0.68414352885016472  0.69482182158966810  0.70547033956552985
  0.71595744494273073  0.72644486290220156  0.73697805290370622  0.74751373658028863
  0.75802068850827609  0.76852493032188440  0.77904336796079632  0.78959856834726527
  0.80012203472840682  0.81064487561595422  0.82114086112269735  0.83165550610001282
  0.84215322061688802  0.85270227771631402  0.86327940647266543  0.87389086824247586
  0.88447692318353088  0.89504046245346858  0.90553359589792393  0.91601384906653593
  0.92640006996701807  0.93682103984898957  0.94723235121949656  0.95764212593248765
  0.96824870404081242  0.97880471826910020  0.98944842159484925  1.00000000000000000
 -0.00224981665384318  0.00941803653960767  0.01941691204704388  0.03001616951409240
  0.04057817126819106  0.05101600690970625  0.06130432666382393  0.07161767573137183
  0.08203808683550269  0.09245614758374264  0.10289784380471749  0.11340279692322201
  0.12392596711680091  0.13445395551354292  0.14500908867635651  0.15558630506363780
  0.16617512398440837  0.17664097419936173  0.18704066895227592  0.19746965473878905
  0.20805382296889838  0.21870278283938960  0.22934049125055644  0.23987622596804326
  0.25044851913102029  0.26099973020263606  0.27166828524890752  0.28217608064567645
  0.29271906585177193  0.30321450165054475  0.31385016220672063  0.32439978659109786
  0.33494363919469927  0.34548473879960573  0.35606697895062328  0.36664625327898459
  0.37729894495711591  0.38788408894014559  0.39842375605122071  0.40896201233293905
  0.41952803500638192  0.43007595263782683  0.44058603124973628  0.45099932196794101
  0.46151965294774622  0.47197607943681580  0.48259791596273771  0.49317834453525028
  0.50383806324931468  0.51447430222961732  0.52509267517257441  0.53579447070418496
  0.54638076610430231  0.55700537058540989  0.56754676434408113  0.57819874526289838
  0.58875238707412392  0.59925025732260151  0.60971497125807439  0.62019647201052874
  0.63071761795571979  0.64118899445415611  0.65173764326312311  0.66225579494485753
  0.67278972466981291  0.68324444791342309  0.69369935554575279  0.70417415773383674
  0.71466510587050869  0.72522471894376928  0.73583862640300601  0.74648325272662797
  0.75717771009539114  0.76784762132543516  0.77846849038975008  0.78906621706672220
  0.79964554191832837  0.81031439367280045  0.82088988273530783  0.83145786467899474
  0.84192967721644052  0.85242565964868289  0.86295715048545962  0.87334534132412978
  0.88380980261952047  0.89426594427148054  0.90487512195377540  0.91532153678250960
  0.92584771257043919  0.93643245052338886  0.94702172628132020  0.95763008527378390
  0.96828135321749420  0.97891737935332612  0.98948094179017954  1.00000000000000000
 -0.00240268636873552  0.00945162837674675  0.01968673258132288  0.03023930021727991
  0.04081662693875332  0.05132233213386352  0.06187268941880050  0.07240660877165672
  0.08294871045640109  0.09352974681341800  0.10424988181774572  0.11498736645672043
  0.12565931367276437  0.13611781572262718  0.14663633961551592  0.15717541233425805
  0.16770806423643037  0.17815678713342606  0.18851048796869679  0.19892489765495844
  0.20939732647540221  0.22000535813304731  0.23061229214364143  0.24109465523914519
  0.25160481675502328  0.26217491569759205  0.27274267813609737  0.28326857966871993
  0.29373503388634087  0.30426196099163866  0.31474572387384603  0.32517762760660890
  0.33558897440778540  0.34606621637783791  0.35662294392801713  0.36719430715336382
  0.37776728017601835  0.38836669710549387  0.39896682140920625  0.40963255293499606
  0.42019211251286442  0.43076748487113353  0.44124316097641131  0.45185806375870974
  0.46245394980000643  0.47307527740745536  0.48364106117779787  0.49415824368670253
  0.50468575303716667  0.51523954548130313  0.52577771364201331  0.53631468266442572
  0.54683532570976356  0.55745203729607529  0.56797184659769306  0.57851434559414461
  0.58898161425036333  0.59947384176346163  0.60995655978617391  0.62037928530926445
  0.63083226763095368  0.64115432294887476  0.65152787834871384  0.66189108373264716
  0.67244630304712483  0.68303302909632369  0.69362698555015878  0.70419466839365374
  0.71468280988983646  0.72518875979677166  0.73570564751554313  0.74621227829277315
  0.75670390989689473  0.76710636495082962  0.77768598752084861  0.78825659499058198
  0.79889069869676299  0.80955590172414349  0.82023679786613612  0.83094474464564094
  0.84150931398725715  0.85203634858268318  0.86255612706757767  0.87300996961160859
  0.88353710652749518  0.89401831849456992  0.90459066063905358  0.91512451550646334
  0.92574246496098522  0.93625878747404290  0.94683258829222594  0.95724812820254013
  0.96782275662433737  0.97837725299382050  0.98916484428618168  1.00000000000000000
 -0.00241359204710456  0.00940165853643633  0.01960465409326494  0.03023940678086877
  0.04088023925666870  0.05140956629555978  0.06207841992449898  0.07261145505439691
  0.08327211263371254  0.09384884707434508  0.10449078331663940  0.11506357722171492
  0.12559292018508922  0.13616978369946456  0.14674441573204608  0.15730324222639258
  0.16783685574815618  0.17840990308969609  0.18904386274279125  0.19966109092952605
  0.21024284488133047  0.22085835937680856  0.23155675387347291  0.24222260346242139
  0.25276775404243373  0.26332255412799671  0.27392107827977924  0.28457387524069733
  0.29521007822472617  0.30584449606219177  0.31648416504257110  0.32710472631383347
  0.33766694745820053  0.34815358366457250  0.35873343674301711  0.36934584527376990
  0.37996476144188285  0.39045147941388020  0.40094495730271751  0.41152206212332160
  0.42208328393735922  0.43266373533413399  0.44318551242424992  0.45374388032561352
  0.46423955182770510  0.47472367472563931  0.48516816279542346  0.49568141514286956
  0.50613948040385404  0.51659602528959425  0.52707832668601418  0.53761797980910520
  0.54805027750231028  0.55847981485230336  0.56897262219715805  0.57949187452498585
  0.59003806820104110  0.60050989636792829  0.61110494327675757  0.62158491967534202
  0.63212170724254391  0.64270072998570060  0.65325851611349595  0.66393761634701898
  0.67443218926050408  0.68499125996278087  0.69555137204372930  0.70616693450315682
  0.71675217690605919  0.72719067502282630  0.73771777673255168  0.74831290939879558
  0.75896471449528469  0.76957401231423495  0.78003409781510813  0.79049981014364068
  0.80093905740023019  0.81137989516546238  0.82192008745563006  0.83248618037236433
  0.84312957619838225  0.85368543603326219  0.86413124195153201  0.87459119603183044
  0.88501452259174185  0.89554207161186639  0.90606056573352733  0.91649392519809958
  0.92688993590598190  0.93736231797307956  0.94786095331831455  0.95836052551447737
  0.96874711280352777  0.97914539067453710  0.98956885174963061  1.00000000000000000
   4.9015338159089643E-008  -1.0000000000000000     
 T T F F F F T T
