 -0.00156482979387810  0.00569969321987244  0.01260610575457319  0.01934562737777971
  0.02642265785437358  0.03384909558915360  0.04161796207739549  0.04972759900409074
  0.05809678304167802  0.06665103140019878  0.07534301406563275  0.08416347254443705
  0.09312803793066948  0.10224580159036033  0.11150420998308755  0.12086525416325614
  0.13030714042753541  0.13985901570025336  0.14949839143724566  0.15919433144463258
  0.16893293190326897  0.17872610606767594  0.18856143733580688  0.19837218949656399
  0.20815619167956920  0.21796622537763241  0.22785033049693704  0.23783331877012490
  0.24787716889030487  0.25794008560233606  0.26801664719812057  0.27810113612226234
  0.28819825567287655  0.29831940173161042  0.30849266895754773  0.31870843589106995
  0.32893233250577653  0.33916149089195330  0.34944194545304386  0.35975709036283149
  0.37005301264529822  0.38031836048140816  0.39058440583053300  0.40086668880162324
  0.41115509306335019  0.42144170612638976  0.43174527725716999  0.44210112065323598
  0.45251682568766832  0.46296775985813382  0.47343746377079382  0.48389642065991778
  0.49434505165316600  0.50478902153856819  0.51527510585968250  0.52583637010682271
  0.53647003508634827  0.54711299771696820  0.55776152402982504  0.56838944314897466
  0.57903692503895421  0.58968591829403261  0.60034305828644929  0.61104154747298678
  0.62178930450472192  0.63255472184464456  0.64328257316882320  0.65397079979680961
  0.66467895708412850  0.67548105187036933  0.68639352344071669  0.69736498244124523
  0.70833469859165932  0.71933118984062849  0.73036625593125437  0.74148365687271844
  0.75265070882689589  0.76379754174731407  0.77491895264838551  0.78605511596873812
  0.79730087404150707  0.80862284843621735  0.82002020965396738  0.83149958285403225
  0.84309949697129072  0.85477906831669470  0.86650682036880178  0.87831435390782675
  0.89031795881761022  0.90261014405632634  0.91524932174912799  0.92831436989022542
  0.94195054810466028  0.95673680219127499  0.97530796492051586  1.00000000000000000
 -0.00217714476770377  0.00943085480584769  0.01954534303136517  0.03018444158810153
  0.04075513857011717  0.05132118258910304  0.06192046793476712  0.07253464872990958
  0.08316884640025672  0.09366381171785312  0.10418819084518377  0.11472197504377230
  0.12518285967455398  0.13571397178503264  0.14615542066500059  0.15669064930420362
  0.16719138566737707  0.17780561115109478  0.18839978817652250  0.19888953931501455
  0.20935686903274464  0.21992057140065485  0.23048054491844927  0.24095451198728599
  0.25134943456091446  0.26182248311580014  0.27234961555996173  0.28286843277892942
  0.29340684368874276  0.30395447782379215  0.31449488072208864  0.32499628363720034
  0.33548705557002961  0.34593494063292501  0.35638600749519839  0.36672689281256482
  0.37718244334129258  0.38769441428091767  0.39835780147385302  0.40895025783266931
  0.41945023473393128  0.42996917054743977  0.44049016720775064  0.45107850978001734
  0.46166891414038713  0.47242646991499815  0.48310820230776236  0.49366223010610422
  0.50406709023176666  0.51452190918549512  0.52499193031373137  0.53544020358350042
  0.54577650698743418  0.55615048511440657  0.56657483689374988  0.57703894187286409
  0.58750371213789798  0.59806151592215184  0.60870225811476919  0.61945454766097674
  0.63011253489006791  0.64072812730933937  0.65128155824498513  0.66186686310661014
  0.67251147509413856  0.68316770483507228  0.69380305051330404  0.70453983435572409
  0.71522044884189495  0.72595267523242391  0.73666423322536623  0.74738981847919383
  0.75792924973112663  0.76837559665021271  0.77881264725975230  0.78934492228627251
  0.79984471180455985  0.81039548761534996  0.82090868913514348  0.83144424762173452
  0.84197052822349827  0.85253221373823562  0.86310549032622130  0.87368368406192587
  0.88430642208826504  0.89494337365547760  0.90556379568547074  0.91607136451993443
  0.92653016221779061  0.93702012928233402  0.94751205763372293  0.95799018187100116
  0.96837271837099603  0.97888036516288313  0.98937515657694519  1.00000000000000000
 -0.00240638662051512  0.00951007456568861  0.01968171262693022  0.03040916367314819
  0.04098787189062482  0.05148809312117951  0.06209465466322951  0.07275886788405656
  0.08343318692795026  0.09401901854033631  0.10451142442984884  0.11502488177065824
  0.12557130694897889  0.13606417895821393  0.14655979810638936  0.15704538156919920
  0.16759115439138095  0.17811959348168593  0.18861576997848933  0.19911583212489120
  0.20958222261720125  0.22008900960195393  0.23057788940142104  0.24109585701736500
  0.25158118556428832  0.26205786481262694  0.27252892366507830  0.28304457451327331
  0.29358890732520271  0.30426631808677290  0.31489073563765713  0.32562312914295433
  0.33621648586704966  0.34677706293837052  0.35726765796412352  0.36779313939115937
  0.37834385536091619  0.38892748506436742  0.39948328143428846  0.41006678201138236
  0.42065653949966259  0.43129937833115806  0.44194594759409866  0.45258840235035158
  0.46320415952114496  0.47378160330175684  0.48432995788244632  0.49481751419171943
  0.50534423456940458  0.51584110032095576  0.52636070327306583  0.53682705907940365
  0.54727495267101822  0.55780773690589036  0.56837791287866701  0.57899181820207435
  0.58951133847692749  0.60003435195051658  0.61065817136908873  0.62127776301411097
  0.63186606607729123  0.64231850012583491  0.65276672334876751  0.66319407572361033
  0.67370698195416145  0.68424456703350767  0.69481470552109870  0.70534920811959256
  0.71595204265442813  0.72652077380576385  0.73713708392039623  0.74775167758957528
  0.75840151056619187  0.76912624556110643  0.77968580964369505  0.79023208813678958
  0.80061827203881752  0.81099467392931390  0.82147451423121343  0.83191077997215068
  0.84231313256294293  0.85265942920706772  0.86310680292373154  0.87364050571140961
  0.88407285523429968  0.89453321894688642  0.90506221062226710  0.91556305513166647
  0.92604940468329644  0.93661595637015171  0.94734455475555246  0.95800047140681421
  0.96855228367782575  0.97897983394027022  0.98950304575209125  1.00000000000000000
 -0.00243337873425847  0.00981744173561599  0.01993670610212338  0.03037717170890158
  0.04074499316937046  0.05121676961552182  0.06168889075130352  0.07224640086582491
  0.08286561949997909  0.09346110664412866  0.10407867473860719  0.11463964644774677
  0.12531442956485447  0.13589625512992784  0.14646103985451192  0.15692875008767659
  0.16753289575448713  0.17801054206378528  0.18855177928747582  0.19899061090414383
  0.20948161981277591  0.21993019549099543  0.23047584512421246  0.24105896998735288
  0.25163636934296774  0.26222148672615697  0.27272180600024609  0.28322309951852526
  0.29366602280103549  0.30414734697135332  0.31459623966223987  0.32511571166993797
  0.33566956635231765  0.34627782264435930  0.35686331688695222  0.36739318362201656
  0.37789706717283095  0.38827206736063730  0.39861343348344980  0.40901072167899050
  0.41937916084867150  0.42986399764922706  0.44036184861676875  0.45107216874965556
  0.46171373963006962  0.47234181201689346  0.48286313667197822  0.49345431522143085
  0.50391259630199214  0.51443057796106750  0.52489827622620167  0.53548856666001932
  0.54601380554945200  0.55653167178715612  0.56708270921506332  0.57770844195057336
  0.58834236715533494  0.59885911396397506  0.60938669111222854  0.61987888632335097
  0.63036714027685636  0.64088710549152372  0.65148895087166947  0.66213222831030116
  0.67269407275462612  0.68322985186478680  0.69383325649157390  0.70439073817862763
  0.71491640565741377  0.72543996793893795  0.73596780124779149  0.74652291132869419
  0.75700986366679424  0.76761277401168804  0.77818726758635937  0.78876493190659491
  0.79938148877926074  0.81005874560114566  0.82067735772508688  0.83121127720363686
  0.84169726122151090  0.85220686330746342  0.86268202276434702  0.87316649927949153
  0.88366713485843473  0.89414767274221929  0.90459098271565730  0.91506829816631086
  0.92551466900860346  0.93608209910721663  0.94673438426987555  0.95744387464089886
  0.96806122586476273  0.97864343454758673  0.98930210326770940  1.00000000000000000
 -0.00241004293728558  0.00935451179124469  0.01961106121226414  0.03014357382748825
  0.04074564225665134  0.05117142561643052  0.06157248038320227  0.07200498550465678
  0.08257275582458375  0.09319244380338211  0.10374436368707693  0.11417779975699094
  0.12466232267013481  0.13516879819531799  0.14579994635451529  0.15633198889750943
  0.16687259699722165  0.17728546770422804  0.18779494591255122  0.19833202776253517
  0.20897674628956162  0.21956203783371450  0.23017319950871218  0.24079579136486706
  0.25133806646427520  0.26176579104532516  0.27218314417142803  0.28277030258454666
  0.29322021736670706  0.30369786284869771  0.31410389711563419  0.32476589983903209
  0.33539121953541173  0.34603565680482629  0.35663640402153468  0.36715810730478388
  0.37766129989843894  0.38813836128503659  0.39868327104977813  0.40919998209369779
  0.41971474765101652  0.43024795152415291  0.44078660850271228  0.45124370851657375
  0.46179826836092253  0.47241796483250920  0.48306182006458914  0.49368136418922726
  0.50424473310478535  0.51480270428072339  0.52534322438409153  0.53586185238884732
  0.54639617756894665  0.55682373534803165  0.56728060344644249  0.57776508224861445
  0.58829243095657235  0.59878271907721847  0.60924673003492680  0.61973829735621266
  0.63029801023562715  0.64085999195757470  0.65141868232982136  0.66188483730119996
  0.67247603638025621  0.68299721277602110  0.69365475100130736  0.70425518958102618
  0.71489251281699762  0.72546894190179856  0.73606717899206731  0.74668318427635061
  0.75724591814802900  0.76776537080850538  0.77840168487357331  0.78909203067202760
  0.79975199535300223  0.81029112111696122  0.82079302445174473  0.83128783974112408
  0.84177635659593619  0.85225456059134874  0.86266684293027163  0.87309730773395755
  0.88354422959305368  0.89412668013389784  0.90466634329679052  0.91509626990984261
  0.92559125687325450  0.93598269850464055  0.94657364872841721  0.95708701185535894
  0.96780246907759471  0.97853521895065076  0.98928746340466966  1.00000000000000000
   3.7008520815084575E-007  -1.0000000000000000     
 T T T T T T T T
