  0.00000000006126941  0.00000000008752145  0.00000000011476251  0.00000000014822630
  0.00000000018905070  0.00000000024024068  0.00000000030397854  0.00000000038399157
  0.00000000048323337  0.00000000060642855  0.00000000076074178  0.00000000095736930
  0.00000000121275354  0.00000000153419582  0.00000000193701426  0.00000000244256734
  0.00000000308367537  0.00000000389961315  0.00000000492045654  0.00000000619201351
  0.00000000780101261  0.00000000986221386  0.00000001247464433  0.00000001576977097
  0.00000001991252680  0.00000002514218363  0.00000003176292296  0.00000004015352223
  0.00000005072567111  0.00000006397650890  0.00000008095113213  0.00000010237902062
  0.00000012904645137  0.00000016173945354  0.00000020283417026  0.00000025524547010
  0.00000032181308243  0.00000040522722226  0.00000050931502803  0.00000063890153721
  0.00000080015592083  0.00000100376513570  0.00000126305827261  0.00000159386079209
  0.00000200912830518  0.00000252915369504  0.00000317680653221  0.00000397832450652
  0.00000498122720474  0.00000625855107493  0.00000789830536420  0.00000995797715014
  0.00001253900959800  0.00001580265701253  0.00001992608038935  0.00002504142624397
  0.00003138139408731  0.00003920371473356  0.00004916396174738  0.00006178067091003
  0.00007774760507914  0.00009798962850992  0.00012324702592710  0.00015431048156985
  0.00019255384115066  0.00023997720442836  0.00030000031039667  0.00037672877392870
  0.00047347334514729  0.00059442799318753  0.00074564249878621  0.00093573313671849
  0.00117646231025843  0.00148346825912504  0.00187593646241461  0.00237653549739680
  0.00300631243738043  0.00379389339883536  0.00478051545210108  0.00602410738005072
  0.00760161569593896  0.00961762465894967  0.01215929359428343  0.01540944980775964
  0.01956812660179414  0.02492284637325445  0.03184325535322145  0.04086742096101940
  0.05287738695583314  0.06886173531864932  0.09042050987841972  0.12068945791511262
  0.16630819540381064  0.24290572737696681  0.41344704594141679  1.00000000000000000
 -0.00243256558735873  0.00988462517247065  0.02021243354886059  0.03068606406800140
  0.04131669968443764  0.05195668227206076  0.06257981210761493  0.07300995969250261
  0.08335283102438504  0.09373531073693792  0.10415793032680117  0.11484775968105089
  0.12556764181763469  0.13628955790869507  0.14701298056840689  0.15780130710317675
  0.16851301756578793  0.17895380385007148  0.18932457216856471  0.19963834420314600
  0.21002354579537685  0.22055709865028064  0.23113788547968939  0.24177742053237095
  0.25244562237482260  0.26315924720221012  0.27379538449536561  0.28435758545707451
  0.29492431142403513  0.30565476458288876  0.31636486504447231  0.32717125689000609
  0.33789155405022425  0.34862245959546934  0.35912681583280898  0.36972929832274049
  0.38021874942016803  0.39078058224135109  0.40117234585461953  0.41171321386236309
  0.42215991418963439  0.43269984182867283  0.44307981333312690  0.45366443493787306
  0.46431733569506539  0.47494191713112560  0.48557815375053726  0.49615813013605603
  0.50670540428628108  0.51714901342753061  0.52768106352454092  0.53815089659313442
  0.54867319755364719  0.55910297338839543  0.56976121335129348  0.58042032884745054
  0.59106810128990195  0.60155209429649714  0.61194578397558430  0.62238716737516897
  0.63284240931102265  0.64346490005026524  0.65399056166090064  0.66447448185010327
  0.67481232532825175  0.68508946518872182  0.69538359998479660  0.70562037497293750
  0.71595957773261931  0.72637869425728752  0.73693995940513912  0.74751544071984899
  0.75804556485479346  0.76852054343123266  0.77889585002112416  0.78932670136951322
  0.79978392748761984  0.81028951794049375  0.82078307228921332  0.83123095448167617
  0.84165510933487075  0.85209415513355946  0.86249835144097853  0.87299404057185437
  0.88347699912247390  0.89415009799336509  0.90480287267791104  0.91551460269651297
  0.92607007186544243  0.93655574171313705  0.94707777674493998  0.95759255959134881
  0.96818251874253980  0.97869374423534938  0.98931166274031168  1.00000000000000000
 -0.00244122411553125  0.00989153446817613  0.02020777447581478  0.03067987317432282
  0.04117592515071142  0.05168206286369781  0.06231622095540702  0.07286533524711795
  0.08352689480216209  0.09417516606346885  0.10479022732897129  0.11530681107155809
  0.12562447468862370  0.13605595357899902  0.14657919452456167  0.15736018221416581
  0.16806693928617900  0.17876105682893650  0.18948757637632543  0.20011816614002456
  0.21087524585644588  0.22149487382326735  0.23225126994744497  0.24284463357072641
  0.25357762014854268  0.26427176016033060  0.27493186449824702  0.28547606021384414
  0.29592372635106368  0.30633626686845078  0.31668883769141853  0.32701903348200539
  0.33740861384651943  0.34797972136899497  0.35854902936854549  0.36902375271469345
  0.37944589118818395  0.38990623442354611  0.40035662786328807  0.41073606143765995
  0.42105486022528310  0.43135637036094965  0.44164355970331276  0.45214201641523438
  0.46284176531676308  0.47378252602516663  0.48451580028272878  0.49515071189844906
  0.50571235584445551  0.51632664216931112  0.52687328107239784  0.53737630516842760
  0.54807641348817482  0.55891403537283602  0.56969951728959578  0.58046115845612556
  0.59098842424821529  0.60158460763184940  0.61202387203697139  0.62267070982281347
  0.63319814412215147  0.64381963980323742  0.65453636006982918  0.66531116382765920
  0.67600649312788863  0.68663802949233488  0.69706455045855775  0.70750784742987327
  0.71785595986295681  0.72824963584103930  0.73875619961992689  0.74933864817335238
  0.76003121624055814  0.77071952299485502  0.78134810282371703  0.79200370847666679
  0.80258621090592841  0.81327151860333391  0.82368385631224317  0.83422805803652134
  0.84442730129964894  0.85472551899855786  0.86486409352536697  0.87511270094993254
  0.88539904946559167  0.89560496057257410  0.90596632714772607  0.91630814753622647
  0.92666549348167893  0.93718129737835421  0.94771545581943473  0.95817684197397313
  0.96846182228095656  0.97889922446658884  0.98945174760080279  1.00000000000000000
 -0.00229615041775722  0.00979191792480206  0.02027047274780072  0.03082031719889549
  0.04151274194401745  0.05207053797549265  0.06269125766495072  0.07333076332986392
  0.08399404657684972  0.09466578222054915  0.10520587403928568  0.11587812962757588
  0.12641409527661673  0.13693657057398101  0.14749201822951682  0.15819573393495046
  0.16885903979546180  0.17940450304834071  0.19005820104743784  0.20076906568797120
  0.21157098633343618  0.22219896667923678  0.23273524066578358  0.24315982471119449
  0.25361773909066165  0.26405366791081547  0.27453494217244978  0.28506449701926700
  0.29566892143484164  0.30631589419268657  0.31685045508273257  0.32737942681062077
  0.33801923801272982  0.34874478592193925  0.35944075451835805  0.37001076225353846
  0.38062511934310944  0.39112786066452243  0.40159584920856578  0.41193956637236007
  0.42235367864203155  0.43291548736261087  0.44341810382383168  0.45399561952006401
  0.46443055520081211  0.47501343888975883  0.48548594985682691  0.49598554108512649
  0.50656694848805517  0.51728482477415205  0.52796315451818709  0.53852861885504244
  0.54897571415304069  0.55933243395886934  0.56969353111993959  0.58005283126097329
  0.59049220128695268  0.60092500284609296  0.61139691289958320  0.62189600156030289
  0.63245135871986990  0.64299835023394680  0.65362515146194367  0.66433707735485037
  0.67501515143936541  0.68566954703155025  0.69606429103771883  0.70639891408284461
  0.71669501376281697  0.72698999651192120  0.73756849996544793  0.74810027127621637
  0.75862212141018048  0.76909556433237014  0.77949425641349668  0.78997601918739113
  0.80035805500122914  0.81084955293590322  0.82151511426832713  0.83215076268850896
  0.84264088992914710  0.85306894219196605  0.86345743679043729  0.87395789901453225
  0.88436506540433057  0.89490216215270713  0.90545555667542366  0.91601835433771428
  0.92641337815588720  0.93670518148421855  0.94710954771087741  0.95753823169853847
  0.96811437941537870  0.97856989149564855  0.98929379860516642  1.00000000000000000
 -0.00239164033728305  0.00959288116409785  0.01992291421131347  0.03052362585129054
  0.04108735669483497  0.05150403616424060  0.06203737171843529  0.07256232240887539
  0.08312326042858600  0.09379246405535317  0.10432133800188424  0.11482940095195351
  0.12525000077269402  0.13578912685561073  0.14628324145987748  0.15686504461275153
  0.16745984046920134  0.17805497408010074  0.18856328915802517  0.19912704697427355
  0.20956959671360056  0.21991881141822103  0.23017273540190036  0.24057016813640336
  0.25103661313596776  0.26162875001906838  0.27213530970080796  0.28259524214603565
  0.29295410440090314  0.30326847880668079  0.31356105556663094  0.32390304668963843
  0.33446781038566376  0.34514138031830827  0.35573492182898647  0.36624275922147653
  0.37683705229988768  0.38769771928590963  0.39852286196986814  0.40924579012123580
  0.41987450090237433  0.43053237268884120  0.44121227927566187  0.45175846204693293
  0.46230408532143485  0.47285551178452634  0.48343527822767807  0.49396505207842928
  0.50460182419068633  0.51530452790985748  0.52583311792721343  0.53624591867060434
  0.54671367880108723  0.55732145574909664  0.56798951779098450  0.57850393236872422
  0.58912669168596143  0.59967870670892320  0.61031164959530093  0.62086707128659702
  0.63147746260521020  0.64212965919194276  0.65277981098104021  0.66343890089734869
  0.67405646292598675  0.68471228584595445  0.69531433421790634  0.70578875181917844
  0.71629777676743467  0.72685371192538106  0.73737364080706214  0.74787565536913536
  0.75838240900522791  0.76896017984749920  0.77967573742447915  0.79031125795834423
  0.80104860844673498  0.81154263830974482  0.82208720466426577  0.83257211157871303
  0.84311021964484545  0.85365586640944868  0.86422071611709605  0.87492021328163616
  0.88557763981596094  0.89606138168001837  0.90637385971997642  0.91659125409695619
  0.92718006587966006  0.93767908679529344  0.94816286937471195  0.95859915282225538
  0.96886255158469670  0.97928290054472400  0.98954239613847750  1.00000000000000000
   9.5212695631405500E-012  -1.0000000000000000     
 T T F T T F T T
