 -0.00156426339535579  0.00580430230652086  0.01271870523155720  0.01944031547472528
  0.02646092657427226  0.03385740065072166  0.04159997123642433  0.04965915421163339
  0.05797509150495953  0.06654905314423644  0.07535752413987454  0.08431093637206460
  0.09340860272068036  0.10262266102680515  0.11193766500130488  0.12132532550167313
  0.13076542315629208  0.14025117661520073  0.14978344249073919  0.15938100063254806
  0.16903667543732051  0.17873761448457423  0.18848857322059026  0.19832414217327374
  0.20822983099467815  0.21816450034694806  0.22809968327267999  0.23804749517949911
  0.24802391114297001  0.25803972886914223  0.26808284801990673  0.27811261238046403
  0.28816032777121198  0.29825702330107740  0.30840685392650929  0.31858738485325910
  0.32879811428761518  0.33908733988257600  0.34943104472289621  0.35975011174996308
  0.37001084742218121  0.38026775372884652  0.39054873997446787  0.40086974077383886
  0.41122976208799478  0.42159272909709122  0.43197156112977875  0.44235753321192328
  0.45276247615805604  0.46320025124955611  0.47364932543721844  0.48413414363444007
  0.49463104178132039  0.50512690521463488  0.51563703141231043  0.52619351154050165
  0.53677374490665319  0.54734046485174315  0.55785256839550157  0.56838807728783480
  0.57895502182130631  0.58954869985059366  0.60014707898496145  0.61080067904843893
  0.62151761219233803  0.63228184651593267  0.64307836201307900  0.65392316025715436
  0.66484423920956115  0.67580731300702024  0.68679339598024680  0.69775440146567858
  0.70874015126943457  0.71975359296600105  0.73079478486805383  0.74184517587078769
  0.75290423008537777  0.76399889449095026  0.77509168289840202  0.78618322173343202
  0.79729148994430066  0.80842596524448351  0.81964341822119791  0.83100647310181797
  0.84259314523450024  0.85436987104407380  0.86623371968771057  0.87813587237568669
  0.89014154903348131  0.90239025378117566  0.91499140780310129  0.92802979638690408
  0.94174017010684374  0.95660743301438600  0.97519142220194754  1.00000000000000000
 -0.00235800810445570  0.00944453913041164  0.01969600944493916  0.03034831475488491
  0.04111509026547680  0.05173858375942910  0.06224372058578338  0.07269413195506820
  0.08322796731924924  0.09391914613551493  0.10464470731332368  0.11512378248925992
  0.12555659833260766  0.13598818930717729  0.14650811436160047  0.15696021265434751
  0.16741510203017140  0.17794567817376739  0.18834801840329876  0.19883598373860398
  0.20934772107152849  0.21992695701869078  0.23046911387353405  0.24109377073762694
  0.25170520194790652  0.26229873960586486  0.27289873841697510  0.28348001499886588
  0.29402858185412178  0.30451655053766902  0.31503706074644683  0.32547370267464032
  0.33597064166056351  0.34653356517282580  0.35721434592331935  0.36780269623516249
  0.37835421098683136  0.38892644795888093  0.39954056713526082  0.41021891085614076
  0.42082600352802496  0.43146681966256772  0.44208878827868070  0.45256946834543033
  0.46299019763181687  0.47333691035043218  0.48379981685138834  0.49434572423085776
  0.50497648460472766  0.51562608242075736  0.52616300015090700  0.53669198674289864
  0.54714845211570828  0.55766113523951266  0.56817587841748174  0.57879928317024421
  0.58939609988446873  0.60010144887931416  0.61077310649791738  0.62151868278044486
  0.63203636154641696  0.64256625951708002  0.65311052640990952  0.66367396808147716
  0.67423146156148728  0.68479735218212234  0.69537770777768437  0.70606732241911230
  0.71670923318167423  0.72732911046592907  0.73776644405565850  0.74821639144553431
  0.75880759367298145  0.76938920533309751  0.77995039966599677  0.79055137930402841
  0.80108994579414161  0.81159862222939860  0.82205122426795729  0.83247898258180986
  0.84288378276690057  0.85320928287905273  0.86371204603268470  0.87425881761817170
  0.88476220004562223  0.89529763472485024  0.90577491861187187  0.91631468343356659
  0.92680436490469686  0.93728111149950566  0.94775173052714479  0.95814574219713455
  0.96857837533934910  0.97902552065602355  0.98954382290189391  1.00000000000000000
 -0.00234371642221267  0.00916305456755130  0.01905912084446862  0.02970962554989448
  0.04013363309873786  0.05074071810098611  0.06122713353602102  0.07162607585718683
  0.08197354292800800  0.09245711046323661  0.10302060640749101  0.11355764906374417
  0.12413613625149021  0.13474092985826347  0.14530623604759388  0.15557960983812208
  0.16592179572713692  0.17641080466969078  0.18701667480975329  0.19760592756523715
  0.20816578641272840  0.21879104394688456  0.22937625890991109  0.23981841430721967
  0.25027412958373463  0.26077655652038789  0.27135245009607545  0.28191690712384754
  0.29242607833850998  0.30298935665728172  0.31358139874844015  0.32427021160623337
  0.33480741954021037  0.34532077378000825  0.35575842299785271  0.36638575991522754
  0.37699401000991078  0.38764052495264606  0.39825992209323091  0.40888840689768785
  0.41946892903537519  0.42998069678341261  0.44049390500658769  0.45104051154731944
  0.46156392808933006  0.47210546957467320  0.48270055997851880  0.49330964528958771
  0.50392324698162372  0.51451479259165311  0.52505429297198969  0.53557471856015915
  0.54602218256854684  0.55650818078301745  0.56704285877810612  0.57764933471587765
  0.58837477360029589  0.59915470733750575  0.60987254554774317  0.62056526061232264
  0.63109848503084021  0.64162237749373030  0.65203491502368194  0.66254455255923828
  0.67307329139860883  0.68367739127450355  0.69417329614975998  0.70476820747178104
  0.71528011016406556  0.72584455238786771  0.73633085100683338  0.74699155369555925
  0.75757907309350825  0.76820466066726323  0.77870000913522042  0.78932272199440878
  0.79987709919200589  0.81030740936489343  0.82068808619389200  0.83109385987250228
  0.84164457017647831  0.85229104977154635  0.86293431890397998  0.87364537811091059
  0.88434036940199867  0.89508156733959510  0.90579827875567442  0.91638280502389646
  0.92674763748939770  0.93722755228138543  0.94761937569412935  0.95822778589553281
  0.96860305285699710  0.97904308814758367  0.98949244751010768  1.00000000000000000
 -0.00229487796096691  0.00925628933077082  0.01928303008451025  0.02993906199250235
  0.04055685717866083  0.05117813852584324  0.06180066569317165  0.07249141728066448
  0.08320815771767461  0.09381216118496094  0.10431007833802400  0.11478582858313517
  0.12526581906621792  0.13584084217507819  0.14635053009565394  0.15688833710337258
  0.16735206473830577  0.17789898895351469  0.18846931350048549  0.19906830652777530
  0.20968084551488897  0.22034800043553593  0.23105851878876491  0.24161004339039172
  0.25208842533259990  0.26261337986185068  0.27313325580131048  0.28360037131967297
  0.29399402885198278  0.30455620003745731  0.31509440161492414  0.32570164763985932
  0.33618943039094767  0.34667595328380563  0.35712662327237416  0.36758484942216219
  0.37814769645002777  0.38867695728934532  0.39929018134244249  0.40985279620522164
  0.42040903517544914  0.43095276060785953  0.44145931131866523  0.45201920325454981
  0.46258093452929222  0.47326235996552413  0.48391606386353053  0.49452064901156029
  0.50507265849434779  0.51547420839743574  0.52578117689194714  0.53603677593212851
  0.54647808970807454  0.55700525842529036  0.56756785370279272  0.57812933199112249
  0.58864781119417264  0.59916863216166816  0.60974966024304378  0.62044470416121578
  0.63115194482267123  0.64180989469129257  0.65239778361679579  0.66301368515245696
  0.67361163486875431  0.68425555481599731  0.69477165389799445  0.70527255494700225
  0.71561935299010138  0.72612780033733570  0.73665779798446307  0.74727760593783576
  0.75781450828640440  0.76839167497998107  0.77894837670764427  0.78952309168302859
  0.79993302276379707  0.81036075999117474  0.82086167383303099  0.83144908036619880
  0.84205570928218199  0.85260118662293738  0.86322439423804231  0.87373608231697653
  0.88415669874046399  0.89455297554594326  0.90513063710520847  0.91580473095010217
  0.92642308240484195  0.93697521732887890  0.94747732047030764  0.95794227672893129
  0.96841344836076437  0.97891606049005142  0.98946152624768491  1.00000000000000000
 -0.00238873481145120  0.00957105776605666  0.01973515523351227  0.03040350469793601
  0.04105089555213418  0.05171547168421696  0.06230848432941526  0.07282134156586993
  0.08338192615138044  0.09403217435837181  0.10474093804037878  0.11538767812550720
  0.12586346866767847  0.13643748257075825  0.14685206171658208  0.15725915964148562
  0.16760180314160447  0.17808049965500555  0.18858909766916007  0.19911597806092501
  0.20961588813555640  0.22010267867727940  0.23057699223394734  0.24112491281835116
  0.25177915832692532  0.26248781336443189  0.27320297618591516  0.28380442024686808
  0.29439365411582125  0.30498334138079114  0.31565658700595467  0.32625940894465461
  0.33683697345617458  0.34750080835137637  0.35808400392645934  0.36865007957244100
  0.37914561505039185  0.38968247440830089  0.40020335963224773  0.41072544723965204
  0.42132065453614531  0.43191992278762770  0.44252421482112048  0.45307843180879825
  0.46353682539905683  0.47404703128646075  0.48457983354583595  0.49510518383965896
  0.50558441989972291  0.51609260233175358  0.52669286141086913  0.53729706032068625
  0.54787114348657284  0.55827879076489184  0.56873735416653903  0.57919844858404912
  0.58989510221659480  0.60052514383741096  0.61109403986455857  0.62162745241427708
  0.63214664592416625  0.64272944751371930  0.65331235562002510  0.66390322390371614
  0.67441539850971799  0.68481167190439352  0.69530646637889271  0.70583280699374473
  0.71638604875331113  0.72683536313919928  0.73732839348383783  0.74788760153077183
  0.75845559373964011  0.76898162754389909  0.77949797308996094  0.79013113695747861
  0.80069363377050218  0.81130618937015653  0.82183168423210484  0.83247282505501630
  0.84302772771262935  0.85347493298708965  0.86401215897433192  0.87455175309222732
  0.88515413488124006  0.89572895753114867  0.90620622923162597  0.91671670668143601
  0.92704571536961700  0.93750924987922024  0.94788515392512007  0.95834406696976737
  0.96869849626995264  0.97906037349796349  0.98949469337064111  1.00000000000000000
   6.8213237319845361E-008  -1.0000000000000000     
 T T T T T T T T
