  0.00000272707865055  0.00000341767613071  0.00000401662900720  0.00000463793145566
  0.00000531251144440  0.00000605486829247  0.00000687779256043  0.00000779415539919
  0.00000881645325494  0.00000995594625051  0.00001122282269875  0.00001266624681196
  0.00001427259460276  0.00001608506668037  0.00001810252040545  0.00002037389549519
  0.00002289687924429  0.00002572608376009  0.00002891393043959  0.00003246128597463
  0.00003646138717713  0.00004097000199929  0.00004609245397680  0.00005190034624532
  0.00005845227113272  0.00006576077111476  0.00007389672439602  0.00008297878011854
  0.00009321990851415  0.00010472801373581  0.00011758503783166  0.00013202714949914
  0.00014819199381598  0.00016636702261645  0.00018686407991624  0.00020975695018022
  0.00023560329841206  0.00026464089426488  0.00029713660544634  0.00033331838369143
  0.00037362949934483  0.00041870654541339  0.00046953220221352  0.00052728581300540
  0.00059244315119597  0.00066531659162390  0.00074669784908916  0.00083805110105931
  0.00094114099352802  0.00105812200182898  0.00118923618086246  0.00133588653426378
  0.00150066768672646  0.00168553263817926  0.00189228614573686  0.00212782502086305
  0.00239555260853224  0.00269376771430923  0.00302539458614934  0.00339734287027372
  0.00381494938935623  0.00428654510543282  0.00482244784501544  0.00542669596067114
  0.00611069503330392  0.00687718389784809  0.00773829019198283  0.00870343047717629
  0.00981194976440782  0.01107310215646600  0.01251438478103703  0.01416734053138617
  0.01602824333349938  0.01810308215219465  0.02044159857712388  0.02310240215406172
  0.02615888990537452  0.02964212213677298  0.03364918804723814  0.03826145507684344
  0.04353011518212231  0.04951136405813190  0.05638308521738496  0.06440896219049050
  0.07377818955499528  0.08474712684357984  0.09764007583666315  0.11315715630276042
  0.13190137139866986  0.15489382479134575  0.18391527654952347  0.22245006985229132
  0.27606882241725278  0.35619326041866428  0.50692850021553648  1.00000000000000000
 -0.00239711330413047  0.00969245857330722  0.01983436358913312  0.03046826204418409
  0.04105899061005321  0.05167699203617353  0.06218605430615822  0.07253144754390835
  0.08287876775982791  0.09325662524026031  0.10383982400395593  0.11422255880577833
  0.12453942962851719  0.13483931107304473  0.14513101916294718  0.15568689706856892
  0.16623035321589069  0.17708688571193579  0.18781449933703404  0.19842508476511653
  0.20897386167940007  0.21958866361249546  0.23022697132197989  0.24069859579723119
  0.25117135660951406  0.26175841225765623  0.27231481572633859  0.28285032176555314
  0.29329889844252216  0.30391159796436423  0.31449250251206851  0.32534588997509534
  0.33617944646201237  0.34696473504730452  0.35754001683740400  0.36801195985756957
  0.37846715893668453  0.38887788158129727  0.39938083214432230  0.40991599295217873
  0.42053279926434928  0.43096131083990696  0.44127761074117078  0.45145658359785185
  0.46180262590252369  0.47220494964782356  0.48272349092237088  0.49329696118557143
  0.50379069230439044  0.51433593617220164  0.52483075234915144  0.53536344767384003
  0.54579444225963136  0.55615555898717672  0.56644973929362896  0.57673517426109455
  0.58695427443877590  0.59729375061490630  0.60757337883636098  0.61792700693749802
  0.62835118806383439  0.63878818135612425  0.64935171003504710  0.65986356973008276
  0.67053500830423696  0.68111033508424190  0.69171543075950015  0.70242200329534887
  0.71310561249655124  0.72381322082770483  0.73427422029471778  0.74476919205216496
  0.75509793212640997  0.76549679134090187  0.77577977586799296  0.78635397532085205
  0.79686244060313272  0.80751048436651718  0.81814073416067512  0.82904333578771605
  0.83997658731678992  0.85076571130564360  0.86148411490509602  0.87207396061424280
  0.88277360905299407  0.89349643593723327  0.90421380487366521  0.91492626206183747
  0.92545440505931542  0.93606233767503710  0.94658457299247789  0.95715432472040618
  0.96787388057870261  0.97851636523532159  0.98925814456747851  1.00000000000000000
 -0.00224553218652776  0.00976863658205548  0.01993978842878936  0.03067015491601631
  0.04128908866344833  0.05180465940408268  0.06222270860432325  0.07287565338882776
  0.08342906615276034  0.09401892464363561  0.10470560397210024  0.11547454630833863
  0.12627935817198055  0.13696316297104105  0.14763789073194580  0.15834611259133125
  0.16902169919423640  0.17973355115617409  0.19048843822617642  0.20128591863497339
  0.21199666050180965  0.22267028673832875  0.23318662454071734  0.24370632732137107
  0.25410448749278025  0.26452977117390564  0.27496635269858594  0.28545465935451558
  0.29596715603047496  0.30649023365735101  0.31711918602846950  0.32785615127082141
  0.33851247864576212  0.34905010789090768  0.35962376665036561  0.37011584263591074
  0.38050656661702714  0.39084353879542022  0.40127283155173588  0.41169812208146550
  0.42216341107401922  0.43255496482896144  0.44308193297697784  0.45349767410096864
  0.46425398001395457  0.47515497262791706  0.48604629486427303  0.49671099988737366
  0.50732346012639529  0.51788069275174364  0.52833001194452389  0.53885815259499181
  0.54941016545156851  0.55998685953592020  0.57030791535481018  0.58066717380465049
  0.59098620507082333  0.60141682888557679  0.61185685593886008  0.62214670673250438
  0.63246821692672428  0.64279502675331701  0.65336213131157306  0.66404191785995414
  0.67461407945475982  0.68508169801759877  0.69546071967807721  0.70598065410479627
  0.71657186562000996  0.72712377778506310  0.73764288606171735  0.74807934089105432
  0.75876187988630106  0.76937762400598098  0.78020024305881819  0.79081757671885555
  0.80132502567618202  0.81188325283392326  0.82247348254536412  0.83305370776427168
  0.84347480623884441  0.85415164496977969  0.86500296879152216  0.87568602040880172
  0.88600094322434486  0.89635277704732008  0.90687038281187116  0.91729955558455933
  0.92774270141874315  0.93814444389748175  0.94866228336252145  0.95915276455336596
  0.96945167458973769  0.97959545889370592  0.98972751877736620  1.00000000000000000
 -0.00218928329246090  0.01068246206442532  0.02058558097739398  0.03097880139326210
  0.04144423977456512  0.05197085090050551  0.06254961236013322  0.07301621325952604
  0.08349368318215283  0.09386520658019271  0.10429984341370035  0.11478311409055324
  0.12515083608444338  0.13570453740999103  0.14611496823767489  0.15673312036330078
  0.16715363129983060  0.17785703622437435  0.18856125403412172  0.19918816409724285
  0.20986404530148739  0.22067825261035526  0.23140964241417147  0.24197620326311575
  0.25241806071379613  0.26294213636949237  0.27341652987412790  0.28380891696451016
  0.29428348711134267  0.30465392723010720  0.31518726525893770  0.32570346762590702
  0.33635569189134912  0.34695248010957924  0.35759624640929955  0.36816631137558342
  0.37872696302078962  0.38921546250682337  0.39980973220281313  0.41037979953479492
  0.42114555433125506  0.43194723339794366  0.44272770798804245  0.45335026783292037
  0.46390132650546584  0.47450618384219534  0.48510976282722384  0.49574890351023254
  0.50637232071833727  0.51698434900505819  0.52760509348840701  0.53813029648405286
  0.54850805471137054  0.55884205250990437  0.56913991691572241  0.57952417129154232
  0.58996219077325518  0.60052192556834960  0.61099602045393497  0.62150523206757458
  0.63201843000976932  0.64262753191901878  0.65303812427443686  0.66346331944031445
  0.67389577578685067  0.68438970648040476  0.69481836797619545  0.70530235013858389
  0.71579846624558741  0.72636553500806167  0.73690095066316752  0.74749420633895025
  0.75799422497409996  0.76844458347124922  0.77888108008428747  0.78938071009955890
  0.79988602636026729  0.81035570765255227  0.82097837120853145  0.83167588008144988
  0.84246943858958023  0.85321620660352959  0.86384150273989357  0.87453219384941727
  0.88508886987737578  0.89573739211757897  0.90625163250480556  0.91660334098227159
  0.92691350601892653  0.93732063576385183  0.94790163179104447  0.95859551119747066
  0.96895988522635046  0.97938530645638167  0.98965716951538740  1.00000000000000000
 -0.00175348183036215  0.01038932504654761  0.02064258034803719  0.03114553710844683
  0.04153444843892908  0.05216475991760872  0.06264472828283929  0.07329916378160024
  0.08382631964243413  0.09436530297258505  0.10493809924115012  0.11559343888067383
  0.12613117011646829  0.13654182694739656  0.14688212062925007  0.15738878134129755
  0.16781689968963515  0.17827697392956421  0.18863048435553031  0.19898371195776174
  0.20940982710449643  0.22001701192690032  0.23059322383304495  0.24116220614755937
  0.25170661118937032  0.26250164551547944  0.27322581746093472  0.28377198360015105
  0.29432620507287854  0.30494558473543232  0.31560774435405436  0.32616326840647553
  0.33671137002695123  0.34732630618897437  0.35777259282134333  0.36824455861596361
  0.37868888421864033  0.38923376991553083  0.39977640654254837  0.41033266722103956
  0.42096906104734366  0.43167600547049756  0.44234165349143639  0.45303649024526554
  0.46376376432216221  0.47476137297446225  0.48575285705485061  0.49674437878739464
  0.50750485069039164  0.51810620746051916  0.52856718671938341  0.53884638640591065
  0.54914570584905786  0.55933672485379216  0.56970674839848745  0.58005503483328502
  0.59050270356483325  0.60101653908526897  0.61151240416584329  0.62208735469577470
  0.63243506922981552  0.64275972996346653  0.65310115091844956  0.66358942532249177
  0.67406686714059594  0.68459546391203452  0.69514551675282665  0.70570733562309529
  0.71614031860231986  0.72660777972004609  0.73708839053533681  0.74753863043231228
  0.75793677620890965  0.76823718766309879  0.77862466501660321  0.78894088288967790
  0.79939352182006784  0.80979360200271389  0.82039740951208040  0.83110158782095889
  0.84170394370379642  0.85225360093433100  0.86275410581919521  0.87342680051688504
  0.88396625159283504  0.89456359640403160  0.90512408507139641  0.91580924746420656
  0.92644943502219157  0.93703002053208462  0.94745425364708891  0.95791430457206961
  0.96840810944619038  0.97888704887195332  0.98944506738258620  1.00000000000000000
   4.8081025237763373E-012  -1.0000000000000000     
 T T T T T T T T
