 -0.00154654588595300  0.00576722324711544  0.01238879492583158  0.01899429948144102
  0.02591255981896927  0.03324167967187408  0.04093138154572960  0.04896808237124568
  0.05727146991588279  0.06581023200907161  0.07456136370516318  0.08344752020320559
  0.09245745614174318  0.10157712483818795  0.11079345769941806  0.12007348978704255
  0.12940534316201224  0.13885216498316502  0.14845866966500637  0.15818266162833422
  0.16794186789960905  0.17767508579178473  0.18740435649626175  0.19717483879409370
  0.20694005030467555  0.21672015796496136  0.22654635540038465  0.23650586980078064
  0.24658319584138391  0.25665654140571420  0.26671668879489630  0.27681366515948308
  0.28697906930384304  0.29717336531950506  0.30739138213357270  0.31763981282187181
  0.32791146100288543  0.33816339934487777  0.34845070621520091  0.35878604043880979
  0.36913830894124028  0.37944218318530065  0.38974428387980270  0.40009114051150463
  0.41045059475052370  0.42078645047807861  0.43112756257347890  0.44154895731183408
  0.45206828709030705  0.46261023615479674  0.47313050826149927  0.48361946477020090
  0.49410237309310445  0.50457551017101776  0.51505104962891868  0.52554503068717162
  0.53607282141495438  0.54662275424111706  0.55718378765941123  0.56771098067422654
  0.57822602788056099  0.58878527671386605  0.59944945216951639  0.61021808053416426
  0.62104535466012656  0.63189510063385157  0.64269168397677068  0.65346843088331164
  0.66430335357927817  0.67527623894794486  0.68628304212938074  0.69723660694337142
  0.70820579240340453  0.71919322155952004  0.73019558511321170  0.74115895519246866
  0.75215674505061492  0.76325265230466743  0.77447768756963997  0.78578948114400016
  0.79714559816494712  0.80852701684760564  0.82000500584327718  0.83152434541988030
  0.84306366515830111  0.85469065657541754  0.86644874446845255  0.87833125458956063
  0.89038800019064934  0.90271399211408498  0.91531870987824870  0.92828796013743520
  0.94181539675799208  0.95649963623851875  0.97502359892949608  1.00000000000000000
 -0.00233736630559390  0.00968360480138905  0.01993064422819455  0.03065630557376788
  0.04137530959951089  0.05190514429050551  0.06234987450201833  0.07265452917061735
  0.08311902721735784  0.09363765408638168  0.10411382473420462  0.11467311182976228
  0.12522692599172283  0.13585154480522404  0.14637903890205023  0.15674561001174017
  0.16711532595569972  0.17753733831229834  0.18810761368485651  0.19874159627033847
  0.20939352972454106  0.21988901148834661  0.23029278345251011  0.24073015139535858
  0.25132659024727194  0.26188863317700051  0.27251989238320140  0.28309105299615178
  0.29375359415844771  0.30428358629167462  0.31483596230380351  0.32529453887702814
  0.33583193081026275  0.34630731862933373  0.35679012549745109  0.36725130498057362
  0.37777581822885814  0.38830979940795546  0.39885446767214017  0.40932997932405146
  0.41983320789734924  0.43034091071496999  0.44095884991186346  0.45151652502653217
  0.46203361478513183  0.47253397291043631  0.48303867955815250  0.49356355573531735
  0.50404949407242439  0.51459151461842456  0.52506060649527697  0.53554944748208377
  0.54599430077715216  0.55647256087757857  0.56699309230946171  0.57754993100666585
  0.58810642047471007  0.59865542348636569  0.60920749637158322  0.61980418788373015
  0.63036159334452091  0.64095620403146314  0.65154818379928758  0.66204636176992437
  0.67254959698484762  0.68306237124522939  0.69359808912374754  0.70415744808991843
  0.71469391524504267  0.72532422397489393  0.73585436325607401  0.74634749165267500
  0.75684875399750751  0.76733936915568945  0.77791685757028450  0.78845517071558280
  0.79907781896438324  0.80970835224978743  0.82022639774267692  0.83079228656924808
  0.84133827540945416  0.85196140522287034  0.86248857849242988  0.87293996525420359
  0.88338977659213236  0.89390542502513115  0.90457487874887466  0.91526179995861112
  0.92587580505459699  0.93641371314060862  0.94699063657669025  0.95765495286404434
  0.96824523722509948  0.97879594419697291  0.98935565472997422  1.00000000000000000
 -0.00237089999911347  0.00954850717557411  0.01956294419940812  0.03005678901868563
  0.04041119973830778  0.05097823065090364  0.06147805725389188  0.07219304714287982
  0.08280427023131631  0.09356618262471388  0.10421450113986250  0.11480998067737005
  0.12535758757250970  0.13577792424206270  0.14637580548669538  0.15701361936231423
  0.16767169883381927  0.17828386942667498  0.18881579178605978  0.19940045554459077
  0.20997570150555178  0.22061302085538242  0.23123378580871237  0.24179651405274527
  0.25234016293888223  0.26292581829751355  0.27342711011420401  0.28398879873054378
  0.29453947392045393  0.30508838616457218  0.31567177952028241  0.32614864950661648
  0.33668021027924500  0.34717566979694736  0.35769632443175364  0.36822111328645901
  0.37870997685204538  0.38918862138971300  0.39966255677046875  0.41010800952392568
  0.42062392049772968  0.43117692683180886  0.44168923131589094  0.45230002763653698
  0.46287488543579114  0.47357394277487552  0.48421832016741045  0.49486682164547890
  0.50545301149402155  0.51591600357904088  0.52643516576558980  0.53695850046534310
  0.54747059963889155  0.55793618270084300  0.56845604078992973  0.57908911804940311
  0.58968955661246958  0.60033043722149126  0.61093357262875947  0.62152570327407453
  0.63197864142176663  0.64245518443546046  0.65295281388146076  0.66353199832119947
  0.67414213677470114  0.68471474360424178  0.69533127479538182  0.70578716356028148
  0.71626632059103046  0.72671538540270764  0.73726764512915577  0.74782923694475967
  0.75831707543477445  0.76882089634813877  0.77939769974922990  0.79002434106560138
  0.80055744879453816  0.81108856036120303  0.82157457325612160  0.83216455662468203
  0.84271467332092498  0.85312140228137190  0.86345641402860562  0.87379981924470307
  0.88437581863026438  0.89506282693285955  0.90562652640450536  0.91617897331967824
  0.92665235505312116  0.93717778743388025  0.94768332236767461  0.95818596298168357
  0.96866828441201147  0.97909282563794320  0.98955415951362746  1.00000000000000000
 -0.00245164088824830  0.00949737184645366  0.01970132868569033  0.03038938757765405
  0.04104087738848477  0.05153185395243404  0.06199544945473139  0.07235920671126304
  0.08278125987236103  0.09317403501781167  0.10365269639886088  0.11438354963149344
  0.12500935332808380  0.13554352586694721  0.14588157413350852  0.15647320584665994
  0.16707776269845345  0.17763680890146549  0.18820514214804224  0.19879710699221848
  0.20938947619234846  0.21998076119820820  0.23058054087718086  0.24125862787443986
  0.25182156955756907  0.26238892744844383  0.27292197415710151  0.28342289903761020
  0.29397514359871496  0.30457415269545351  0.31520688031323535  0.32578872994123009
  0.33631568663116684  0.34680705286029312  0.35723874304773201  0.36768640173012934
  0.37807093997950825  0.38856873298360534  0.39902005820505915  0.40952262525105199
  0.42003532472384708  0.43068623945735152  0.44136397673788330  0.45203191298432233
  0.46261139587680428  0.47311562971943943  0.48359730805944601  0.49410402606911319
  0.50464277252862444  0.51517563764843133  0.52568352843992960  0.53620944338864984
  0.54677207550523499  0.55732517248570013  0.56794768293572861  0.57854956747398656
  0.58919278496351868  0.59978848839601917  0.61041838339274668  0.62095189208828816
  0.63152845617634190  0.64209670617082970  0.65271839150415834  0.66329143544390601
  0.67393513363593494  0.68447702874595029  0.69503744360406694  0.70548024653748409
  0.71605141640529058  0.72655580001097564  0.73703649537594951  0.74746822758530751
  0.75794698331315724  0.76842007063382323  0.77887007034377453  0.78924900541271392
  0.79969806500642981  0.81021009279397738  0.82081977885922430  0.83138162121744696
  0.84195564379623478  0.85244037358762681  0.86293289447881716  0.87339145840440369
  0.88391179833838995  0.89450869925933674  0.90500827894539104  0.91556692955449759
  0.92608241830878368  0.93665397348009183  0.94711228597511377  0.95760226553148187
  0.96827068296116503  0.97891195000335895  0.98946938807917850  1.00000000000000000
 -0.00239675514528350  0.00937293662131163  0.01945361332628045  0.03001219070864621
  0.04061184866805439  0.05111324869286102  0.06166464280272682  0.07213370213794534
  0.08270688055532850  0.09325282653721574  0.10378276217858459  0.11436019672690827
  0.12498026637029257  0.13558867230837082  0.14619839969489831  0.15674226436247299
  0.16732103662211018  0.17783594580508516  0.18839872082403733  0.19888669439603540
  0.20943377895047391  0.21995088867736151  0.23060048185454288  0.24118074330316028
  0.25177433121851484  0.26231921261171171  0.27287320309795116  0.28341562087693645
  0.29394920231394461  0.30460160917069179  0.31532010185785347  0.32598165973243898
  0.33651208007053607  0.34701623360652584  0.35754710621638813  0.36807178906688653
  0.37849935626646847  0.38894000670569517  0.39940006119867821  0.40999917288524829
  0.42065040269097881  0.43130717351219111  0.44185164756136525  0.45234940837683785
  0.46286086535333382  0.47336018091057036  0.48380628090454753  0.49416636671393771
  0.50454327077255001  0.51495549598325596  0.52556775947325718  0.53618827484302489
  0.54679687776560115  0.55736128850744437  0.56797106230325611  0.57856148084075498
  0.58914470234481264  0.59969948849444010  0.61027779741684485  0.62086986889667040
  0.63145412662665623  0.64211840291893563  0.65269218987676236  0.66323726251093096
  0.67377107644802503  0.68432442886362865  0.69497849053682836  0.70574456262014540
  0.71645127935539488  0.72712472868640832  0.73769999247486884  0.74835341927744536
  0.75896361142475754  0.76962021729497676  0.78012892605109552  0.79059799150148713
  0.80089059030603649  0.81116639965065518  0.82157043200077184  0.83193509212083605
  0.84247470570668181  0.85290908340082283  0.86340444330991106  0.87376921734459867
  0.88419646748496872  0.89468441263031506  0.90533402939725183  0.91593507908047189
  0.92640875136760914  0.93687738995917313  0.94742809428839059  0.95805430974591765
  0.96857976751859320  0.97900298578379252  0.98953031720522566  1.00000000000000000
   9.5293987881434419E-007  -1.0000000000000000     
 T T T T T T T T
