 -0.00153117698637727  0.00640084274700855  0.01349706229569651  0.02062520813331110
  0.02807710062002061  0.03584360325776638  0.04387662177502409  0.05216129918424384
  0.06063308377206762  0.06936504283014852  0.07833323072232048  0.08749911109173288
  0.09679834807441430  0.10617841636745193  0.11569719505404712  0.12530544602835222
  0.13494167255091358  0.14448327056734778  0.15402672168774226  0.16363031557553812
  0.17339110389594470  0.18309035331794096  0.19288960365323829  0.20279406497564623
  0.21283397503929716  0.22293332759910892  0.23290932818660770  0.24291653876996480
  0.25295148240121135  0.26308484003206106  0.27321045058537308  0.28330190817954365
  0.29340242723676541  0.30355605967924831  0.31374627773209929  0.32395740438832754
  0.33417193156789454  0.34444745877048893  0.35480375774647593  0.36519091156849098
  0.37556733044307955  0.38592683994414251  0.39636471601410767  0.40680465170186092
  0.41727187334694038  0.42769796533902016  0.43802974799795613  0.44835947999684761
  0.45874165510777171  0.46934806879325874  0.47997983635566610  0.49054038206167710
  0.50102669671602040  0.51146408620776640  0.52189281439332202  0.53241503115929956
  0.54303215477512878  0.55371390968656886  0.56434733185706276  0.57481116582225611
  0.58520570522024062  0.59563821007354389  0.60629158885078427  0.61703764218839430
  0.62783693332489665  0.63872025628263340  0.64970307359044854  0.66068118728698744
  0.67165522754201290  0.68261607677649105  0.69352597027098406  0.70432961826308749
  0.71511029489057021  0.72607477177651258  0.73714029141420756  0.74833258199901176
  0.75947124226262541  0.77055316826464304  0.78159322122677433  0.79263794486470884
  0.80388414224086036  0.81518653556686160  0.82653780691079326  0.83779337746451421
  0.84905738177601431  0.86038732934303008  0.87193018878235518  0.88363983953877734
  0.89541125008931244  0.90725792814936290  0.91935984842357188  0.93195284108320242
  0.94528724045015344  0.95983907427629811  0.97760542360741820  1.00000000000000000
 -0.00207679153217330  0.00962708231938407  0.01983189712671231  0.03043370213399217
  0.04102641445872136  0.05162377752905675  0.06224833317378796  0.07288178331675291
  0.08351514378797228  0.09415844767497793  0.10493803355064685  0.11546735273970057
  0.12601138388949451  0.13616729710484246  0.14649201709950382  0.15677304295060215
  0.16716892568626329  0.17752903350459520  0.18791514989232980  0.19841994261177057
  0.20895356467351503  0.21944469986394827  0.22993643704123934  0.24049343432357370
  0.25101803318399679  0.26162382068627982  0.27218392963519866  0.28295888975790923
  0.29373151832439298  0.30460044281010190  0.31534962237968212  0.32589961073949608
  0.33647595657628426  0.34711073873245823  0.35791268606369697  0.36850823826127976
  0.37907672135443737  0.38969212618123805  0.40036822300080671  0.41104867996630190
  0.42170527061545232  0.43241949838121180  0.44303344554602558  0.45359764279424919
  0.46421633053862538  0.47469074705085307  0.48506392064227399  0.49537546935354282
  0.50580696138631942  0.51632428421148979  0.52674895416766510  0.53730528523152832
  0.54796458636835910  0.55870645653970430  0.56938158386385196  0.57997221741793592
  0.59064637393975228  0.60131455554274627  0.61185801684510277  0.62232638130954387
  0.63260706970541325  0.64298028661292439  0.65326443382302080  0.66366788004498944
  0.67416587088914459  0.68478622388896926  0.69545927830816789  0.70606801425385146
  0.71660975137457728  0.72703364122086156  0.73754422093850869  0.74809268497138959
  0.75875565083342045  0.76922270381665836  0.77965495742274593  0.79012137284512740
  0.80061446428148730  0.81116409791828115  0.82146510381946580  0.83206142851954679
  0.84270310424973327  0.85338127829754507  0.86387618441271186  0.87415741190117746
  0.88475166828595397  0.89527353264977527  0.90600201085887111  0.91665925026906769
  0.92703735860434655  0.93760875735638438  0.94806986693262607  0.95869650590128108
  0.96905153034242142  0.97938915724892761  0.98970446810285295  1.00000000000000000
 -0.00234582721985581  0.00936044451783164  0.01942566500334315  0.02981579523509119
  0.04025393840439935  0.05050738426428186  0.06072234308653247  0.07111975959680726
  0.08169960726776397  0.09235658616752240  0.10298081171398825  0.11352523402452087
  0.12409938738641457  0.13462639187400727  0.14539659795068396  0.15614215688770333
  0.16686962123442053  0.17738936866248417  0.18805807567896674  0.19880875630563494
  0.20961246965184724  0.22030261646546920  0.23095906443514988  0.24163059144512158
  0.25229588804537179  0.26296943041245197  0.27350893384689295  0.28397263906643155
  0.29439300991221640  0.30483684922697724  0.31537890898894649  0.32590422771867561
  0.33648332247289797  0.34698770466800322  0.35760578696494905  0.36835100935374737
  0.37912730239536102  0.38971754535716663  0.40027903547976940  0.41087663055254786
  0.42149529707548766  0.43192802976261030  0.44237232767426277  0.45291539058848956
  0.46347509041278251  0.47396066370642403  0.48441591948016993  0.49501872689959997
  0.50574214768646941  0.51646118789537343  0.52705213767151793  0.53753616358773759
  0.54791164908506107  0.55822662262060119  0.56866046814842119  0.57908305356346257
  0.58964605513217061  0.60004243548024239  0.61047429443538359  0.62082780486820499
  0.63122138949203477  0.64172953912377573  0.65225961486611361  0.66295485192113357
  0.67371917980064133  0.68454349924971036  0.69519809660233123  0.70572839500111806
  0.71615606153800204  0.72656552724861800  0.73705374110577693  0.74759015858149425
  0.75811081821302173  0.76858490181558392  0.77900750158417131  0.78941772611244421
  0.79975187655187541  0.81010246514701167  0.82068667486818392  0.83127954016309524
  0.84196842556917961  0.85241877890657181  0.86287284289107791  0.87336467017751629
  0.88391813822117771  0.89450264638113464  0.90492362019289130  0.91542904071660536
  0.92610846023799553  0.93687297296057648  0.94753628470450013  0.95804538454909638
  0.96842673313291461  0.97886632447282584  0.98934999512695254  1.00000000000000000
 -0.00211880506002721  0.00981867865625033  0.01978322586828262  0.03014867912656997
  0.04037070191060897  0.05062663694175747  0.06085434745744440  0.07128223770451328
  0.08181824252720607  0.09233851179984814  0.10274181439120848  0.11318465699021850
  0.12358293975340098  0.13414363102481991  0.14465984631010498  0.15509477966085214
  0.16549078646850768  0.17609172575763274  0.18675329070041022  0.19729338082843209
  0.20782840712764958  0.21859921590170669  0.22949088293000691  0.24007548771514628
  0.25065827507555016  0.26137674639541403  0.27208171951907706  0.28264447510037627
  0.29315221457709451  0.30374065698386427  0.31418758958276172  0.32450188520245826
  0.33493256170092189  0.34562380625805555  0.35645058476222391  0.36720224652372124
  0.37779387321777758  0.38843888358332024  0.39902204629746518  0.40959875349383768
  0.42003872185853602  0.43052556618706644  0.44086384120967376  0.45118186361246909
  0.46144873937306091  0.47175116905137660  0.48204200323226781  0.49233763104442024
  0.50279030026437666  0.51331572101378542  0.52406294816125876  0.53489596225602865
  0.54564693389239405  0.55615009514632263  0.56666471804141338  0.57705448606948906
  0.58746793504223294  0.59781442574342092  0.60835500291830713  0.61899698621683730
  0.62953882780271386  0.64017584045482911  0.65087687267961580  0.66157996806250585
  0.67218313179323508  0.68271032014117383  0.69322485583808913  0.70386241227640400
  0.71443774207764577  0.72504680341787431  0.73565436877189272  0.74630560601050966
  0.75695233878595625  0.76756666761863723  0.77822334462474763  0.78897251806979640
  0.79960641068185423  0.81033857907866769  0.82088540692403833  0.83146616220775382
  0.84191559638082258  0.85239315049559961  0.86288207975154507  0.87339807986999862
  0.88395897718532734  0.89433026734866594  0.90477327981759736  0.91530442672275314
  0.92603976691285206  0.93667761874693012  0.94712589052134699  0.95751834153577930
  0.96807105785811864  0.97872378552141837  0.98942470813056771  1.00000000000000000
 -0.00242411984233346  0.00976283545814046  0.02004069510189340  0.03060530486738522
  0.04133282159340426  0.05205061703738545  0.06247180800114614  0.07296837951355857
  0.08333216928180071  0.09374458372165358  0.10401937632159645  0.11457777303631871
  0.12500154588859205  0.13551616293077973  0.14609198498892900  0.15684609055145546
  0.16760260826439952  0.17818717189708219  0.18875083190520883  0.19924844896229849
  0.20976106084349885  0.22023835274043554  0.23075461390979479  0.24136818228544418
  0.25213560184349126  0.26280714100887953  0.27331069953132148  0.28382310853104636
  0.29427584918203203  0.30472459546151581  0.31510209583866916  0.32555035517370134
  0.33594618443492258  0.34639452986808977  0.35694426129009182  0.36751520999674753
  0.37814864703795031  0.38873181737996060  0.39929504029186413  0.40979550334495796
  0.42033610040054903  0.43095613460637344  0.44157605594885002  0.45216365472925046
  0.46269808478154323  0.47317982227384986  0.48368814098249935  0.49422817751903997
  0.50475090293284886  0.51530910390872553  0.52596106669866238  0.53675930495617452
  0.54745650379595845  0.55805363379981476  0.56855684867178569  0.57916578553816123
  0.58982313741824155  0.60056434963081973  0.61119368164053656  0.62178719792368853
  0.63232766031104026  0.64287013986570918  0.65346599019817364  0.66410212553737480
  0.67469335932591479  0.68526324003651207  0.69575291886028678  0.70628298269011092
  0.71669911817539989  0.72713954583802232  0.73766294753242778  0.74819655190154388
  0.75879379323554907  0.76942182402606563  0.78011861087093604  0.79068197773986448
  0.80105975936402463  0.81138495384037723  0.82181735565024194  0.83237312330043511
  0.84290587780318194  0.85333912994973882  0.86368703892923127  0.87419367264532144
  0.88477325651594996  0.89534453570094852  0.90578450953596523  0.91629240566916925
  0.92682049872171202  0.93717428848633866  0.94748874563209917  0.95777623948947244
  0.96819059509116845  0.97862509135111120  0.98922962719919738  1.00000000000000000
   5.3824349837477413E-012  -1.0000000000000000     
 T T T T T T T T
