  0.00000000006158794  0.00000000008880789  0.00000000011769922  0.00000000015211822
  0.00000000019418759  0.00000000024613434  0.00000000031040040  0.00000000039065322
  0.00000000049066293  0.00000000061647281  0.00000000077169922  0.00000000096787254
  0.00000000121550376  0.00000000152949345  0.00000000192093298  0.00000000241972708
  0.00000000304608821  0.00000000384085103  0.00000000482940496  0.00000000607730535
  0.00000000764655444  0.00000000961896676  0.00000001210320289  0.00000001521986938
  0.00000001912168723  0.00000002399864349  0.00000003008040824  0.00000003780195531
  0.00000004758910853  0.00000005982897766  0.00000007512217701  0.00000009414403579
  0.00000011806721034  0.00000014807590299  0.00000018596984859  0.00000023377040018
  0.00000029382983022  0.00000036879197027  0.00000046287315525  0.00000058083993280
  0.00000072901962298  0.00000091347853516  0.00000114498931028  0.00000143822531691
  0.00000180891018842  0.00000227398974213  0.00000285444739226  0.00000358379235301
  0.00000450338925418  0.00000566431709306  0.00000712894517847  0.00000896750331701
  0.00001127656078972  0.00001418532382949  0.00001785009652251  0.00002245785075062
  0.00002825696876134  0.00003552649524402  0.00004466200551350  0.00005622375417820
  0.00007077386948166  0.00008892057626136  0.00011153536916800  0.00013979364399315
  0.00017519540780057  0.00021958300133687  0.00027564862821403  0.00034648497600785
  0.00043572906174589  0.00054829383702652  0.00069004484457976  0.00086739920035766
  0.00108864292443431  0.00136438264378052  0.00171242650373628  0.00215459434630395
  0.00271514947035310  0.00342442385108677  0.00431554381461471  0.00543620548490476
  0.00685004973863855  0.00864980268594156  0.01095362270678010  0.01390203649601978
  0.01766889590683450  0.02250082393082230  0.02873260490466634  0.03681621368643802
  0.04740280041639532  0.06152752108095588  0.08087102574588975  0.10829911067754538
  0.14932638885607244  0.21747142362341068  0.37681003992878531  1.00000000000000000
 -0.00244265156708826  0.00955407803436715  0.01969541444959901  0.03034425235795124
  0.04085087556078314  0.05138340850892775  0.06182568121579093  0.07232477072033715
  0.08275866349593121  0.09319583923524499  0.10371330063569073  0.11412075202075174
  0.12451655277326798  0.13495331300784458  0.14542320083373364  0.15589624910101058
  0.16639043081338192  0.17685104927797932  0.18733092115228278  0.19784149828944875
  0.20836079741880750  0.21903106569209116  0.22963524138471711  0.24027386667940312
  0.25081404623463383  0.26130496600573427  0.27177991953495506  0.28224403466664372
  0.29269325417572561  0.30327317746911664  0.31378082972882010  0.32420604611765147
  0.33464636690282612  0.34525072876169494  0.35589945793874217  0.36638073962227524
  0.37690319827753888  0.38755246120072157  0.39819340827633737  0.40871862082923260
  0.41919808328744190  0.42983377045701482  0.44048253176524443  0.45114343573695048
  0.46178706190848617  0.47252622180098730  0.48318500671164483  0.49384504524502393
  0.50440996424620999  0.51500353286794043  0.52556191741459912  0.53610958487195481
  0.54657587242938632  0.55701766672995567  0.56747552101153642  0.57806014980719223
  0.58864047038702305  0.59919642695805408  0.60976155375471275  0.62031903210638273
  0.63082524640340076  0.64129113332609966  0.65178409004228455  0.66237356971417338
  0.67291874733428336  0.68347063279076736  0.69397608720718040  0.70453601211776817
  0.71507552395934526  0.72571027503932417  0.73637229134664539  0.74706130591769193
  0.75761944165179018  0.76813855974460965  0.77862739426627303  0.78912015662232937
  0.79957266574717534  0.81003361438211796  0.82056180948099511  0.83108165601248174
  0.84155785782225268  0.85195479634835203  0.86254845461594132  0.87316249474967689
  0.88382742090970701  0.89453608632203918  0.90524300039220607  0.91596486265111299
  0.92646934353258026  0.93707240820152859  0.94756505104892341  0.95808808137645751
  0.96856029702318380  0.97911731178643913  0.98956591269384475  1.00000000000000000
 -0.00239621156279272  0.00937757998773924  0.01949653501463533  0.03009571004400043
  0.04068719250745034  0.05129479459076647  0.06176479954441191  0.07223481760486233
  0.08269156136124610  0.09314557572055829  0.10355443214548180  0.11408356787230389
  0.12462953635220647  0.13507667680236432  0.14555031164853025  0.15613771423859102
  0.16676313680340660  0.17717206992682796  0.18758275752305004  0.19812519471069595
  0.20873480548009177  0.21925604432917570  0.22973567550272683  0.24028474879204673
  0.25085410564793897  0.26149504049996342  0.27202972974980555  0.28265720897319696
  0.29316237807274598  0.30376053088945437  0.31434143763320677  0.32498779331952099
  0.33560725262349173  0.34622706754743893  0.35687348139590147  0.36759878337675178
  0.37821101852292505  0.38882548848485921  0.39931127237150671  0.40990637894315596
  0.42038226467035000  0.43091134250749447  0.44141072551465804  0.45191688515127743
  0.46241761372833745  0.47303874270482654  0.48364040073180514  0.49419082937615161
  0.50470008391191090  0.51525950457252390  0.52585320916636247  0.53642901472491944
  0.54699463220000644  0.55744243995193432  0.56789573790012637  0.57838624759947277
  0.58897607713774958  0.59955769181997032  0.61013177698671950  0.62071679118434220
  0.63126498871333425  0.64178848389372012  0.65220590735211714  0.66261804107283373
  0.67305384032804660  0.68356338073571099  0.69407902404737054  0.70453580179090225
  0.71505543985377351  0.72551813619357619  0.73604716799407477  0.74659844004316112
  0.75726607068430873  0.76796774333554074  0.77865306237456622  0.78926579095486549
  0.79980638347366462  0.81037006851021243  0.82096551464834300  0.83165530405987675
  0.84215635459539673  0.85259299990494641  0.86290605702190060  0.87334698543747857
  0.88388279432442241  0.89447116000170190  0.90501814225953581  0.91557407522216983
  0.92609905130399228  0.93670530524500473  0.94727892536642189  0.95778203096048564
  0.96831438606418230  0.97886588609084202  0.98949033147627186  1.00000000000000000
 -0.00237697785877101  0.00921665346702107  0.01923690758336351  0.02980664353489711
  0.04034615444152200  0.05086348786661049  0.06141567545591849  0.07190818823142678
  0.08253071789077975  0.09310034380023317  0.10364275577050232  0.11402882026000330
  0.12443536394009932  0.13489053680085916  0.14547128946412705  0.15595045229642190
  0.16655955712680315  0.17704193266314408  0.18773004944139468  0.19825286375807849
  0.20891215977694183  0.21948688430275445  0.23014306914615126  0.24072259081398123
  0.25123849581198349  0.26176899806765114  0.27236332010709458  0.28298814819787649
  0.29360250102168578  0.30429064020097724  0.31491460534312848  0.32553724133087719
  0.33618428674237805  0.34684533995502143  0.35751798534428414  0.36804213752294368
  0.37862269702860535  0.38910492052704693  0.39958904157236441  0.41006768900973861
  0.42065231153559879  0.43125232722052143  0.44184506589312073  0.45236940086430544
  0.46289857805117707  0.47343269648562220  0.48403583325684418  0.49464203628824399
  0.50530940833483373  0.51593284600622402  0.52653024401916915  0.53718829764878728
  0.54777904293415580  0.55846328524245381  0.56904915121860911  0.57964054897988015
  0.59015491285970068  0.60057490632866073  0.61107363674100934  0.62151295629982062
  0.63201864458339430  0.64244966797106917  0.65299269866214515  0.66356472109993436
  0.67420525757702587  0.68476266693030252  0.69534243971381038  0.70592586997315854
  0.71648511707431806  0.72706595378331873  0.73766684270355110  0.74836261151567229
  0.75897881002686285  0.76947852876043610  0.78003651490464487  0.79049472714783253
  0.80097380939130292  0.81126612295855050  0.82167577443055695  0.83208203473445197
  0.84252903773756771  0.85290911975780981  0.86343884382037450  0.87385711140129529
  0.88429864660924984  0.89459043776962488  0.90504101122014735  0.91552245358731410
  0.92596602379212356  0.93639435903831525  0.94693567023480241  0.95747562806781217
  0.96806726504075502  0.97863538388342342  0.98931315984246793  1.00000000000000000
 -0.00233137803105751  0.00938240697493949  0.01945045467577975  0.02991467463572773
  0.04036580090041984  0.05078828092213498  0.06123214211303161  0.07168501467846880
  0.08209847822557986  0.09256706863929283  0.10303670361548933  0.11358426498649833
  0.12417904368492225  0.13481405911903838  0.14543944742385795  0.15600775828682475
  0.16667708280740684  0.17728931279029084  0.18786126117628199  0.19834224150976426
  0.20878471546564636  0.21926928738234680  0.22970153310060287  0.24030097593936722
  0.25086300509601644  0.26139494561886867  0.27192818440483807  0.28249214167580272
  0.29311683340247591  0.30362092191511109  0.31406872744551495  0.32454352736273806
  0.33503329567212248  0.34553468571458928  0.35597140487003409  0.36651249782371220
  0.37706744667292286  0.38763645347684383  0.39818131238264520  0.40875105733274952
  0.41932724241133734  0.42968352617451472  0.44018919399468387  0.45069398432136937
  0.46136165116253625  0.47186478900081291  0.48243807988252113  0.49300693013243291
  0.50354591833137996  0.51405873026827098  0.52452470112895422  0.53498102925834590
  0.54543282047466091  0.55593985494360820  0.56653262349806766  0.57713604733666191
  0.58782851186254370  0.59847714241367755  0.60902423791544813  0.61951913873874798
  0.63001497718202149  0.64063656358511223  0.65120971742683909  0.66179200212412825
  0.67227824141146553  0.68281196285089585  0.69332575104108307  0.70390930287250408
  0.71441903077025426  0.72494240611538741  0.73555968447410025  0.74616760769323920
  0.75674484317834256  0.76717573170689279  0.77782206803944853  0.78851991536435351
  0.79921940571633077  0.80975104503446216  0.82030759448467605  0.83091632552591055
  0.84145310406401275  0.85205510622648339  0.86255477051842622  0.87323222468987816
  0.88378640262876085  0.89441519549861781  0.90486891831146099  0.91536722713327967
  0.92583577184540033  0.93641464056288770  0.94700219361372351  0.95766915337872949
  0.96829780977069246  0.97889880276719254  0.98947118734547246  1.00000000000000000
   1.0879696488067172E-005  -1.0000000000000000     
 T T F T T F T T
