 -0.00155308383983680  0.00552077362858159  0.01239972375668342  0.01915388334871564
  0.02625047750949971  0.03372588932155548  0.04152742234616633  0.04963432270798258
  0.05800955868166303  0.06658591225477577  0.07529963643165152  0.08410861489536828
  0.09302678086072991  0.10206375535455982  0.11124384808453248  0.12054417873760906
  0.12992714250303911  0.13940625250173669  0.14896729608267700  0.15859748450708891
  0.16827421427611036  0.17797135185655263  0.18772253199281125  0.19749364501205757
  0.20725195025732651  0.21703020958854227  0.22687723930579168  0.23682482328432086
  0.24680849410750291  0.25677742358223238  0.26673582038648935  0.27673236018718556
  0.28679983794491021  0.29692937518967460  0.30708744503433610  0.31724804649103200
  0.32742467508079709  0.33762420243354890  0.34788031413057924  0.35818830513433048
  0.36851619648613881  0.37887242201586963  0.38922254604112516  0.39957366214144635
  0.40993229919120977  0.42035273514844429  0.43083064566046958  0.44131012563788125
  0.45178002547077944  0.46227904578241102  0.47281750004051137  0.48338260622631413
  0.49397689577391551  0.50459038388542221  0.51520774078956966  0.52583803381769534
  0.53647621751597430  0.54712595092009664  0.55776734943504347  0.56844703017317788
  0.57913679022317444  0.58980973941909043  0.60046001089176049  0.61113216177920338
  0.62186026516921800  0.63260730080952388  0.64332531857903641  0.65403802179395631
  0.66477618924502380  0.67556790630285612  0.68638473647031262  0.69722716848139688
  0.70816133265517778  0.71921457320697624  0.73033311632846099  0.74141633627025560
  0.75248304900814289  0.76362296005429076  0.77480348543967503  0.78599300005267503
  0.79722404784417444  0.80854814175249667  0.81994431457064076  0.83139234618086433
  0.84294127652222006  0.85459213459518546  0.86635217351879290  0.87822534682475417
  0.89025691903221604  0.90252166898315234  0.91506357931935278  0.92801177049876682
  0.94158576256877280  0.95634704657202041  0.97499183221375219  1.00000000000000000
 -0.00236748010251358  0.00946096749089703  0.01951594468716791  0.03000684022229123
  0.04052405108955964  0.05105230456759091  0.06162144572107896  0.07224021241367799
  0.08283884034245530  0.09339968254209328  0.10396699182764213  0.11456369511796446
  0.12517602239191247  0.13587367813764611  0.14654755846502202  0.15720670407478221
  0.16776325483249524  0.17837467965120216  0.18896152351567380  0.19956283886728146
  0.21016603620658383  0.22075239199992383  0.23133174576328097  0.24183311694365731
  0.25238229855658023  0.26293597272167468  0.27345041350052907  0.28403707257576050
  0.29460850894304969  0.30527356206682693  0.31577847073544896  0.32631212363927681
  0.33676679432409612  0.34723115071190935  0.35766150433662863  0.36815577602925575
  0.37869674581433815  0.38926606018194043  0.39979775893525277  0.41040017107696880
  0.42103031167753807  0.43174434332674394  0.44236033416248965  0.45294721592450937
  0.46351951334036301  0.47411059844063952  0.48463887307570197  0.49509563740994317
  0.50555948680725737  0.51608049937469025  0.52652423071110421  0.53702073604920308
  0.54751567105155796  0.55805814244579866  0.56857225762017305  0.57907563424825692
  0.58951352987252970  0.59996121727920093  0.61049586258448885  0.62114924452935194
  0.63176542571723737  0.64230610560557300  0.65278808505629105  0.66326942196270433
  0.67376532095855912  0.68434892111326651  0.69489876277164531  0.70551903463525933
  0.71606622799668340  0.72673052597042209  0.73727984383394940  0.74778974185781066
  0.75828157647638039  0.76873414609973489  0.77930731206607862  0.78986436271910043
  0.80040099707896994  0.81095475130060590  0.82142122977051280  0.83202760881888971
  0.84252952784837698  0.85303326895802656  0.86346278020526235  0.87389345814334041
  0.88428437148814709  0.89464396712731853  0.90512912280442814  0.91563191375492325
  0.92609306157575400  0.93653233444630801  0.94705141107293600  0.95776844051908649
  0.96831105090625735  0.97886726452026340  0.98940027619971993  1.00000000000000000
 -0.00236252797069928  0.00944985408753008  0.01944935140997825  0.02996189979553790
  0.04045603398373415  0.05109007025167715  0.06176175728330703  0.07239577331763333
  0.08302231345968525  0.09358066808089552  0.10424150623722062  0.11480931759675699
  0.12543590184957462  0.13596602963460150  0.14670519378652774  0.15734614313836098
  0.16802916645802776  0.17855521124683166  0.18907723328177131  0.19951976447882180
  0.20994713411798904  0.22039961283411086  0.23079092091595874  0.24124629275647572
  0.25178255573542424  0.26236170209604393  0.27283909071605772  0.28328237685272212
  0.29373411823547013  0.30418912772202716  0.31466284568769815  0.32528537162813725
  0.33594673280809129  0.34665569023171294  0.35724776435121686  0.36783071711862397
  0.37826860716509991  0.38868289353643304  0.39919590151155759  0.40977196337158239
  0.42034302458245165  0.43088710107795869  0.44140101458466935  0.45198610708170900
  0.46255594316913684  0.47321218063803422  0.48381681892097889  0.49444487001554027
  0.50497648859548938  0.51552753610650548  0.52608489126718561  0.53661929255157526
  0.54720869891804746  0.55764995992761834  0.56814128823514809  0.57866252428746068
  0.58927938826121540  0.59989792352683680  0.61050266800250830  0.62115505110753244
  0.63177941693101747  0.64233733289183204  0.65290339117641871  0.66344739623252080
  0.67388513724380561  0.68427973140978249  0.69470918682807115  0.70518951109392258
  0.71557879441046324  0.72595517758607453  0.73649050926370874  0.74713030286273352
  0.75783592357539109  0.76843910029320162  0.77901904423799062  0.78949327333655561
  0.79991959056561956  0.81044514325375872  0.82095411362041060  0.83150030935830022
  0.84197899716124802  0.85236562506563562  0.86287029361929868  0.87332008179456089
  0.88392238076423424  0.89444145179756485  0.90495778712087416  0.91541248791606222
  0.92597101171737184  0.93644111418740505  0.94707725216484595  0.95757051755069611
  0.96817311826978969  0.97876388675947179  0.98938468512926814  1.00000000000000000
 -0.00225487924924402  0.00930452422005804  0.01930491030152713  0.02974603518740031
  0.04028359215542973  0.05077137859098033  0.06132861146858024  0.07184141882422139
  0.08233295696191373  0.09277197685349720  0.10321582184200465  0.11374915759154422
  0.12436688884080634  0.13499630037489499  0.14563786145857840  0.15613703083619671
  0.16662684304809977  0.17708410448631384  0.18762094824353090  0.19813236958469932
  0.20872498358340877  0.21919808705288640  0.22968137802242403  0.24021803180378096
  0.25075253779076162  0.26126711200830194  0.27176857883757233  0.28247247454740559
  0.29317011610751603  0.30371140017209236  0.31416294467064659  0.32460710993811459
  0.33511408770868389  0.34572441855575292  0.35636214274711925  0.36698142935544653
  0.37756776934435970  0.38819747932105231  0.39882509433898827  0.40942467282742473
  0.41997420250367395  0.43050168642758219  0.44105992346771550  0.45154279367991301
  0.46207811596044224  0.47254747286214099  0.48310167845912638  0.49366465747200833
  0.50434385645017743  0.51495929447163458  0.52558208890589364  0.53610013465081408
  0.54664531091378921  0.55720838347049972  0.56782162997591568  0.57850158896467052
  0.58915596666249248  0.59976271758741007  0.61032683905473284  0.62079618113107571
  0.63140737813025105  0.64187465996804227  0.65241085341106386  0.66285617186539425
  0.67339253309810387  0.68388992475371557  0.69442801514948949  0.70498136580986148
  0.71554887496730613  0.72612819672299889  0.73666684221885437  0.74724298527517496
  0.75773006919479935  0.76825390317898590  0.77866878574168075  0.78915124129327319
  0.79961015496400523  0.81015149541367304  0.82069702085716001  0.83128987664454468
  0.84188947761059463  0.85241958870585643  0.86305382377165085  0.87367992973072262
  0.88423483258727265  0.89467894772802503  0.90518300608242575  0.91570915929656926
  0.92618657953490102  0.93665481390379624  0.94721288322867225  0.95793038374755801
  0.96848993332367705  0.97905821064285259  0.98951181552395084  1.00000000000000000
 -0.00238825661311720  0.00945675082650359  0.01944792887294963  0.02996055723880463
  0.04044033559549771  0.05114583335236960  0.06183404490632180  0.07253801537468403
  0.08309901242344314  0.09357131278909477  0.10403949395858962  0.11456007608477317
  0.12511579140029852  0.13583473631061202  0.14644485789478473  0.15709416570201970
  0.16759654797641710  0.17821798117459992  0.18870900655309591  0.19924692528600901
  0.20980504166507011  0.22032665316206571  0.23079688909089763  0.24125084533543215
  0.25176473041891356  0.26230889899419985  0.27281114038061782  0.28336055805835869
  0.29396932704994833  0.30455307753780148  0.31518581773193383  0.32574747857051617
  0.33639619841555823  0.34700967156171553  0.35761585492929721  0.36819442941654279
  0.37869154029402846  0.38916094970965792  0.39969692724597244  0.41036956984491668
  0.42098699860454974  0.43154591839563233  0.44206341427406087  0.45268428362847468
  0.46323584140473112  0.47373310702562099  0.48418321209561799  0.49469527116855633
  0.50528568021760378  0.51593294963500702  0.52663273996552018  0.53725068687276034
  0.54783213530895192  0.55836339585092210  0.56890814015758939  0.57939980120144485
  0.58989636214456687  0.60033526244044100  0.61084357705957359  0.62132902594730266
  0.63186987374076675  0.64241511156257147  0.65296612922827635  0.66351935942371376
  0.67402019943537095  0.68448197745659922  0.69496106152932491  0.70537351927884495
  0.71582609740676395  0.72627091457690163  0.73678130697063293  0.74727957303577619
  0.75775258094411091  0.76821326756616493  0.77869146775676557  0.78915164703654883
  0.79969515410442693  0.81023964918095037  0.82076246636466432  0.83121329852425929
  0.84162157155956940  0.85207401631097524  0.86255551576837708  0.87313742026076524
  0.88369226434140136  0.89423471134098476  0.90477891969081670  0.91546352003209253
  0.92607638262560421  0.93669171483938396  0.94720780495641432  0.95782579786810162
  0.96836819665159002  0.97892373556256140  0.98946241840114202  1.00000000000000000
   4.9323447207246924E-008  -1.0000000000000000     
 T T F F F F T T
