 -0.00160383178815132  0.00579529215170467  0.01272955689152372  0.01949655126053879
  0.02662004579835034  0.03414406195607470  0.04198535902425923  0.05004819302586153
  0.05828607959569589  0.06677430703288002  0.07552748496073040  0.08446197622346925
  0.09350750913356069  0.10263247825430515  0.11189719033066385  0.12130322833126604
  0.13078860550343593  0.14029378871577944  0.14982129842185041  0.15939992306527018
  0.16904999387166200  0.17875700805908165  0.18848059341597026  0.19821549727783308
  0.20797872641010326  0.21783052859795832  0.22778983979465053  0.23781411207575984
  0.24784029204845151  0.25785025231021158  0.26792293125858485  0.27804999546395670
  0.28819033998809807  0.29830549481199636  0.30840598579737655  0.31856504122299967
  0.32874575772431563  0.33894126149174336  0.34913178343137680  0.35935127801553951
  0.36961373770684375  0.37986434497864946  0.39010667306935631  0.40036198173776205
  0.41065989078855319  0.42099150575595923  0.43135124994248458  0.44174796148075934
  0.45217873016256754  0.46261102043114871  0.47302733180308665  0.48344811542946486
  0.49387592955887177  0.50435155626674943  0.51489765736725857  0.52549129262654881
  0.53608730069994204  0.54665013557807440  0.55722332940331332  0.56782319614961541
  0.57844703525535424  0.58910234676865125  0.59981398686953613  0.61057323192545299
  0.62133509397612552  0.63210622768236202  0.64293021338770129  0.65381074677091355
  0.66469275238542525  0.67552008656435347  0.68631740460195834  0.69715845520182462
  0.70808854227965601  0.71910901394409632  0.73020984876418316  0.74136243941494362
  0.75250690960161626  0.76357811093895023  0.77460546887165382  0.78570324484763265
  0.79691676158007096  0.80828496873815547  0.81977976496627225  0.83133476982981758
  0.84287313209126580  0.85443363056339983  0.86613150463297928  0.87804089695502063
  0.89014268587814649  0.90241198734386485  0.91497224116410247  0.92799198249325043
  0.94167334260500368  0.95643909420653350  0.97507041520212301  1.00000000000000000
 -0.00242814124184178  0.00956766576479611  0.01954303625556165  0.03000212679044902
  0.04046642245850571  0.05109815771336521  0.06166530369378021  0.07231657692293392
  0.08299912277013106  0.09374296227523277  0.10433302212334881  0.11504523948134601
  0.12563352432996272  0.13622286180745624  0.14674400919587088  0.15740989077611484
  0.16809521881970479  0.17861768739782105  0.18907786746260516  0.19956302516812138
  0.21009403590124801  0.22069599873136586  0.23130770510580981  0.24192868833665948
  0.25252662755681676  0.26311668065908267  0.27377869971083757  0.28430110763204136
  0.29492922189711879  0.30552239368369838  0.31615720179205653  0.32673315643311079
  0.33733495100067701  0.34795202799869901  0.35851390446116699  0.36908236604916067
  0.37965176970418002  0.39020555428205472  0.40070700494536299  0.41113564002006397
  0.42161608737605050  0.43210673333294336  0.44261078379216640  0.45312537179401408
  0.46365107048620269  0.47409422759531006  0.48457891781718776  0.49500315697135228
  0.50562047129882126  0.51616295530622891  0.52680911054114476  0.53740688294555450
  0.54809822259640173  0.55884554599860259  0.56948123453621868  0.58002490626214487
  0.59044744219884027  0.60083942711726634  0.61128777927578559  0.62176589567742224
  0.63234044212837859  0.64294846250243753  0.65356475320869456  0.66419740345286682
  0.67468778535978280  0.68524150998310396  0.69557550991648309  0.70598019756915420
  0.71630532364799282  0.72669785152667965  0.73706183723095031  0.74746945679767729
  0.75798446329902103  0.76841065713461798  0.77891446872478887  0.78942339035037923
  0.80002802671532514  0.81051617918353891  0.82104123438763954  0.83151449918214482
  0.84197381104926516  0.85241211253857718  0.86292409374939560  0.87347431910271300
  0.88405093715690408  0.89459054857801601  0.90513977459041473  0.91565035344337786
  0.92624287167270458  0.93683312011368869  0.94737451129119488  0.95801136891420791
  0.96842673252326172  0.97897242834307607  0.98935394974704716  1.00000000000000000
 -0.00235057936481721  0.00932130187954193  0.01931284163344024  0.02981455268982331
  0.04029904394064335  0.05077121059339410  0.06126318845262371  0.07182498806820631
  0.08239477226576401  0.09288033997787344  0.10341624228180507  0.11394677562869922
  0.12466214966111666  0.13512678273017958  0.14569272108850762  0.15611625754447198
  0.16650503059808597  0.17682562720934220  0.18719820054245331  0.19776487452786554
  0.20839348047902231  0.21894706220558338  0.22949427473153600  0.24004856198499991
  0.25060765630059362  0.26118639656843534  0.27177192487351526  0.28243789863301888
  0.29308393908776631  0.30363149461864047  0.31417065215965456  0.32463186173235348
  0.33516433235916038  0.34574358891195456  0.35633988695768332  0.36697612545135028
  0.37754174217091563  0.38813663362319162  0.39866600525004597  0.40928190160437256
  0.41993087955271502  0.43053865793144613  0.44113408478294069  0.45173905916569568
  0.46239083543907189  0.47293990257718987  0.48352373213530603  0.49419310423889856
  0.50485291185274261  0.51536457115224155  0.52586261291567316  0.53635814473117804
  0.54687034294526682  0.55731637264840550  0.56780463700516148  0.57826178887582513
  0.58870356354594811  0.59920391434892784  0.60977243520869717  0.62032564741264051
  0.63083248267577741  0.64131719102251195  0.65191977079433727  0.66248206917237884
  0.67312758784617932  0.68366671970274295  0.69420174903341036  0.70461186294097378
  0.71519098058856867  0.72576495406651498  0.73635401691705182  0.74685661569017459
  0.75737224662182512  0.76794674482141634  0.77840585459020817  0.78893358337331387
  0.79944553394675033  0.80997316255498641  0.82049184503104922  0.83105308450679938
  0.84165525434066690  0.85226784700514113  0.86280476545663620  0.87328987250847712
  0.88371247905574402  0.89425527159055795  0.90487519504017466  0.91554048929852216
  0.92617081036042492  0.93676584227358717  0.94725810584899761  0.95768356598315729
  0.96818237541435059  0.97883553130830736  0.98947354449781744  1.00000000000000000
 -0.00230275746252404  0.00920578745865585  0.01918566603640643  0.02963423458967107
  0.04014643772213711  0.05065923433169477  0.06118817693680179  0.07170900447754877
  0.08230387886150288  0.09289298259156570  0.10344432532473288  0.11388772730790700
  0.12434435796997344  0.13488119970361559  0.14548659552688087  0.15604320621264275
  0.16652410182663507  0.17695409464384232  0.18743428151418923  0.19803792646571500
  0.20865367326843226  0.21922521247976187  0.22976613560595005  0.24028730586875671
  0.25088175597892304  0.26146774150184082  0.27204058095787120  0.28258286648941416
  0.29313591953373175  0.30373814855343689  0.31436293798569326  0.32497276121651730
  0.33553794555531946  0.34608635677841848  0.35658212236473075  0.36720889374306376
  0.37777335587603500  0.38830264345916610  0.39880520582611367  0.40934021773029894
  0.41984081744564961  0.43033268221629628  0.44072552756236488  0.45123070967948881
  0.46171398295315863  0.47222208493757700  0.48273892647444355  0.49322182601607373
  0.50376556086100777  0.51433538203800677  0.52498494867057888  0.53562615777490519
  0.54616783695693571  0.55666034875903248  0.56717494444566696  0.57776501246722778
  0.58834617427966573  0.59896115304982445  0.60941730694400520  0.61986840363353546
  0.63028728038701032  0.64085931620206704  0.65142036082778665  0.66194162100124876
  0.67246575494569305  0.68300564387858786  0.69357641553776761  0.70420728353085205
  0.71484489824366082  0.72543991250691509  0.73598032117185497  0.74655383109551154
  0.75723233234938281  0.76787843050444649  0.77861557107397117  0.78929564122847151
  0.79999293105761993  0.81063857373839110  0.82125071471810496  0.83188057791622927
  0.84240969653893083  0.85281732383924758  0.86320260914671565  0.87359706038657936
  0.88416146209427482  0.89458094169420621  0.90508773413571708  0.91559024427850499
  0.92621957195032900  0.93675721497927977  0.94727280438393857  0.95771858985450609
  0.96831352893584821  0.97883531535043855  0.98945546988738087  1.00000000000000000
 -0.00229613102208369  0.00929670055789530  0.01932805319247063  0.03002903251512146
  0.04075676402755424  0.05144577819544027  0.06204949921661704  0.07253485298000850
  0.08304477911988847  0.09357753910626923  0.10415427554623262  0.11474382758403610
  0.12519900920386060  0.13569248595181924  0.14620778649829888  0.15691127769875751
  0.16754040276336912  0.17803899330919509  0.18853543163281566  0.19911996567671100
  0.20964884532196881  0.22011817147284143  0.23059863473685491  0.24118101880572934
  0.25167113074287151  0.26214797063016226  0.27261495388867996  0.28308140599684117
  0.29353538906818899  0.30401664467506628  0.31464240379072211  0.32519734877238332
  0.33571910570674507  0.34620050500576927  0.35668186463817803  0.36710643127643078
  0.37750855867476901  0.38795408280234728  0.39852331458799706  0.40907645698709533
  0.41955623919524876  0.42999523619725777  0.44044435516207331  0.45093421636731135
  0.46141286687464333  0.47186949296658731  0.48237133969860430  0.49285592650706445
  0.50336178246026109  0.51387875165842223  0.52445355073903133  0.53504322122146786
  0.54561746457573168  0.55622432163083657  0.56685184059224081  0.57744423830160896
  0.58806875311556062  0.59863919439754099  0.60910766267273186  0.61950380821740791
  0.62992027504098280  0.64044484479396913  0.65092580173526193  0.66144664060853942
  0.67194579534853061  0.68245972451569992  0.69294349209025663  0.70353223510570018
  0.71421502970686235  0.72495520683395853  0.73563737192900347  0.74622772641443469
  0.75676372311197992  0.76727746167246025  0.77781206165814643  0.78844699966621734
  0.79914772862700800  0.80987531562962123  0.82058426032888054  0.83134179260394858
  0.84199008293469335  0.85261366822447071  0.86299355573631586  0.87334633735545186
  0.88374025429582070  0.89420950772556751  0.90472287944898444  0.91506010313883568
  0.92555654005506172  0.93605720334811127  0.94680756589139414  0.95748420054451555
  0.96820501182052676  0.97877162353728853  0.98942245883904179  1.00000000000000000
   9.4976637767171026E-007  -1.0000000000000000     
 T T T T T T T T
