 -0.00168492265364038  0.00633741006059445  0.01350471922262708  0.02054846176859114
  0.02793852373168598  0.03571390764947188  0.04379569497490723  0.05215982688002420
  0.06071019187832984  0.06944129392294203  0.07830046248008100  0.08725316565073483
  0.09632119247041852  0.10555227800941241  0.11500878343723082  0.12465199201802814
  0.13442030278505759  0.14423266474379665  0.15401979888000927  0.16381405067093172
  0.17365946994677406  0.18353037867154376  0.19346602400060570  0.20345255456184974
  0.21352241165772445  0.22360518277727093  0.23369916013024356  0.24374812527753134
  0.25381840917961257  0.26386468099417987  0.27395834909196570  0.28411409265852677
  0.29430959562473974  0.30464340136808987  0.31501663854557482  0.32531275449124025
  0.33548094102757653  0.34555280342183603  0.35569338748879809  0.36589825066850412
  0.37614692348588941  0.38646113263281173  0.39683586379241353  0.40726134711759249
  0.41768630134937701  0.42807047337473797  0.43843119334546771  0.44888071597228901
  0.45931049808767643  0.46982376070421411  0.48044390345330568  0.49112410594693190
  0.50174936083045107  0.51225575374158205  0.52287157349155633  0.53357576007198404
  0.54421938095166555  0.55482177889909112  0.56536637718325133  0.57597471770661990
  0.58651044956908449  0.59715073067754154  0.60776860349798745  0.61832043803540448
  0.62880496620520820  0.63939658716710701  0.65017519668084489  0.66102707799581528
  0.67185866625034918  0.68268299677750599  0.69356076451337756  0.70449507669719491
  0.71541577886445906  0.72627302577414254  0.73706739417493383  0.74787332047021693
  0.75881500286678216  0.76993813745756390  0.78117468689165959  0.79232958168034240
  0.80339461247642507  0.81450570220802465  0.82568564396836930  0.83693062776818650
  0.84822573783362354  0.85964997540508858  0.87121122038875332  0.88282939195546384
  0.89469681621738384  0.90684447314142969  0.91934754480931646  0.93210500221364123
  0.94530528975385897  0.95965536874282864  0.97740990483091006  1.00000000000000000
 -0.00252859910234672  0.00948003941030522  0.01976873143292250  0.03045144661809233
  0.04110364437665973  0.05158813943179593  0.06210688169157540  0.07236181072006544
  0.08264739690819073  0.09287975066708154  0.10318119195155546  0.11357376018888142
  0.12407992483982744  0.13476885128487739  0.14538933002665236  0.15577329675153564
  0.16620028386221752  0.17660079746514151  0.18700769404723963  0.19756631785966611
  0.20815143878161882  0.21879756043363455  0.22928689145041237  0.23973529619439399
  0.25018429393734576  0.26077020977836157  0.27134635393807943  0.28211154064456290
  0.29273231928446464  0.30352726518405637  0.31419441991405128  0.32479218063377285
  0.33537738540841688  0.34595736874814847  0.35661924674496570  0.36725946197792148
  0.37791265030602950  0.38847985101397575  0.39892711723230539  0.40936552098904649
  0.41985197077588565  0.43019557600566805  0.44070478395817453  0.45131572845923357
  0.46211856324917810  0.47267535417049772  0.48321577532628951  0.49373417034455030
  0.50429996027007751  0.51478982592158784  0.52555184901460505  0.53624061089120512
  0.54703562247032567  0.55765943926568629  0.56836982478930353  0.57907703313104619
  0.58969095834359520  0.60027271787100900  0.61095311871720093  0.62168616707735447
  0.63250588523607376  0.64322024225299990  0.65410248957628980  0.66491124786893963
  0.67556312005111363  0.68607023221092134  0.69666365143474862  0.70724654910958784
  0.71774627132698110  0.72824643687560764  0.73863197340379605  0.74907385715849295
  0.75949320900360939  0.77008624856854235  0.78066945951642674  0.79119810720340966
  0.80169002350861440  0.81222294825557062  0.82273322092911205  0.83325261859620148
  0.84384101545388757  0.85442703324345015  0.86502833676167656  0.87565518598319836
  0.88622904564662464  0.89680700301517546  0.90723341322191153  0.91760149855220907
  0.92800307118774450  0.93854054991549218  0.94903450299267056  0.95946206538819689
  0.96963585672294350  0.97978570123919273  0.98986061542914772  1.00000000000000000
 -0.00238795408055612  0.00967402141893791  0.02000827858515830  0.03054795855772170
  0.04105874339889293  0.05141722534098371  0.06189425333387239  0.07235944966113343
  0.08287869249590900  0.09340840053259794  0.10396581187722394  0.11465380653218699
  0.12524250882960444  0.13576934107221897  0.14620801395587399  0.15682937744492012
  0.16755113134803343  0.17830148549732253  0.18904027798901252  0.19974976134726580
  0.21037831052850886  0.22101561775699877  0.23158585786819783  0.24217651174730112
  0.25276076300368427  0.26333681187083918  0.27387231073495366  0.28427168750800680
  0.29475057812333300  0.30523945574897349  0.31576297021967792  0.32624266698060728
  0.33672604964295616  0.34722327198491043  0.35761503980016968  0.36806245985178265
  0.37839282271755020  0.38894396289497757  0.39949216557225387  0.41028165403294053
  0.42111162095295690  0.43188721966132110  0.44255676467581179  0.45307783533973306
  0.46358015048637863  0.47415211184820599  0.48471018563979407  0.49523025232421336
  0.50565277576833212  0.51614150277395610  0.52671997994785646  0.53726618989521058
  0.54779480221361232  0.55823045271658944  0.56859551832024169  0.57880870886721836
  0.58912511125378064  0.59943302769571749  0.60996740149506179  0.62062223076922640
  0.63128966826637078  0.64193610124561007  0.65241675916738118  0.66307126740409306
  0.67358995193696358  0.68419456461305483  0.69472772331708965  0.70527673414862591
  0.71569874320267302  0.72611618970750091  0.73664952362301372  0.74744616342568515
  0.75819350538079233  0.76880969347143302  0.77920780452332616  0.78959723581977936
  0.80016214851173817  0.81083430623201302  0.82146990687704124  0.83210570725559929
  0.84237546826470922  0.85276152607186628  0.86304353279070511  0.87364117862418533
  0.88424294223610533  0.89493559549776780  0.90573743414763397  0.91663258578161388
  0.92747064951451308  0.93828629684236697  0.94885461160702500  0.95931656438761725
  0.96963478298269201  0.97978942694811266  0.98992618291936829  1.00000000000000000
 -0.00149162197197270  0.00991418456439013  0.02020101694118615  0.03077506718386739
  0.04134088896853378  0.05185216825514831  0.06249893846395503  0.07277940108275902
  0.08312816604022505  0.09341291212002033  0.10372057620266784  0.11405757497495861
  0.12438532190188435  0.13504596065049229  0.14560998372904885  0.15605770786176501
  0.16653982034577353  0.17700916811633285  0.18762121931494413  0.19803622729279480
  0.20852873794620430  0.21920294025485082  0.22992072518120849  0.24059334689772555
  0.25115863602504390  0.26182667814200267  0.27247374090618415  0.28310809887457788
  0.29359776084766770  0.30415881503575587  0.31478009562372927  0.32555364923338054
  0.33618995735393725  0.34674352273444214  0.35727336213271704  0.36779505749694957
  0.37828088938645671  0.38887833690546320  0.39950698861077838  0.41012413586926144
  0.42069352971878743  0.43128200802211980  0.44184525563379767  0.45232174350635956
  0.46262023692960552  0.47302527192710420  0.48350164780059551  0.49431273852158619
  0.50491091378168818  0.51553149183944136  0.52626062652262229  0.53717816505776983
  0.54792216429023455  0.55844601721534692  0.56900467913279185  0.57940798856321429
  0.58996951883197679  0.60060811352045540  0.61128044184111263  0.62191025417981072
  0.63239692029972761  0.64304811281581442  0.65362212672264119  0.66430883075869174
  0.67498404890076635  0.68546144105940432  0.69580069968272029  0.70614048750330505
  0.71676464911110294  0.72759439749923494  0.73837573139148782  0.74906524072337066
  0.75972791487507596  0.77032721395542259  0.78079814230537825  0.79100745015664442
  0.80129213554824597  0.81169107385211259  0.82208245141723113  0.83258038026467862
  0.84298267316784781  0.85345389231031998  0.86387603644108424  0.87429358677731150
  0.88468444174019978  0.89504746885772479  0.90534535305844654  0.91548690356630313
  0.92580150566025399  0.93621571187905239  0.94690841051521313  0.95757611793573305
  0.96815119206783640  0.97873276265992970  0.98929186873183816  1.00000000000000000
 -0.00220600978592080  0.01004111825066943  0.02034267616632519  0.03104106666685691
  0.04157009809151229  0.05217315808891135  0.06271051389856869  0.07332270701468759
  0.08382415736704503  0.09422183320967752  0.10460057241084984  0.11511606390217279
  0.12563245622277799  0.13616845075092823  0.14665507434719799  0.15713650266014303
  0.16768535780831803  0.17834138667770702  0.18897453339158765  0.19953383869295774
  0.21007946290068463  0.22057766723394379  0.23098180588777126  0.24136373342593784
  0.25186823439936346  0.26244065385589266  0.27315361598488308  0.28402282271524154
  0.29479754711947276  0.30558623736685081  0.31636920114982137  0.32733987474130655
  0.33819036521976908  0.34892845246653370  0.35947170832509784  0.36993228241656412
  0.38035134111681707  0.39095406107330988  0.40173113713956454  0.41249050643176277
  0.42320913228324342  0.43386262466480580  0.44451101815551303  0.45507610927185144
  0.46545446475919033  0.47585317947280614  0.48621686194974945  0.49658793601633106
  0.50687080247065319  0.51714639042945199  0.52748778594014556  0.53806052838813845
  0.54877962951745018  0.55959598207171679  0.57020599675575501  0.58063285590255020
  0.59093600954988523  0.60129849855729900  0.61177739867307424  0.62246671064671300
  0.63287807127003382  0.64329500664778205  0.65364877009798350  0.66410180246737760
  0.67465176201982613  0.68510219280985596  0.69572710514560521  0.70627914994764540
  0.71698762696344664  0.72755203354080322  0.73801681839416222  0.74848875923571911
  0.75919533083385571  0.76992204693850441  0.78062287509091277  0.79128299194184748
  0.80184752243829738  0.81236037145350981  0.82278017527080138  0.83323852649865371
  0.84366356838457923  0.85408409599087098  0.86431300618506546  0.87448012335229841
  0.88475868938415092  0.89514913057496270  0.90567600003380055  0.91621233571964089
  0.92693540470880742  0.93757403896394509  0.94813479336269779  0.95854021154801461
  0.96895279867773709  0.97935217657412332  0.98974508038405573  1.00000000000000000
   6.9488206980008044E-006  -1.0000000000000000     
 T T T T T T T T
