 -0.00177917779079867  0.00618546328079750  0.01340444900382548  0.02059669154219459
  0.02808205466498003  0.03589152561924137  0.04398181754078544  0.05235875525423453
  0.06095414442087653  0.06974091640096140  0.07871708001180659  0.08779247347811359
  0.09695969071573882  0.10614579503430806  0.11538734718687652  0.12472580590629129
  0.13415562752939958  0.14362304214056221  0.15318821358290685  0.16295202907973380
  0.17289800429465751  0.18284396052551688  0.19264693901092009  0.20244110143324712
  0.21228997382521014  0.22219421374918050  0.23207989337272972  0.24198125917450988
  0.25199826423751903  0.26203847960748355  0.27218931351441805  0.28244426381238075
  0.29284534159693137  0.30317720090980760  0.31346011799506796  0.32368285542943243
  0.33392034383105035  0.34410401277915620  0.35421922019379676  0.36437708192075785
  0.37462832380952721  0.38504290498124405  0.39541089826208831  0.40576403112456466
  0.41612755046130789  0.42649769679200211  0.43687794432771976  0.44720164332434076
  0.45750323688177191  0.46780101274327879  0.47817095078565242  0.48862189560589381
  0.49905530896585559  0.50946811072226494  0.51991450601544720  0.53038031850818312
  0.54089152364590865  0.55147930749379703  0.56219768135628978  0.57299566866485796
  0.58377602161768949  0.59451297794188052  0.60529015769845462  0.61608129556986380
  0.62684617218450367  0.63761731121363463  0.64840981528592512  0.65919501904411615
  0.66991098456275255  0.68064016252501192  0.69149460109200611  0.70239353515751790
  0.71323482124527460  0.72408372663460430  0.73501870725087437  0.74606264413017742
  0.75713489095569286  0.76820965258592022  0.77927232086122167  0.79030676293004520
  0.80144252516582071  0.81269713031180246  0.82406471122984792  0.83542945326269247
  0.84678927841619733  0.85812371479728100  0.86952075486490887  0.88115821849424369
  0.89313187159593543  0.90531207774561240  0.91771528017130355  0.93045266033795671
  0.94383348005304701  0.95847760001692917  0.97657629712348037  1.00000000000000000
 -0.00230126155563550  0.01126633310430345  0.02114129853829260  0.03179878902201376
  0.04230463930958650  0.05276526506900646  0.06309954891181646  0.07341865738785461
  0.08383453553398865  0.09441128383206972  0.10505285348647767  0.11538003206907395
  0.12573314583360268  0.13609668336142910  0.14654125014076136  0.15715071044696341
  0.16774288268006568  0.17837953482638133  0.18905186242835248  0.19970094481451067
  0.21050065341925686  0.22115345129086220  0.23183638041346064  0.24235606696148487
  0.25267386079349474  0.26300225444838965  0.27333973005151063  0.28391477546188770
  0.29450556929124699  0.30512058458703023  0.31568394417759132  0.32628821073694680
  0.33698060742281022  0.34772945928979160  0.35838263101670825  0.36902045771470066
  0.37961111705946110  0.39020676166093027  0.40063395176955235  0.41095111894639869
  0.42140483782157878  0.43201675314127230  0.44271908003111787  0.45335347450548424
  0.46391020941922451  0.47471469727685561  0.48555830429256075  0.49645623193306443
  0.50710234258869258  0.51757283302578516  0.52814844483457857  0.53863394712099799
  0.54911478957269055  0.55942272672928506  0.56970003982551443  0.58002693261221727
  0.59046854683143535  0.60094572888293107  0.61147000310903099  0.62189113177877986
  0.63207379816946985  0.64236720231473632  0.65283247555395274  0.66345778276502665
  0.67403241056759478  0.68450477564165224  0.69521958266016182  0.70581197271303375
  0.71636867775576418  0.72688414830011905  0.73748713431542046  0.74793977955169277
  0.75834490761747342  0.76861615209441569  0.77898422370058096  0.78943897272478336
  0.79995103312684201  0.81047953513980908  0.82104676178020319  0.83162931236907378
  0.84216218640622753  0.85274127748846540  0.86331026964096325  0.87411821103801812
  0.88465384284262438  0.89522893482995158  0.90575541553047301  0.91635473091730046
  0.92689121639259131  0.93759344548706125  0.94809778190923522  0.95873847620786057
  0.96914500814164750  0.97959815462678590  0.98985753383311326  1.00000000000000000
 -0.00232151090481553  0.01023497744858001  0.02067809717588690  0.03123195504076454
  0.04178564560073142  0.05228529117541934  0.06300772967540154  0.07343952625824632
  0.08384991523681459  0.09417815465989768  0.10441596538735358  0.11473366984336338
  0.12520943337108434  0.13591768580301991  0.14663136720010517  0.15722196010396763
  0.16779309022288078  0.17836192644751719  0.18884371345784509  0.19923534520698552
  0.20969108371684630  0.22050014428254155  0.23125699095743624  0.24211003923902574
  0.25273620967850863  0.26343666877067701  0.27391065767453160  0.28430117135679622
  0.29480993145095885  0.30541721118382198  0.31606908690535102  0.32671413715456021
  0.33720119526706105  0.34782494480183174  0.35827017134790079  0.36865308040188705
  0.37886773536159396  0.38918356866095127  0.39963946715297533  0.41012376083303836
  0.42038709295527926  0.43076934418767787  0.44122322450122281  0.45178119955133722
  0.46231431921800342  0.47272391056536917  0.48314381298837067  0.49366159389147979
  0.50429539642052146  0.51506883634436273  0.52573708784149431  0.53624855257570903
  0.54677759004800985  0.55718047288451966  0.56778647548894767  0.57835270802810568
  0.58897984198370368  0.59949786687039774  0.60997394078973644  0.62040538228984055
  0.63104815346716436  0.64166273723719902  0.65225490685532239  0.66250810871255672
  0.67286204749707468  0.68310956693201885  0.69362830518350405  0.70401735787303088
  0.71454119171194475  0.72496648455180235  0.73534949278145567  0.74581374136403467
  0.75635560127973933  0.76699871720411505  0.77752845870522302  0.78804265153169994
  0.79862759830937902  0.80933616834709055  0.81999186842894711  0.83049122803984043
  0.84085638566691823  0.85134359514489011  0.86186648731319204  0.87255020799902505
  0.88329837726324112  0.89397120184407342  0.90451993799984742  0.91495352004458408
  0.92558030179167838  0.93621401850352270  0.94682046112276730  0.95741142452513694
  0.96805702548067019  0.97865652832913941  0.98929802631875663  1.00000000000000000
 -0.00233664632248313  0.00946369895505450  0.01949315875546805  0.02983237549817717
  0.04012667734071771  0.05044137433521576  0.06093169806848225  0.07152522961585848
  0.08206413852379182  0.09251563387307797  0.10289328656349371  0.11349521625176981
  0.12410374579387214  0.13484495559623608  0.14535259887198315  0.15596774473002104
  0.16646911001722242  0.17696638365469777  0.18743930649659885  0.19787789704814493
  0.20839646935650996  0.21886625710713481  0.22936597994910013  0.23991486531560727
  0.25049184544663849  0.26114635934156649  0.27170177651531480  0.28206342895117331
  0.29258242079680707  0.30323062405742351  0.31388242169546804  0.32448622912648761
  0.33511336420592325  0.34570549449154642  0.35624941521991249  0.36663214605824113
  0.37716678592941000  0.38767776011267208  0.39824870592696027  0.40885305801310723
  0.41947978843515166  0.43012631183515576  0.44083697872415634  0.45143187528399442
  0.46198676523316567  0.47233090513857623  0.48270262632282457  0.49312836033899687
  0.50347210219252581  0.51389646384234355  0.52426965141586945  0.53463666404918708
  0.54502891263884623  0.55552545239688500  0.56606474448314070  0.57643238736791846
  0.58680847707720019  0.59739777290101848  0.60799249414996825  0.61851772093612922
  0.62899316979666531  0.63975780309185348  0.65041666852391555  0.66098413407092127
  0.67155057947903229  0.68238822802493959  0.69314316616195570  0.70384958923055396
  0.71445997505999292  0.72513772999010417  0.73571951207406228  0.74634793094626239
  0.75701658154183982  0.76775876514054420  0.77849765969143847  0.78917413060958796
  0.79978526600655664  0.81031767770741869  0.82082982519410586  0.83131413420544042
  0.84168246189804863  0.85227058350389440  0.86267295970854230  0.87341204906493597
  0.88386835059854307  0.89456428133669752  0.90505690408712314  0.91566933263604811
  0.92610284280410105  0.93650938879171897  0.94695275692133363  0.95737027081909287
  0.96797883955254549  0.97859820354008098  0.98935980617606567  1.00000000000000000
 -0.00251616472449769  0.00965967403319178  0.01967807530878602  0.03001078320324290
  0.04048006717871323  0.05101031278965508  0.06146895516301035  0.07210399214439095
  0.08271524614842227  0.09333344134659882  0.10367042956155623  0.11403063872842358
  0.12450367875167360  0.13506450056185604  0.14554763961314299  0.15607625114079332
  0.16653054620568472  0.17705454209526478  0.18757778785551316  0.19810207646331954
  0.20853355819412053  0.21904838427557069  0.22948498926788086  0.24000705974250655
  0.25036660561578761  0.26113058089407160  0.27201321353076435  0.28291202521439074
  0.29370885535337460  0.30443103449413261  0.31496887887976038  0.32535219123443782
  0.33587181643778574  0.34663181449967284  0.35735587258504720  0.36802089268835275
  0.37859788609669975  0.38912990677681775  0.39979663246720687  0.41057592465443871
  0.42137367806391807  0.43181407449708992  0.44211616948834220  0.45242672285587038
  0.46283209479547061  0.47340983788821678  0.48386157734919161  0.49435975093981210
  0.50476222153699624  0.51535446573914823  0.52591854669758342  0.53653975424060363
  0.54709734633965046  0.55753081966629980  0.56799266700638074  0.57861728550389147
  0.58934769531279774  0.59994449348660883  0.61056677905759427  0.62124846541049816
  0.63173710325517352  0.64211919040127297  0.65238151777840236  0.66263877542243854
  0.67290159077593903  0.68317413739817967  0.69360004690235444  0.70403370641671681
  0.71453612941979194  0.72508586441809442  0.73569039408310055  0.74636925313539149
  0.75687120912057593  0.76734079909209518  0.77780192293183203  0.78828205369171778
  0.79866573208199887  0.80907948918633299  0.81960900364430334  0.83011435911076858
  0.84059056506319163  0.85113609898657627  0.86179484823474861  0.87244708381215552
  0.88298609267671069  0.89352950255729668  0.90405689353907137  0.91467913154335045
  0.92552128457028482  0.93639830501873755  0.94724440715444158  0.95786853546050443
  0.96827214780324355  0.97869584995457326  0.98926437690878077  1.00000000000000000
   2.6945058960928645E-006  -1.0000000000000000     
 T T T T T T T T
