 -0.00177928535876126  0.00618608513548806  0.01340551425708057  0.02059808317841962
  0.02808368896845618  0.03589336014535208  0.04398381727008402  0.05236085604205769
  0.06095630368584963  0.06974313310279022  0.07871933317690735  0.08779476968556918
  0.09696201593721747  0.10614814667342512  0.11538972078043269  0.12472820427795328
  0.13415804089663677  0.14362547563920383  0.15319068029839686  0.16295451654733387
  0.17290050992301806  0.18284645474922123  0.19264942772426380  0.20244359691748653
  0.21229247338219162  0.22219671538913036  0.23208240317843012  0.24198378026143288
  0.25200079440349799  0.26204098785159841  0.27219182494652494  0.28244677752081848
  0.29284785667753144  0.30317970086277202  0.31346259362187923  0.32368531802924694
  0.33392279048056056  0.34410644528074097  0.35422164424323294  0.36437950572598410
  0.37463074828897597  0.38504530435101186  0.39541325108408731  0.40576635691777041
  0.41612984451384705  0.42649996927400585  0.43688019251413424  0.44720386748965352
  0.45750543538904809  0.46780318850015906  0.47817311801004198  0.48862404609568338
  0.49905744466630281  0.50947022845223822  0.51991660814027840  0.53038238781225566
  0.54089357048297315  0.55148132479711309  0.56219966970418367  0.57299761828128448
  0.58377794008715655  0.59451487933881320  0.60529204980014606  0.61608317054687589
  0.62684801737864482  0.63761912528108555  0.64841157651632653  0.65919672297795273
  0.66991264104127546  0.68064179464972696  0.69149620591730332  0.70239509697954428
  0.71323634137047620  0.72408519747839639  0.73502012351231805  0.74606401056415472
  0.75713621484835991  0.76821093392362350  0.77927354474536015  0.79030794136004257
  0.80144367209039125  0.81269825705038512  0.82406579819191794  0.83543048503666684
  0.84679025127068797  0.85812462037733017  0.86952159474380242  0.88115900570513339
  0.89313260293566810  0.90531274974014619  0.91771588189266262  0.93045318237894981
  0.94383390151282920  0.95847790798283261  0.97657648417168497  1.00000000000000000
 -0.00230125828375574  0.01126634534126770  0.02114131201085379  0.03179880971773558
  0.04230465934198400  0.05276527941242516  0.06309956518093811  0.07341866550933347
  0.08383453000579849  0.09441125605136659  0.10505281170413502  0.11538001045835684
  0.12573313910703782  0.13609668690398433  0.14654124806568111  0.15715069762956213
  0.16774289917496626  0.17837955265040173  0.18905188625985464  0.19970095153732537
  0.21050063409606276  0.22115342911478889  0.23183635969108859  0.24235605375487312
  0.25267385667128195  0.26300223931236300  0.27333975411774997  0.28391482916662902
  0.29450567103117209  0.30512067027626183  0.31568404102768605  0.32628832036159161
  0.33698072107420290  0.34772953849034188  0.35838269564719905  0.36902052309911476
  0.37961117546794654  0.39020679526332436  0.40063397650417337  0.41095114211434836
  0.42140487080750694  0.43201679550615579  0.44271913157647808  0.45335351075654196
  0.46391022290077655  0.47471469116788584  0.48555829286738134  0.49645620792383266
  0.50710231683937979  0.51757281683129319  0.52814842954367036  0.53863395072303077
  0.54911480616890596  0.55942275839636724  0.56970011003505472  0.58002705495889173
  0.59046872374876169  0.60094595197638445  0.61147027452549585  0.62189144401498386
  0.63207410750339021  0.64236751314368545  0.65283279207089995  0.66345810266400218
  0.67403269680108879  0.68450502891973064  0.69521980996431942  0.70581217149087838
  0.71636884198101758  0.72688428955665163  0.73748727035619155  0.74793991102080626
  0.75834502447389596  0.76861623843796556  0.77898430493468562  0.78943905257757208
  0.79995113647035732  0.81047965974020253  0.82104691035812494  0.83162946531486737
  0.84216233284486774  0.85274142488008964  0.86331041989137092  0.87411838111712481
  0.88465400704136887  0.89522908681555124  0.90575552352856292  0.91635480413667636
  0.92689127191462373  0.93759348601328041  0.94809781139749694  0.95873848889802271
  0.96914501804380015  0.97959817195217880  0.98985753986697744  1.00000000000000000
 -0.00232150936508049  0.01023497114351098  0.02067806572088213  0.03123189597478573
  0.04178554543173903  0.05228518416381329  0.06300762435755655  0.07343944254573588
  0.08384986384645983  0.09417811811069195  0.10441594569130973  0.11473362119032382
  0.12520937092669829  0.13591759375779283  0.14663124921584383  0.15722181896178813
  0.16779294111526721  0.17836178286326509  0.18884358413188335  0.19923520817254309
  0.20969094419822562  0.22049997938938587  0.23125680798143458  0.24210982788851765
  0.25273595605997856  0.26343639751139641  0.27391041513091929  0.28430095881345596
  0.29480974601609572  0.30541700421669565  0.31606885576214561  0.32671387326325996
  0.33720092248654931  0.34782468749981549  0.35826993106870086  0.36865284535476556
  0.37886750451029783  0.38918335518202291  0.39963927696468293  0.41012361603676478
  0.42038699372807709  0.43076927837005130  0.44122319076025590  0.45178117389707528
  0.46231429378244782  0.47272386195414984  0.48314374149745676  0.49366150241459628
  0.50429528667017409  0.51506871769134766  0.52573696061145081  0.53624841872667461
  0.54677744156591113  0.55718030426201870  0.56778627315574015  0.57835247246906152
  0.58897963490672822  0.59949768400770842  0.60997378937376234  0.62040519640230463
  0.63104796209683778  0.64166255598445543  0.65225475389295062  0.66250798988694826
  0.67286193903739822  0.68310946585496868  0.69362821159622257  0.70401728769923688
  0.71454113811740594  0.72496641059151790  0.73534938460175214  0.74581360793243856
  0.75635545549332894  0.76699858016872113  0.77752836874927400  0.78804260832729434
  0.79862756905557430  0.80933610457326199  0.81999177651564725  0.83049113856969659
  0.84085630871102257  0.85134351846341050  0.86186642356554555  0.87255015745558373
  0.88329833565077676  0.89397117349647437  0.90451993840110467  0.91495353949653957
  0.92558030418864057  0.93621399433436370  0.94682041091296265  0.95741138347312005
  0.96805701144191414  0.97865654763064880  0.98929805601378151  1.00000000000000000
 -0.00233664613131386  0.00946369890358452  0.01949314272762810  0.02983237436594593
  0.04012667399702557  0.05044137222572732  0.06093170090030780  0.07152524109356079
  0.08206415529787510  0.09251563431250398  0.10289326689579034  0.11349518483995366
  0.12410369195209249  0.13484488437477685  0.14535255083805423  0.15596772971397282
  0.16646912492095556  0.17696639990876276  0.18743930627024205  0.19787791499115376
  0.20839652229067854  0.21886635742998220  0.22936613369510803  0.23991505682710315
  0.25049206677446945  0.26114655130736802  0.27170194280070764  0.28206362706997190
  0.29258265980110287  0.30323090464774916  0.31388275102475360  0.32448660182235156
  0.33511378119835911  0.34570587563701560  0.35624978274528152  0.36663249720728430
  0.37716711229229827  0.38767807977110663  0.39824902071023982  0.40885337798427279
  0.41948013327962708  0.43012668023340173  0.44083736020641057  0.45143227056108925
  0.46198716564852782  0.47233131863750405  0.48270304920171198  0.49312878343833999
  0.50347252570641565  0.51389691910898061  0.52427012403635609  0.53463716963298691
  0.54502939704396114  0.55552594704820613  0.56606523256699026  0.57643285308738978
  0.58680891095769960  0.59739816278349955  0.60799286802304464  0.61851809695397497
  0.62899355204761487  0.63975817650187650  0.65041701757989168  0.66098446372932151
  0.67155088646926309  0.68238852706793729  0.69314344347461732  0.70384986394185023
  0.71446022774523343  0.72513796941172481  0.73571974062849799  0.74634816012656635
  0.75701682123321612  0.76775899707710415  0.77849787219691813  0.78917433164055983
  0.79978545831018022  0.81031790317709407  0.82083007323858093  0.83131440679729429
  0.84168270831483261  0.85227079636933745  0.86267316043810549  0.87341225036472070
  0.88386855912806084  0.89456445759969683  0.90505705322742758  0.91566946026404916
  0.92610295276525945  0.93650949860561561  0.94695284966395177  0.95737035692489203
  0.96797889698216766  0.97859824356384739  0.98935982387756705  1.00000000000000000
 -0.00251616448707601  0.00965963691172070  0.01967804562708581  0.03001076208340849
  0.04048004878112400  0.05101028820411461  0.06146893246687442  0.07210399448855978
  0.08271527383937056  0.09333345330441381  0.10367041146434680  0.11403056743489957
  0.12450356965992729  0.13506436533732663  0.14554750571510527  0.15607612480373367
  0.16653041713385913  0.17705443781145014  0.18757771243167204  0.19810202602499161
  0.20853348962682317  0.21904830280702728  0.22948491284566166  0.24000697607219709
  0.25036651961095246  0.26113046302750070  0.27201307877355696  0.28291188306377590
  0.29370869860453142  0.30443091541487599  0.31496877877068202  0.32535212306643435
  0.33587177419209757  0.34663181769094542  0.35735592436959301  0.36802095342552177
  0.37859798038880560  0.38913002301808558  0.39979675832496753  0.41057605418491522
  0.42137381982294669  0.43181429027653001  0.44211643944872503  0.45242703521977673
  0.46283240136204629  0.47341014052836866  0.48386189099664073  0.49436007194131210
  0.50476256077983406  0.51535481626280466  0.52591890832464416  0.53654011318707129
  0.54709770022124260  0.55753115529570219  0.56799299602630404  0.57861760316861910
  0.58934801912682266  0.59994481550352796  0.61056708716413644  0.62124876042814114
  0.63173734588469288  0.64211944800386211  0.65238179191507650  0.66263909807890919
  0.67290191637990227  0.68317446086549216  0.69360035968085232  0.70403399523741017
  0.71453639085181553  0.72508609720796735  0.73569059828642447  0.74636944205955880
  0.75687137497134938  0.76734095512293077  0.77780207136361224  0.78828222709732099
  0.79866592369903777  0.80907968428933708  0.81960918219267176  0.83011451674267600
  0.84059072333456775  0.85113627009933968  0.86179504432888354  0.87244727989343218
  0.88298626885735365  0.89352965978284782  0.90405702393978882  0.91467923980225463
  0.92552137061781292  0.93639837280782390  0.94724446283824859  0.95786858576115874
  0.96827222072272401  0.97869592202255007  0.98926441810527355  1.00000000000000000
   2.6944928937036889E-006  -1.0000000000000000     
 T T T T T T T T
