 -0.00165419135296074  0.00611688330321256  0.01332459447497212  0.02046989689256561
  0.02792702590485427  0.03569773757546421  0.04370651919110011  0.05190308478162620
  0.06031582522296215  0.06903140428830550  0.07798483426915412  0.08705479390438445
  0.09618201234898265  0.10533169752442818  0.11456346984490921  0.12384171720770105
  0.13323331627787860  0.14274833577309567  0.15240938492277584  0.16220561555982846
  0.17209636626336453  0.18208041246730430  0.19222000290688623  0.20232165205347535
  0.21234645807264899  0.22231005871830753  0.23239991482043543  0.24258458933251864
  0.25281296435798023  0.26307280558991786  0.27329780685535104  0.28339948049318475
  0.29343939015445414  0.30354836149662601  0.31374846703894277  0.32403175541115631
  0.33436148568282265  0.34483020496546746  0.35528707112892793  0.36571406604971224
  0.37607660545272176  0.38648923933304946  0.39681256635442003  0.40705025960048125
  0.41726760150169823  0.42755656071048542  0.43781938857333869  0.44814409857769050
  0.45845650568571139  0.46885918993717185  0.47928532412484504  0.48974246883447864
  0.50026837927048196  0.51079632607816738  0.52125073393424415  0.53165521334828592
  0.54214979483193348  0.55280592468078638  0.56359338653268232  0.57433431403180246
  0.58497008183602051  0.59546026814110165  0.60584240790512012  0.61626925271850974
  0.62676149091118094  0.63735755802512861  0.64799917635625226  0.65870289123179548
  0.66945086472187176  0.68029194465588139  0.69121043600450760  0.70218115515304114
  0.71323162424356634  0.72411804619759168  0.73502615822325634  0.74592984015757280
  0.75700702075127768  0.76799068669139847  0.77893315045141331  0.78988000246912338
  0.80087894637987889  0.81199417779332650  0.82332011475494482  0.83478086210435365
  0.84619651554563913  0.85763750949421613  0.86923993863407167  0.88099304217351315
  0.89292455932887305  0.90515408760100691  0.91777186558674895  0.93080396231837947
  0.94437678732761410  0.95909189526873928  0.97711501571746495  1.00000000000000000
 -0.00250000497429774  0.00950055449004004  0.01979799848479893  0.03061961185631759
  0.04143021231441395  0.05235699638825857  0.06324268903332031  0.07397562236740793
  0.08467498949240848  0.09536410967912057  0.10594841062461195  0.11627908070271072
  0.12646402216457692  0.13661929942943365  0.14695155093577400  0.15745071009106296
  0.16810433066901306  0.17872277551830515  0.18924670458838533  0.19971596633389702
  0.21032851553618967  0.22096328953795255  0.23156728902878834  0.24204076125328583
  0.25248780174697694  0.26302303838858626  0.27357159134672970  0.28424001984148917
  0.29484737989179649  0.30541829196160492  0.31577695740507994  0.32622417398482634
  0.33678308962687875  0.34735168455977872  0.35794979543752364  0.36857753455997089
  0.37923078974575641  0.38983462608955399  0.40052005528286388  0.41117903467416139
  0.42165181770681975  0.43194788840406534  0.44231653126356518  0.45266410253131872
  0.46301907621478677  0.47342275336467932  0.48398582276626806  0.49450217629872389
  0.50499700316000407  0.51543832525633015  0.52580184828989263  0.53618112898290826
  0.54668158255903399  0.55737515371026436  0.56822864326826239  0.57894120734255394
  0.58941081783445237  0.59970114848761691  0.61005755759906877  0.62056568346887742
  0.63102552245931121  0.64136019703374336  0.65169556571854181  0.66210907470740266
  0.67266527436830792  0.68325802339711750  0.69387208948839674  0.70451763470294804
  0.71518820772561575  0.72598423445236104  0.73661402037563795  0.74727572952424826
  0.75774585282188278  0.76823710983430282  0.77870979849818678  0.78924913787592821
  0.79973756211657920  0.81021057388583906  0.82065863368894398  0.83119228283244662
  0.84175675328305877  0.85242050735052532  0.86301245754738409  0.87350514070138108
  0.88389159150051855  0.89426227601789743  0.90477593231633635  0.91516128613234948
  0.92570614085684422  0.93619635778311605  0.94692018630353969  0.95767870596556137
  0.96810501406880645  0.97877782184973638  0.98931727631736188  1.00000000000000000
 -0.00239042106926271  0.00961634307249675  0.01973278057345780  0.03021772757145539
  0.04063078649287189  0.05104504253455830  0.06154489484641782  0.07209777347243297
  0.08245364319157023  0.09293782130636218  0.10336664613271275  0.11422471740104637
  0.12491214266251340  0.13579458277143067  0.14658805644842904  0.15745485807398166
  0.16823659721412168  0.17892807182880507  0.18955579393715452  0.20017579720711409
  0.21073770769283265  0.22116062002348297  0.23149771992452714  0.24177684037276001
  0.25213573452601068  0.26276052063624439  0.27337162161993789  0.28401226200536650
  0.29450889560354970  0.30511484706703118  0.31561303224648735  0.32587153041951555
  0.33602914457804828  0.34619134145111097  0.35648069945974387  0.36689858883354109
  0.37734445031029795  0.38786518726008090  0.39837681645136597  0.40881943882807475
  0.41912371483732302  0.42952051879265785  0.43999490141335079  0.45052057860832878
  0.46101656922498618  0.47152277776792401  0.48206295674672717  0.49265856181365908
  0.50328824019080198  0.51402725047101050  0.52469227188990397  0.53528010483031629
  0.54577510953929098  0.55630029403117875  0.56683384220474609  0.57742376825217556
  0.58793972339251643  0.59848720738152006  0.60898469882367001  0.61948435608231711
  0.62989996786080782  0.64032688616084510  0.65079066937721008  0.66135446509488482
  0.67194414329561136  0.68238911504733135  0.69274385333010891  0.70311538858898459
  0.71372065558645392  0.72435256844220708  0.73502507756348767  0.74557412234058595
  0.75622858554817263  0.76675559070357702  0.77731535438940724  0.78784902369507526
  0.79838229006986683  0.80888694106663606  0.81957984893245539  0.83014308170137474
  0.84076735666828017  0.85122364199685918  0.86194195818507380  0.87266697089999079
  0.88333301915612128  0.89402571921765972  0.90452379653090920  0.91522714640386116
  0.92587017359658397  0.93646159435304888  0.94698120104362749  0.95729820266587917
  0.96787027532190739  0.97848495964063564  0.98925127647740296  1.00000000000000000
 -0.00218207374452806  0.01004033996327374  0.02054061246242756  0.03109554683512241
  0.04178370246740130  0.05249174262048210  0.06334810225129653  0.07414673977072361
  0.08504906514788434  0.09571063635371187  0.10638882682393042  0.11684111855276208
  0.12747049530336516  0.13802701874225973  0.14857120491190154  0.15898159336395717
  0.16938141962631276  0.17974928278374180  0.19021309149844826  0.20063608900980495
  0.21106263674774625  0.22150437849137083  0.23198290488192941  0.24244236958091339
  0.25288560999675253  0.26334489523532839  0.27389125677791126  0.28444051446592133
  0.29503100314021952  0.30564227331530563  0.31644100283116999  0.32729724237787317
  0.33810323655622138  0.34878195332157441  0.35944649017721902  0.37004522096700115
  0.38066041265097911  0.39135052037740820  0.40212471403692207  0.41293240630500733
  0.42369094525596135  0.43451191060325700  0.44514573689116665  0.45590499544185820
  0.46651910206177788  0.47714034616843043  0.48742436004420042  0.49762824835260983
  0.50796892478782896  0.51847548789069342  0.52907639163195352  0.53962142113234191
  0.55028285559643175  0.56093471716492316  0.57148706007562700  0.58208395119021716
  0.59263529091596390  0.60327279232966058  0.61361102663063394  0.62399410423983703
  0.63432339109390667  0.64454300312029167  0.65486196547539843  0.66525120008715244
  0.67596704347436265  0.68672034368096202  0.69740761484637903  0.70812011110021511
  0.71877986575021169  0.72943370765013027  0.73989997074277181  0.75044358418867319
  0.76094534116907198  0.77135274725754022  0.78174287315573476  0.79207986812412234
  0.80252811540944069  0.81299507130659254  0.82359355761232744  0.83410448141488280
  0.84450277799362050  0.85480551237955626  0.86510735461564803  0.87542320126222883
  0.88588923637932027  0.89636707561318452  0.90687254408724693  0.91737875225046273
  0.92790421708144744  0.93839951775744834  0.94867495737396035  0.95895858832831871
  0.96915756239784923  0.97939221806138732  0.98964048627243828  1.00000000000000000
 -0.00255669685205147  0.00960026740201493  0.01982622996958416  0.03026576614164466
  0.04067246675430487  0.05124349276748784  0.06175921944330608  0.07234033066028563
  0.08276268604285336  0.09351202323908321  0.10426807284040394  0.11507092612276258
  0.12579817219878678  0.13636298570195365  0.14681074344580483  0.15721786733881793
  0.16763613487344906  0.17814626136853456  0.18857079391295428  0.19910717826083199
  0.20961696565212162  0.22002386055766276  0.23052677312140527  0.24112595839218365
  0.25187905301680363  0.26249807425333449  0.27301851660059234  0.28354317129533257
  0.29409750580637128  0.30472441999176736  0.31535729724889960  0.32599580786863147
  0.33657239381128384  0.34711530310643446  0.35749315729126513  0.36775127809996738
  0.37802155260323611  0.38831036765031568  0.39864161947105059  0.40883916729499159
  0.41924642830622244  0.42972185574170074  0.44033316391495514  0.45081161543726117
  0.46132915049767181  0.47190200262409260  0.48260179397876179  0.49337596376241150
  0.50400486113925203  0.51451858086092694  0.52496305250621933  0.53542254401471956
  0.54582676911926864  0.55621577114604770  0.56669394768515147  0.57723711568921454
  0.58777914622999006  0.59827573240786314  0.60880163823897793  0.61918153405139353
  0.62956810991197820  0.63998950574592373  0.65046889103884842  0.66103613390997717
  0.67162710234210077  0.68232747842279984  0.69293149830447953  0.70345092278420007
  0.71409763311804331  0.72465546861402175  0.73522045059885122  0.74577454357699657
  0.75645966334119163  0.76714919105627633  0.77776090902703132  0.78839832789057307
  0.79900473137284511  0.80960660640342164  0.82013741176139432  0.83070453841280489
  0.84112967958177620  0.85159825094224861  0.86216668991514900  0.87271142608209129
  0.88321715981394655  0.89360605610536414  0.90427821707349954  0.91492113244764084
  0.92551542001926790  0.93596442094939225  0.94660496480039169  0.95730258596311535
  0.96800401226343025  0.97864741345857353  0.98932451580099789  1.00000000000000000
   5.4384656429655566E-012  -1.0000000000000000     
 T T F F F F T T
