 -0.00151125547713039  0.00684092998563390  0.01404864700577132  0.02141018003646869
  0.02911800929522659  0.03715284262880213  0.04553182367422347  0.05422648785012794
  0.06318019303569883  0.07233342467952715  0.08163732014133034  0.09109485978534823
  0.10065667282449139  0.11030514952308600  0.12003212894507610  0.12980310906559100
  0.13967043430698597  0.14953966183978629  0.15941830859954645  0.16936268841096117
  0.17951606439543694  0.18981389236899782  0.20003501060001722  0.21015247777633925
  0.22017261707619273  0.23019189383390931  0.24025045933614406  0.25032799494330882
  0.26048054387793390  0.27070108913512431  0.28095948696370759  0.29123294378574660
  0.30142057154988694  0.31159224915221628  0.32183294228814235  0.33215588243200728
  0.34256871110873383  0.35291326455187827  0.36326001159052862  0.37363139567004844
  0.38406712162592682  0.39449408989612766  0.40486668060858322  0.41528390484057615
  0.42575299915868436  0.43630504661784403  0.44687068356313869  0.45745163793151028
  0.46786993259570042  0.47822099313735339  0.48851880748385940  0.49893042782754299
  0.50943006161360327  0.52001814242695943  0.53067086647100781  0.54125046924548226
  0.55179365654085111  0.56232808885394026  0.57301993277623475  0.58372213062495426
  0.59445516412439170  0.60502240601027635  0.61559683554923261  0.62612899190104265
  0.63661917657140865  0.64723174770668190  0.65775044936791283  0.66831603751277857
  0.67883124054641053  0.68944984325027669  0.70019927724475128  0.71085331323243062
  0.72160858690307916  0.73241648859221353  0.74335757549986248  0.75427445639667334
  0.76507439843785252  0.77591404781477058  0.78688986310531550  0.79793697621877568
  0.80887026537958195  0.81970389208456640  0.83058308870706299  0.84154395211668609
  0.85260634241847011  0.86378332546434711  0.87512055660016541  0.88661551605387157
  0.89819385137013996  0.90985610673766182  0.92168635063858284  0.93392420301896395
  0.94679911654290361  0.96087965290007604  0.97811857654555678  1.00000000000000000
 -0.00256516399975719  0.00960710722093500  0.01974202004922067  0.03036074331236393
  0.04099108757636947  0.05163388886260920  0.06218923660114738  0.07278397342842260
  0.08330722880773897  0.09398104894494289  0.10463352395179439  0.11542107520534395
  0.12604633699541776  0.13674425981648697  0.14747416288332973  0.15817703974795566
  0.16884898984935034  0.17939604079070473  0.19007023089766326  0.20072108176976294
  0.21146183011717357  0.22216814851945629  0.23271453897352448  0.24312155317204737
  0.25362272170696248  0.26426071326071576  0.27489047095265767  0.28527257020268854
  0.29573958628591629  0.30626873893469014  0.31690543464974935  0.32740067238393877
  0.33783645635828291  0.34825696487144442  0.35864124583078494  0.36899020875978117
  0.37939001842787190  0.38987170193361304  0.40027290847059288  0.41061070200276278
  0.42084068268967478  0.43126826002756768  0.44166960114037485  0.45228503790111596
  0.46291805921911450  0.47364145574968886  0.48432297501327393  0.49506335988817429
  0.50568456282422181  0.51628311345702838  0.52671593373340742  0.53699789011579868
  0.54721795090813785  0.55754180264866715  0.56818675558919973  0.57886109859058843
  0.58941895774271968  0.59986078123549935  0.61046970502776565  0.62116915279450902
  0.63197475315869012  0.64270652059979205  0.65342965630325966  0.66396793990929981
  0.67442365125961712  0.68478665811888484  0.69520638137637203  0.70584733308468250
  0.71652701527054641  0.72719939625045960  0.73757486471634548  0.74797132605973560
  0.75843537604517330  0.76906220444971507  0.77989796526127719  0.79052067672471815
  0.80120405340433787  0.81169315425262456  0.82228379840948518  0.83260736874597230
  0.84292612475019191  0.85319457806094290  0.86360835986566575  0.87403992575963119
  0.88457108552282082  0.89503620153421681  0.90562390118217362  0.91633438740936024
  0.92705804992946372  0.93771559268814397  0.94813579995804342  0.95850793394848377
  0.96867426413724567  0.97903583808308470  0.98945435059054709  1.00000000000000000
 -0.00224510844683809  0.01015649906906464  0.02066407407895805  0.03129284209984846
  0.04196908454608132  0.05256788795692928  0.06314575099422354  0.07361718401130064
  0.08410261314272006  0.09455731146754720  0.10500616068735666  0.11532177843339599
  0.12566427374265168  0.13592882467040668  0.14633929085362091  0.15673924799234132
  0.16730255232607949  0.17776801778360068  0.18828522700315634  0.19881906630494128
  0.20942465756947087  0.22008411303412079  0.23070213613071502  0.24129743727433711
  0.25187731563186211  0.26249188306902244  0.27309144774595523  0.28363217755180542
  0.29408231415834923  0.30450987834055004  0.31500631475694785  0.32544809340410685
  0.33603309625480443  0.34660700297695707  0.35716479050124034  0.36773914576320571
  0.37829216157868273  0.38893210382703686  0.39941863239026837  0.40997586427720339
  0.42060425883763852  0.43117729921482184  0.44174577945372817  0.45226253272534456
  0.46288229200093861  0.47329152777820388  0.48357195715401796  0.49381485018099136
  0.50424494221985638  0.51488760055263172  0.52551835235710809  0.53617235960933651
  0.54667198244322146  0.55708405804099448  0.56745566692921590  0.57794018778511080
  0.58855737328841007  0.59918276534335480  0.60979918249517118  0.62050095177915787
  0.63103813399113784  0.64154374099338018  0.65196628491797437  0.66255207645238068
  0.67313710647782510  0.68375151297565018  0.69444618741402808  0.70515476467106075
  0.71581500792666319  0.72645475768079715  0.73697690470754995  0.74767091037512590
  0.75824347519962387  0.76891468573196053  0.77949455644312049  0.79002549688648627
  0.80041823877739893  0.81075842937249099  0.82128680934505005  0.83193562169009239
  0.84242123357859977  0.85279968205702550  0.86333984547212383  0.87401358068244617
  0.88455798313375800  0.89503748705662955  0.90546730240258055  0.91602129945200339
  0.92652646778138636  0.93709443011703686  0.94766657954336742  0.95819068400932239
  0.96876724837097528  0.97921375035019897  0.98963306820483343  1.00000000000000000
 -0.00197787224145943  0.01017037731927182  0.02059444130987156  0.03109215010659662
  0.04173960939525656  0.05234450259491694  0.06303781931325768  0.07371685781124844
  0.08419741080730761  0.09459577843344283  0.10506147727126844  0.11551642087823914
  0.12588155723692929  0.13626967913921739  0.14669091793609806  0.15730306465146590
  0.16790592442141355  0.17854776013425089  0.18913272088074742  0.19962001937778961
  0.21020165081896855  0.22075938130650791  0.23126112461364137  0.24163150864746685
  0.25206039512707473  0.26258233795225477  0.27327772222836594  0.28378341147334391
  0.29415064995097745  0.30442475309688349  0.31463150757270686  0.32494800226484893
  0.33518861174772113  0.34577943776030073  0.35621512065507233  0.36654698271094294
  0.37688518001529037  0.38745439914811758  0.39819538539822291  0.40882634248903948
  0.41929353654709306  0.42971391123704605  0.44022851045301981  0.45075763623074544
  0.46123466094182008  0.47153705010758407  0.48196665965541191  0.49261301702769972
  0.50329196164398415  0.51391603542634168  0.52446319437969668  0.53506231757833644
  0.54565880486431784  0.55628735428578235  0.56689462093648890  0.57760357661593265
  0.58818357373385055  0.59869855480113476  0.60909438054671616  0.61957472221953325
  0.63015503558373098  0.64075006989507666  0.65133149036878146  0.66196295808348193
  0.67252582176001563  0.68312117729843258  0.69377179315209447  0.70447247850916472
  0.71519885371417791  0.72573334461621442  0.73628742620925192  0.74675392427454190
  0.75741841936511989  0.76818555921617249  0.77896467738279651  0.78958771069238964
  0.80009806180955745  0.81076762511475109  0.82147058438364584  0.83219703551783208
  0.84270481921781937  0.85312471285311642  0.86367470068971464  0.87411829683769460
  0.88457997328646387  0.89490294482759014  0.90519097335008269  0.91552751027974144
  0.92590462403417240  0.93643699220048959  0.94695161007899253  0.95756837483433865
  0.96827599930483321  0.97905737180294838  0.98961315116626536  1.00000000000000000
 -0.00252048015502653  0.00955061836838595  0.01983827989639402  0.03044536356292924
  0.04104132045711085  0.05159853470434082  0.06213878119440767  0.07240913388206266
  0.08269241341906707  0.09304677397453891  0.10352196802055448  0.11400271800118315
  0.12454040607220054  0.13518149843520771  0.14570141277133800  0.15619877812650793
  0.16670021830891080  0.17733305590528461  0.18783622475767175  0.19837668225111812
  0.20888456180823570  0.21948919193517102  0.22996478290016215  0.24068382828506207
  0.25144961086425827  0.26225725820303902  0.27294483855525226  0.28376652520561285
  0.29451772653568398  0.30511621382456938  0.31554202805640752  0.32599992116427468
  0.33640985883755492  0.34685184802733177  0.35732002354915049  0.36790421535880219
  0.37843502184943845  0.38888550290341212  0.39933973788853866  0.40970126680301377
  0.42019519832272922  0.43065852337370625  0.44112466381424120  0.45159243235195073
  0.46212438655581567  0.47281081576099049  0.48356386473080665  0.49430250348209165
  0.50488311421767185  0.51529878233022075  0.52566800347693665  0.53616926782874086
  0.54663367228353077  0.55720132754996610  0.56775929625033295  0.57831131695241256
  0.58882814658465199  0.59933237039295684  0.60986169730620576  0.62040179245679727
  0.63092897824527749  0.64144368660768958  0.65185304820792977  0.66220100698136375
  0.67260695886246957  0.68297444255067907  0.69336840063529570  0.70375126403819288
  0.71422453916508499  0.72478416875061291  0.73545036152081456  0.74615196495209801
  0.75671875771504871  0.76732285834666158  0.77788456540977180  0.78845550801890663
  0.79888016160204800  0.80929276682036244  0.81966483843715310  0.83006077558710367
  0.84059030487199327  0.85110608632523554  0.86154279038380277  0.87191750547085645
  0.88254962770096046  0.89321801638707155  0.90382482651361840  0.91434055135865921
  0.92501946931556034  0.93580351639387360  0.94646967821588879  0.95717612941463881
  0.96773172736481605  0.97840715684749702  0.98910777455957199  1.00000000000000000
   1.3939248913983980E-006  -1.0000000000000000     
 T T T T T T T T
