  0.00000000006161933  0.00000000008878886  0.00000000011749324  0.00000000015160755
  0.00000000019327233  0.00000000024500655  0.00000000030976299  0.00000000038994955
  0.00000000049019492  0.00000000061518184  0.00000000077094114  0.00000000096800763
  0.00000000122006796  0.00000000153549362  0.00000000193424721  0.00000000243002692
  0.00000000304978062  0.00000000382657318  0.00000000479730275  0.00000000603690403
  0.00000000760045737  0.00000000956352223  0.00000001201882192  0.00000001511235722
  0.00000001899713170  0.00000002385174447  0.00000002994317748  0.00000003769722508
  0.00000004741948093  0.00000005951749766  0.00000007456754836  0.00000009331912044
  0.00000011694075054  0.00000014638402388  0.00000018370164288  0.00000023157138088
  0.00000029198156926  0.00000036817110317  0.00000046411580910  0.00000058559453072
  0.00000073849718138  0.00000092859194085  0.00000116488070119  0.00000146302946715
  0.00000184174902442  0.00000231806184813  0.00000291023322957  0.00000364467955891
  0.00000456048237678  0.00000570999887699  0.00000714923823140  0.00000896996930938
  0.00001126212945973  0.00001413133239150  0.00001772825762668  0.00002226351410881
  0.00002797976966369  0.00003512333694340  0.00004406860504612  0.00005537950383208
  0.00006968405935146  0.00008765950828850  0.00011014839970458  0.00013836049923843
  0.00017393889883149  0.00021871294225230  0.00027497784887715  0.00034578099087101
  0.00043474749004985  0.00054645792896231  0.00068679552567572  0.00086284749915572
  0.00108402220089750  0.00136301728662444  0.00171628189495195  0.00216420674061999
  0.00273168275037765  0.00344939485080350  0.00435654489347651  0.00549866860951803
  0.00693617879203882  0.00875237149791964  0.01105876040672523  0.01400007108841824
  0.01774292964369890  0.02252551668991054  0.02868395330919656  0.03670266623809864
  0.04725489188906432  0.06133770217046666  0.08056189747383162  0.10767099388526596
  0.14822371889041797  0.21587804973289415  0.37196470772107909  1.00000000000000000
 -0.00237793023194468  0.00937609681603564  0.01952701964371622  0.03012683434827146
  0.04081833151875260  0.05143509992916296  0.06203426992289462  0.07254949091448838
  0.08315097402354332  0.09369267584095063  0.10420450528299005  0.11473890899525206
  0.12527713617791644  0.13580943531822989  0.14629318489156307  0.15681950268333650
  0.16732892718116404  0.17782084132205878  0.18823001190311045  0.19868777347637448
  0.20913754141287649  0.21974918598641316  0.23035871284998399  0.24096382212267234
  0.25146417757746470  0.26196896542843889  0.27252811115867365  0.28314472062267637
  0.29375403528663135  0.30423371855912396  0.31472432675647244  0.32523451443221413
  0.33585604521756568  0.34648696345492974  0.35709840001528187  0.36768897681451745
  0.37822274556379459  0.38886721963668203  0.39952579178609965  0.41017980362193135
  0.42075030000049063  0.43131781604521530  0.44182993836345674  0.45234906298389660
  0.46279390985909918  0.47327645000039292  0.48373782496793116  0.49425826783132998
  0.50472007640787364  0.51517028029740508  0.52558043615136707  0.53607953194356239
  0.54655728974534967  0.55712697214887508  0.56760669440167033  0.57812386024847773
  0.58863367475142403  0.59922455798586904  0.60980747549401471  0.62036041340695136
  0.63093440087422559  0.64147341830985682  0.65207410467145432  0.66267048013794239
  0.67322568876152566  0.68382455068853165  0.69438791684085621  0.70497675614911337
  0.71547048030509408  0.72598501965477125  0.73654761632114985  0.74707268516689773
  0.75751607974290303  0.76802161050986106  0.77861320200677864  0.78917075561623085
  0.79965709797595841  0.81000507640817254  0.82054391429517692  0.83107717086715704
  0.84164431791305017  0.85222229807914540  0.86281838681510903  0.87329180014112351
  0.88371619773375676  0.89401715468502785  0.90459251898868798  0.91515000376353040
  0.92572286405420223  0.93622268953652599  0.94674540197039092  0.95739429012951505
  0.96799725325361929  0.97866773445635458  0.98932827872017592  1.00000000000000000
 -0.00239197489216289  0.00937012833133677  0.01937139114238303  0.02993640157062413
  0.04051721469897783  0.05108568272721273  0.06163441850926749  0.07221489013265837
  0.08280157804052993  0.09333720803513300  0.10384375732305622  0.11434705056409919
  0.12488542170949764  0.13537781852716280  0.14598003517018418  0.15652290968754981
  0.16710188216652239  0.17769262297990662  0.18830160410671759  0.19897397368434391
  0.20968355505423419  0.22031465069124437  0.23087219058195760  0.24133661818020660
  0.25185794303143388  0.26236036768203364  0.27290102385142295  0.28338836581036930
  0.29392457743523798  0.30437314935561149  0.31482503703686909  0.32527940375960945
  0.33575080140866359  0.34623877795601088  0.35668699754211225  0.36714506387169199
  0.37761501757076404  0.38810985097992978  0.39859473000752105  0.40912533155295133
  0.41966570938603964  0.43026280012553586  0.44082881487774106  0.45143754648150280
  0.46201510460750128  0.47257339133848608  0.48303967235858253  0.49358779323801516
  0.50426678907548717  0.51490184730035260  0.52543644306452919  0.53590437763305443
  0.54641727097384996  0.55698109597893974  0.56762502310792040  0.57843301669667191
  0.58922327147633424  0.59996656891931854  0.61055902632760339  0.62112683105952660
  0.63167274695560816  0.64227565137986264  0.65286808597067858  0.66346825836786905
  0.67408487538413187  0.68469181072597030  0.69527234109111180  0.70580308006100667
  0.71633431770882050  0.72688003891510755  0.73739344750834557  0.74801498297646885
  0.75856655439718179  0.76913540988536344  0.77956689214305541  0.78998945547858002
  0.80036174210485378  0.81067275991531806  0.82105570743329126  0.83152294531448800
  0.84207101743932244  0.85256261574419268  0.86302599365154054  0.87351281215588172
  0.88411382422122919  0.89471361204817745  0.90533259227780882  0.91590998243199340
  0.92640227088749194  0.93695789066265911  0.94746070482879319  0.95799026962378220
  0.96848989959459575  0.97893886107611294  0.98950482248576399  1.00000000000000000
 -0.00244556980857984  0.00970161083859345  0.01997591086178364  0.03059266910121312
  0.04117653339775230  0.05174271684143732  0.06232199318942901  0.07280493384549548
  0.08327738383678429  0.09401058625348788  0.10466392052885393  0.11538149179895493
  0.12593544327012146  0.13655952110187100  0.14726594636848050  0.15777147490597773
  0.16824559805303893  0.17857478428093679  0.18891274714967518  0.19923619140835963
  0.20960599520211554  0.22001142122355830  0.23040865738569194  0.24076359468175959
  0.25117679123876380  0.26174593947732189  0.27233949378782779  0.28301237582861710
  0.29360958268887477  0.30418678215960959  0.31472909405493132  0.32532375728049306
  0.33586115669977101  0.34632072767888650  0.35678324257290639  0.36726938762478090
  0.37781107948529019  0.38835078565541792  0.39897258016396042  0.40957901330400492
  0.42018006998060231  0.43074723069786014  0.44136166251975506  0.45192795350934628
  0.46246235683565717  0.47293729337575446  0.48340195930509294  0.49386930756905834
  0.50436250643335367  0.51495248280703332  0.52561274846852224  0.53627196790744514
  0.54685872437112970  0.55732566271732187  0.56781286154520605  0.57843915650803557
  0.58913359029310031  0.59972008547389921  0.61024632465337447  0.62069799220090704
  0.63126900945414810  0.64179128099220284  0.65231354921359230  0.66283942539002039
  0.67321264729933294  0.68367075229675955  0.69407169192573792  0.70458379205342958
  0.71501596709658000  0.72550578070784078  0.73596902914350593  0.74647033884321423
  0.75698645009477472  0.76747042378200969  0.77804618421840954  0.78844832176869029
  0.79899250853889037  0.80946485629396647  0.81994191604257238  0.83038194597141601
  0.84089453361749389  0.85145828947242963  0.86201187652078382  0.87254851245797571
  0.88316137572031017  0.89375129713543022  0.90441364056829465  0.91508592641300213
  0.92585396724850522  0.93659364267871914  0.94724174150202411  0.95787593057709375
  0.96832735484178944  0.97890477350797278  0.98941791644236510  1.00000000000000000
 -0.00244545470870605  0.00960206819283472  0.01978668333330891  0.03030552229781972
  0.04077511650277887  0.05132135816286148  0.06188454112713497  0.07252554298844413
  0.08311578236484887  0.09366988680908496  0.10426316777728978  0.11490306408009127
  0.12557824380587584  0.13611973697547830  0.14663486161657174  0.15716188256673325
  0.16763024630700477  0.17812939809758641  0.18866711210631371  0.19923287617341420
  0.20976065574219280  0.22023368123821024  0.23067635500464076  0.24117493211839733
  0.25165281715184434  0.26218257579918691  0.27267999638387314  0.28312235729407753
  0.29359103524085700  0.30407498452948628  0.31466682097747695  0.32524364448047965
  0.33580008048692467  0.34638436529796390  0.35693384435023007  0.36747770767655075
  0.37797985943630785  0.38846555201757632  0.39909892930056334  0.40971324842192619
  0.42030665702627074  0.43072173242181588  0.44121972536231241  0.45188348379072885
  0.46257691800612916  0.47327713121351372  0.48385790673723478  0.49439921813672194
  0.50483601174972936  0.51532651337897850  0.52584968519431463  0.53643888943499229
  0.54694243981585922  0.55752357729384827  0.56807136361535748  0.57863388747863331
  0.58915592270253037  0.59961086655689533  0.61010820010217426  0.62055436971423794
  0.63110778160748560  0.64161422143179936  0.65225327528537635  0.66287351228876124
  0.67361630085538748  0.68430162662209770  0.69500279036656665  0.70558876957793148
  0.71619209739096912  0.72676916119557022  0.73728621425680374  0.74777638069208996
  0.75823076204357187  0.76872623389097428  0.77935062875195305  0.78999239608206484
  0.80063155706368905  0.81105881347825337  0.82149921590415542  0.83194723733890830
  0.84251622411953042  0.85307286955107342  0.86367997658337547  0.87418100707615520
  0.88463302185864456  0.89509126696315700  0.90557885975177255  0.91608242628696490
  0.92654315963019318  0.93705540331251758  0.94755159411367307  0.95806269227211249
  0.96849693543555726  0.97904141832444858  0.98951206436587646  1.00000000000000000
   1.0856139817330760E-005  -1.0000000000000000     
 T T F T T F T T
