 -0.00157817273678206  0.00588784079350474  0.01278204352738284  0.01948012614224784
  0.02651695986120773  0.03391935002841066  0.04166969068870412  0.04973119369945085
  0.05802885883019872  0.06655492113049488  0.07524668210627793  0.08407462778469250
  0.09307515688693764  0.10224097779425120  0.11153075079909325  0.12087339805933735
  0.13026117567037165  0.13971965433526501  0.14926139980414802  0.15887077711192282
  0.16853843185392661  0.17825934428261120  0.18803603996565163  0.19787105264324620
  0.20773192645967353  0.21759980238933888  0.22745304068465960  0.23733047457709758
  0.24728735073184796  0.25731739229698902  0.26737095754283152  0.27742644806040262
  0.28751499969187316  0.29762716886940771  0.30777805425892379  0.31792808062627126
  0.32807331177931770  0.33825221454193566  0.34851406206292873  0.35887839319996540
  0.36927203107425804  0.37965168273870098  0.39000571855023464  0.40034774148322178
  0.41069619309091709  0.42102849419310223  0.43133649094120924  0.44166268159408556
  0.45208061289304208  0.46257185952880114  0.47306118221653265  0.48353122803099158
  0.49402606652163672  0.50461876165074970  0.51529047448920839  0.52598482720489259
  0.53666635740579693  0.54732379348802618  0.55799290506369170  0.56864480169173892
  0.57926912545288844  0.58988840854031166  0.60054129544046309  0.61125237002689436
  0.62201071789133833  0.63277704702385973  0.64354780776543552  0.65433176152371197
  0.66511120337518170  0.67590067896983452  0.68673772181101589  0.69765675732820698
  0.70862881635122177  0.71960060601619213  0.73059485734060392  0.74162737796878297
  0.75270810774872665  0.76384001864874040  0.77505935236113277  0.78633885134698511
  0.79765546820106836  0.80898737657946984  0.82038984789103220  0.83188588025866317
  0.84348745875891196  0.85519191058493571  0.86697134876462001  0.87887341683540776
  0.89092844880287514  0.90324481225494846  0.91589365108462018  0.92890670776037232
  0.94247686226138683  0.95710285830534436  0.97558278591852488  1.00000000000000000
 -0.00217409221672974  0.00923420891144114  0.01920080701301260  0.02960487341517573
  0.04000789584623529  0.05052013515128199  0.06097691468687429  0.07144741382124438
  0.08194781281392352  0.09246856256682685  0.10300707468199918  0.11332634858877845
  0.12368380723760618  0.13406029930402294  0.14445774042764495  0.15502310070724293
  0.16550601464643058  0.17622206644617083  0.18683807389050999  0.19754112388250519
  0.20816607074954463  0.21872042472249484  0.22937273709527256  0.24002438005541962
  0.25057340388257021  0.26107858670148509  0.27149134810114461  0.28200967068945321
  0.29247509618486228  0.30292104388002489  0.31339297815757139  0.32389634046783600
  0.33442240825461239  0.34500750429665006  0.35552799457276352  0.36610514741724376
  0.37661515979612714  0.38718603311323130  0.39774439989064703  0.40836985477319143
  0.41896535511215766  0.42953441171102702  0.44007010861265938  0.45066481188813834
  0.46129908251642432  0.47188477792632555  0.48251937658961863  0.49312481086731241
  0.50377926948460017  0.51444108466977345  0.52526179327206601  0.53607648123074414
  0.54679209509466309  0.55743881091534020  0.56802882215466599  0.57863992969421219
  0.58909225148665723  0.59962019201632444  0.61016759762778472  0.62071382520462737
  0.63127053668131416  0.64182755056828777  0.65246888541821291  0.66300217931129313
  0.67355516864898601  0.68399735171556086  0.69442237564007925  0.70481445487190242
  0.71529947093551960  0.72583799942337557  0.73643416592683342  0.74705380261757282
  0.75760795177509832  0.76813598237507463  0.77869827680661163  0.78932480538208971
  0.79992620830312999  0.81042794946032015  0.82101099542841061  0.83146836724939799
  0.84199308513859450  0.85257299886296267  0.86324143712733226  0.87388693365977776
  0.88444377329982460  0.89490094044169943  0.90528779769818912  0.91568678956531913
  0.92617275549266642  0.93663728143213998  0.94706647424781154  0.95759585332517505
  0.96823888322831575  0.97883625098103444  0.98942301082563977  1.00000000000000000
 -0.00233810086213074  0.00904097467993988  0.01898418182649932  0.02946781748779915
  0.04008165320917990  0.05075785527876506  0.06134889991893107  0.07191967047631247
  0.08246644158902823  0.09305049434039037  0.10365086463266662  0.11418746356032029
  0.12479438061490673  0.13526333544641372  0.14574749759049377  0.15629918117936992
  0.16690190472207461  0.17757560426191416  0.18813854994669718  0.19881322486960396
  0.20942556375291851  0.22013298399240197  0.23078876126404424  0.24149363588404285
  0.25196840629436745  0.26237230767059666  0.27274139264293196  0.28321497841727500
  0.29377303732510635  0.30433885094263652  0.31485341221994001  0.32535260053513632
  0.33573654505471762  0.34619326497564307  0.35670760658629902  0.36732199696424567
  0.37781830362801738  0.38818286649103478  0.39860712883480931  0.40915231173788619
  0.41969705451770090  0.43024035253917875  0.44086894304810886  0.45157294095206707
  0.46224715542645051  0.47283129920625838  0.48331714805002274  0.49385397069156800
  0.50444323211211484  0.51514057208356612  0.52573457362358189  0.53628163337149559
  0.54681470563563905  0.55738886031071333  0.56801918152430952  0.57858574615891833
  0.58916216839975621  0.59965631915891471  0.61026864405259218  0.62088647380498785
  0.63142569391051084  0.64189511189433934  0.65228322189350119  0.66267358322673886
  0.67308050626478677  0.68345705967204318  0.69383450465009000  0.70420274898968271
  0.71466045701665104  0.72528775216436214  0.73584245529941361  0.74644974857055579
  0.75698423684702509  0.76766823000286355  0.77835316730658166  0.78894811496701167
  0.79953688935769152  0.81006650374580091  0.82074175150221784  0.83140073876680565
  0.84206237621900559  0.85270304575422240  0.86322336392526755  0.87372153761077287
  0.88421220055074545  0.89472234136332018  0.90535996042771538  0.91604018478876026
  0.92660084598876746  0.93707749001888530  0.94745136594674295  0.95809059445244560
  0.96852047679926501  0.97906688415765586  0.98946012979461506  1.00000000000000000
 -0.00233339080177685  0.00929461777184667  0.01939667716764367  0.02987047770848919
  0.04033199538969585  0.05079824784482605  0.06132896166126689  0.07199914059879341
  0.08268373148908112  0.09339147522590227  0.10409773054303700  0.11474038575497773
  0.12536388533989387  0.13590416350007425  0.14649116624180752  0.15704160688892860
  0.16757336918045623  0.17807168285093231  0.18855562916053034  0.19905324316836881
  0.20942988927775352  0.21985324814217025  0.23028808749354041  0.24087578701909629
  0.25144305767205483  0.26205662544802727  0.27255946097575862  0.28313544483306619
  0.29356171007114207  0.30401347270153239  0.31443479208876907  0.32492193588010332
  0.33542335186064365  0.34590683303763653  0.35639636437533939  0.36690871927991653
  0.37741730139748658  0.38801404062475875  0.39872410702615307  0.40949994823294961
  0.42010138967583899  0.43059498230094989  0.44104126022052298  0.45158872151945451
  0.46212512789475563  0.47262113615364815  0.48314937751749992  0.49372409688648122
  0.50430942208698870  0.51492776832165310  0.52562310593910699  0.53620692338453302
  0.54678125500538222  0.55716011923688236  0.56768179798169360  0.57809834701259699
  0.58862760080362186  0.59924479698551358  0.60987510317391747  0.62048938913342166
  0.63103286273162740  0.64152115251359842  0.65209974610904065  0.66270986753480343
  0.67327071750848277  0.68368114854742645  0.69411660899043992  0.70459842141411422
  0.71514187171185273  0.72568213029588846  0.73640306503346498  0.74704957550778317
  0.75764849197820261  0.76822076678175388  0.77887678516137226  0.78944785706394138
  0.79999098629335141  0.81053351954066843  0.82111228696435179  0.83167663308499440
  0.84215546328156121  0.85273220622626678  0.86323787673171037  0.87371715956170048
  0.88411362910680336  0.89455009424708543  0.90507162862739243  0.91559168053163642
  0.92602739156433389  0.93658760632575955  0.94714799449166331  0.95783528586216538
  0.96842227016350169  0.97903476038272919  0.98955564607367941  1.00000000000000000
 -0.00244396057010103  0.00957014497654552  0.01966022682916388  0.03022384587057509
  0.04073942052657354  0.05140079065404573  0.06208249350189478  0.07268309004908627
  0.08333575638420165  0.09385891256037227  0.10438670764970498  0.11482262636211750
  0.12526858914399869  0.13576219061472494  0.14622618009975660  0.15667936367633328
  0.16718415351552113  0.17763199522406800  0.18815896599106469  0.19861689347390976
  0.20907581164612138  0.21945044087281265  0.22978437892716475  0.24033046358698928
  0.25083694768653880  0.26146787564048235  0.27195008050029768  0.28254317824865061
  0.29305818515567211  0.30360404278547681  0.31406610605186325  0.32448791803987309
  0.33492022892951850  0.34535105027561053  0.35588908837055466  0.36645652677662094
  0.37703597210098788  0.38756307491034936  0.39801619643154329  0.40864779281815483
  0.41926272352877508  0.42994560278564964  0.44039431336744583  0.45081242931858367
  0.46117132928389770  0.47164124593940038  0.48209191197548312  0.49259137629337230
  0.50313149264275081  0.51368358628766664  0.52423174454953092  0.53477825720946837
  0.54546730446375058  0.55610979476077493  0.56669373353935937  0.57713922666072048
  0.58756938004487214  0.59799458894339363  0.60851471093162257  0.61904565075283768
  0.62955309625212519  0.64003175054829742  0.65060294570848809  0.66119493566359866
  0.67180371035305242  0.68242061646461893  0.69312097128831218  0.70380578513361791
  0.71446437647926841  0.72508130915350322  0.73565135341221766  0.74619877578197624
  0.75675789649193637  0.76732968557965109  0.77777351713317111  0.78819702429199834
  0.79860716938830001  0.80913472549155219  0.81967320146936251  0.83018395314701987
  0.84067477116998757  0.85114406749056570  0.86168831695800818  0.87218028550490190
  0.88266430536424134  0.89319260659540090  0.90389540017756920  0.91462071049006199
  0.92537925995720316  0.93612708234788566  0.94695938998030682  0.95769670236962123
  0.96830845784382591  0.97881393304242237  0.98939965933136342  1.00000000000000000
   9.5374494584254638E-007  -1.0000000000000000     
 T T T T T T T T
