 -0.00177872153466040  0.00618263929415177  0.01339963481602592  0.02059036335526260
  0.02807454854533376  0.03588302192620987  0.04397244020576477  0.05234874283891926
  0.06094368336765461  0.06972998453116443  0.07870582342951060  0.08778087037484597
  0.09694783230169923  0.10613368526226155  0.11537497658538828  0.12471316857615028
  0.13414278723921674  0.14360997844836162  0.15317484158540653  0.16293837256741181
  0.17288410508514016  0.18283003563702349  0.19263292613914396  0.20242545242806576
  0.21226905576406135  0.22217408718549295  0.23206169663088999  0.24196931820979736
  0.25198615140516811  0.26202628427591895  0.27217693873312421  0.28243171817197882
  0.29283269932312955  0.30316452339515065  0.31344744072616815  0.32367010590690365
  0.33390754930322286  0.34409118920738491  0.35420631497708543  0.36436405767608199
  0.37461512240592731  0.38502966409459155  0.39539767411891397  0.40575076528386894
  0.41611427246953570  0.42648438464272759  0.43686462264532860  0.44718830611207461
  0.45748988256569417  0.46778759968311029  0.47815743978896674  0.48860834633304934
  0.49904171569685185  0.50945445214120355  0.51990080304360764  0.53036658447133700
  0.54087770336509522  0.55146537533825701  0.56218368478072278  0.57298170244253011
  0.58376209233612253  0.59449899734772349  0.60527611202409237  0.61606725607648194
  0.62683214862081837  0.63760327614307699  0.64839582235058257  0.65918113134958722
  0.66989715690203278  0.68062622331806444  0.69147870318926508  0.70237389608861500
  0.71321893126630787  0.72407340257072250  0.73501569117483934  0.74605968657855204
  0.75713196833972995  0.76820677593989806  0.77926951531246291  0.79030402478064710
  0.80143981496620564  0.81269445401601936  0.82406208361845457  0.83542691483281029
  0.84678682388165827  0.85812137339665606  0.86951851532990554  0.88115607908767146
  0.89312983460811657  0.90531015281444760  0.91771351015474711  0.93045107902156421
  0.94383215885022997  0.95847658222047272  0.97657566702073495  1.00000000000000000
 -0.00230127620055145  0.01126634212560689  0.02114135465730477  0.03179885426678167
  0.04230474847934244  0.05276542425999512  0.06309972251828094  0.07341886066097304
  0.08383476743886557  0.09441159992744894  0.10505322856169533  0.11538037523731726
  0.12573347086355366  0.13609698323116318  0.14654157218042668  0.15715105230642595
  0.16774311108664400  0.17837955258892726  0.18905165780271752  0.19970060275938090
  0.21050036739654618  0.22115317626344949  0.23183613378392934  0.24235582618583051
  0.25267361728970583  0.26300203069665384  0.27333937841337719  0.28391436088561456
  0.29450504108966546  0.30512012821647128  0.31568345694597544  0.32628770356148273
  0.33698008832247128  0.34772904643263247  0.35838226365852582  0.36902012754735136
  0.37961084056954836  0.39020660999674667  0.40063383424282584  0.41095100570749171
  0.42140468888571042  0.43201653322962136  0.44271879835212319  0.45335319050483308
  0.46390999666756139  0.47471458281919177  0.48555823820521599  0.49645624503829749
  0.50710237219399212  0.51757285990297108  0.52814849266726149  0.53863393762074319
  0.54911474749318534  0.55942263716014451  0.56969980323013769  0.58002648348251606
  0.59046789280067369  0.60094493362353929  0.61146907842839726  0.62189010439348835
  0.63207277673139128  0.64236617260656825  0.65283141890981355  0.66345670842183802
  0.67403141214871498  0.68450383945948146  0.69521871989556261  0.70581117929076009
  0.71636797386032447  0.72688351186169664  0.73748651013755773  0.74793916230958601
  0.75834432677680985  0.76861568046266848  0.77898372738149746  0.78943843728534946
  0.79995039283918523  0.81047886470315555  0.82104604403304482  0.83162860868248156
  0.84216153564215912  0.85274067224141115  0.86330968137198771  0.87411760191139687
  0.88465326966565494  0.89522841499316985  0.90575500748288651  0.91635442291719149
  0.92689094543052286  0.93759320279529956  0.94809755297075293  0.95873829946499334
  0.96914487174532071  0.97959804255056460  0.98985748776834448  1.00000000000000000
 -0.00232152390943787  0.01023504910082039  0.02067824439586826  0.03123217698461765
  0.04178595285057097  0.05228563603016133  0.06300811899950617  0.07343989621045245
  0.08385026058188318  0.09417847565135715  0.10441626758766932  0.11473403361966808
  0.12520985505316459  0.13591822467270195  0.14663200077442987  0.15722248580645212
  0.16779349352752540  0.17836219254899421  0.18884399627336201  0.19923567480742865
  0.20969144402030276  0.22050061565797394  0.23125754194075512  0.24211071011570234
  0.25273702680522170  0.26343756296227122  0.27391144989801341  0.28430182823239597
  0.29481047525315018  0.30541781514206529  0.31606975266861687  0.32671489952013577
  0.33720196111261708  0.34782566519726543  0.35827081017879447  0.36865365930867222
  0.37886825889980069  0.38918402775876837  0.39963982833877354  0.41012395966067977
  0.42038712119634869  0.43076928861046476  0.44122308742363514  0.45178105885406172
  0.46231419513665467  0.47272389634554435  0.48314389445030226  0.49366177086102653
  0.50429565157823375  0.51506911015430679  0.52573738853019114  0.53624888905484347
  0.54677802563593780  0.55718099968592338  0.56778711219040912  0.57835342541411883
  0.58898046429232132  0.59949835466482215  0.60997429771790790  0.62040579628759485
  0.63104859429605931  0.64166314473704944  0.65225523288166554  0.66250832392259595
  0.67286220332869751  0.68310968348877865  0.69362842048783235  0.70401744565051372
  0.71454127002540335  0.72496662415573754  0.73534971899219315  0.74581401570127770
  0.75635591222796172  0.76699903451983920  0.77752864325696414  0.78804269903193946
  0.79862756651355882  0.80933624231045798  0.81999202263300264  0.83049141179512120
  0.84085658022314858  0.85134377288099483  0.86186659311728142  0.87255018363757497
  0.88329832805166841  0.89397111631871573  0.90451978233195107  0.91495330485286119
  0.92558011969246412  0.93621393511993956  0.94682046699238231  0.95741144436343373
  0.96805699974885762  0.97865643915042999  0.98929792564419972  1.00000000000000000
 -0.00233665491969207  0.00946375706913164  0.01949329664769189  0.02983249445641312
  0.04012680460919655  0.05044148788114874  0.06093180483787922  0.07152533245388774
  0.08206425128151268  0.09251580062049092  0.10289350863984997  0.11349547929400136
  0.12410410554169522  0.13484536273547482  0.14535289060087442  0.15596790374749975
  0.16646916108845902  0.17696643904113751  0.18743940598558478  0.19787792432564097
  0.20839636400141837  0.21886600368010703  0.22936557486292802  0.23991435482267970
  0.25049124365253156  0.26114585347955349  0.27170134239310756  0.28206283748277505
  0.29258163360862183  0.30322968463758376  0.31388131708506178  0.32448500524373869
  0.33511198555762073  0.34570422491394842  0.35624819703569699  0.36663098788266690
  0.37716573331280001  0.38767678345200246  0.39824776768337045  0.40885216190800655
  0.41947885393769485  0.43012533534805936  0.44083599275746271  0.45143082406020857
  0.46198549761252328  0.47232937447192708  0.48270089658802340  0.49312668463177212
  0.50347046537846352  0.51389474828778559  0.52426788419957582  0.53463480118928552
  0.54502714085748172  0.55552371841101755  0.56606308356889579  0.57643080933490609
  0.58680694684392409  0.59739634167142919  0.60799108422392045  0.61851633915927262
  0.62899179773497838  0.63975649429821291  0.65041543922199485  0.66098296952220670
  0.67154949367132433  0.68238719379087909  0.69314220403214266  0.70384864605597652
  0.71445909690413900  0.72513689316412822  0.73571870590294175  0.74634713764229010
  0.75701579459547419  0.76775804933385117  0.77849699641714998  0.78917349255032432
  0.79978463732994298  0.81031691254875349  0.82082895606355510  0.83131312994338935
  0.84168151272428116  0.85226970070660213  0.86267210056805332  0.87341119021436286
  0.88386746008764050  0.89456347508955869  0.90505618592030157  0.91566871012185580
  0.92610230316704367  0.93650889544539573  0.94695234650011539  0.95736992928868725
  0.96797861488953407  0.97859806868846499  0.98935975179072810  1.00000000000000000
 -0.00251617561510357  0.00965978823305090  0.01967818911785689  0.03001088686568311
  0.04048017659154388  0.05101045256058332  0.06146908679443810  0.07210407044450307
  0.08271527768222420  0.09333353904692095  0.10367061109188221  0.11403094384980583
  0.12450407145655769  0.13506497613917393  0.14554815062445703  0.15607678510331971
  0.16653107953805782  0.17705499772369229  0.18757815814110515  0.19810241176416343
  0.20853396287859907  0.21904886143604757  0.22948548418119896  0.24000759444046524
  0.25036715777927476  0.26113123795372639  0.27201394173595989  0.28291278970571704
  0.29370967056840119  0.30443171186069240  0.31496947749773729  0.32535270565968627
  0.33587226157065214  0.34663217856626000  0.35735614613280470  0.36802121453986930
  0.37859813742353704  0.38913009148960698  0.39979679084191050  0.41057602604906451
  0.42137351420950220  0.43181344080868966  0.44211519937245802  0.45242562330062608
  0.46283101616543648  0.47340877072026460  0.48386048837131390  0.49435863232766791
  0.50476105250725356  0.51535326083011201  0.52591733074928315  0.53653856176583947
  0.54709616350339907  0.55752966978454033  0.56799153338075248  0.57861619202998316
  0.58934660564340835  0.59994339638124705  0.61056572364364281  0.62124747005611625
  0.63173623427086201  0.64211824340509904  0.65238048753647426  0.66263757951719782
  0.67290038628069015  0.68317294453866995  0.69359889846010070  0.70403263758835366
  0.71453513838194738  0.72508497584748277  0.73568960445295228  0.74636853338846687
  0.75687052860561943  0.76734010600480496  0.77780122850847144  0.78828130612969294
  0.79866494551968603  0.80907868052582055  0.81960824068689542  0.83011366787791196
  0.84058989789241589  0.85113542928892216  0.86179415126842307  0.87244642081336410
  0.88298550750184923  0.89352897863532810  0.90405644661110407  0.91467874971893059
  0.92552097503397157  0.93639807083860371  0.94724421564733619  0.95786836184809088
  0.96827191525980205  0.97869563365013157  0.98926425405035934  1.00000000000000000
   4.2979622180789304E-007  -1.0000000000000000     
 T T T T T T T T
