 -0.00155471122049052  0.00574471578100899  0.01251937660459423  0.01919533626374120
  0.02621982391749457  0.03362368900840647  0.04138862479878489  0.04946185007923299
  0.05775119787403812  0.06626215453136326  0.07501188855156868  0.08393504428677295
  0.09298609610037634  0.10215908296957588  0.11142094016802193  0.12075200711920656
  0.13011912437818729  0.13954795472678996  0.14908347833109317  0.15870583359658008
  0.16838877824886953  0.17811446115633292  0.18786229380093375  0.19762086665464410
  0.20739834890178876  0.21719858488892990  0.22707116739580729  0.23705303890104323
  0.24708682211272859  0.25712351865180233  0.26713622692918776  0.27721480283356381
  0.28734668443123462  0.29747934023482814  0.30756180380456821  0.31765579103736541
  0.32781269445103223  0.33803156709438986  0.34829124118330712  0.35854872572765573
  0.36875588479141264  0.37897274377491447  0.38928436437121305  0.39973775873240447
  0.41023013581603357  0.42068061798241269  0.43111410617000873  0.44155687104758212
  0.45201445047835515  0.46242137018222212  0.47275821843845467  0.48309652534015551
  0.49351611601507156  0.50398936220220802  0.51446577813985084  0.52494175411606792
  0.53548813852907928  0.54608661738337649  0.55673698299024466  0.56741782409884589
  0.57810488780044289  0.58874217581638566  0.59936248935097258  0.61002790481171953
  0.62076932135615603  0.63158191073599068  0.64239123940820742  0.65316660875307619
  0.66394065273985081  0.67477208741918160  0.68566592007480431  0.69663832300347139
  0.70771797641706036  0.71885960753788147  0.73000061934531291  0.74112207051896095
  0.75225338145381371  0.76341146090180012  0.77457870098567505  0.78581373267793631
  0.79713031908905030  0.80851465371165609  0.81995123853723773  0.83144345674952091
  0.84301346449001879  0.85464422291786268  0.86639145539609130  0.87829675807736529
  0.89038212879162393  0.90267291679914130  0.91526300476111011  0.92832013521044332
  0.94198670799038775  0.95676439487290454  0.97526356663568026  1.00000000000000000
 -0.00233814848063557  0.00929381454262828  0.01927114223879179  0.02978545621775573
  0.04029581989063236  0.05091273283376102  0.06154195661290223  0.07204577293440752
  0.08262228029316594  0.09311057960743163  0.10367041497469749  0.11408186156262264
  0.12443890999158028  0.13483666219487689  0.14530829962694217  0.15591989495456410
  0.16652997512566597  0.17711652672641801  0.18755004931697772  0.19800005243220073
  0.20847846876005871  0.21903262517660055  0.22957714544491839  0.24010344646202708
  0.25060004353706472  0.26110904379520006  0.27165829546336051  0.28237044971321779
  0.29294803557616228  0.30355760594718145  0.31396665931545742  0.32452346104214363
  0.33490129178520878  0.34542375228903205  0.35600266820475907  0.36678566904780063
  0.37747538801839847  0.38803152284245185  0.39863948742282168  0.40919670198878166
  0.41973052347593748  0.43014841947419996  0.44062824000711120  0.45122062275652997
  0.46182886921616179  0.47244818020455209  0.48299888138247532  0.49348851873560234
  0.50394405908696738  0.51433091886000759  0.52479719073232800  0.53529255484257532
  0.54582664422076754  0.55631365217658679  0.56691256692045133  0.57748723644470190
  0.58812329555583986  0.59871884524383445  0.60935515321205347  0.61993252199299453
  0.63038438402689501  0.64089233145054836  0.65131964546810450  0.66184705694706458
  0.67240299429318318  0.68301651088581794  0.69358062171352897  0.70412911618916907
  0.71467524867400778  0.72520588579397138  0.73570067543531226  0.74618188222126269
  0.75671308378946278  0.76730863959955131  0.77795190421799620  0.78859635699023012
  0.79915407701358698  0.80971161106332101  0.82018455878094609  0.83072071938480663
  0.84129426884190883  0.85190144794939515  0.86249290413447843  0.87301511691227285
  0.88346076612409397  0.89390019742277183  0.90444743155255036  0.91507037593165097
  0.92566661188625732  0.93628296140108624  0.94687514979773446  0.95753932410578135
  0.96812358677976951  0.97877187801689269  0.98936080953324834  1.00000000000000000
 -0.00226613370318536  0.00921397319087029  0.01925541901934543  0.02979677491717665
  0.04047569190430630  0.05113239488208396  0.06173517906253991  0.07221716716965289
  0.08268420474450082  0.09316815657353801  0.10364582868626296  0.11418495569831706
  0.12465509527107792  0.13523507137872920  0.14584414080274702  0.15657923967575912
  0.16720080969435244  0.17795310493571773  0.18862982535249093  0.19919529620226431
  0.20958912760769349  0.22005517708265795  0.23054774725193103  0.24104535562839266
  0.25149064618044775  0.26208821277913530  0.27273436448167054  0.28330875503549574
  0.29389162342279629  0.30449238760762110  0.31512425521260623  0.32559769243507897
  0.33611895124696861  0.34668003492542299  0.35730906919309241  0.36782339044579315
  0.37830984972078779  0.38882305111625515  0.39935214571353450  0.40992086103172204
  0.42045486143306982  0.43097015476702749  0.44160731124701919  0.45232999707871535
  0.46299437144057815  0.47352406561792154  0.48399485887755495  0.49454439217166873
  0.50509884729652044  0.51569688928970847  0.52625283410255641  0.53684729139886522
  0.54739132013753711  0.55802888383574389  0.56864790152624944  0.57925258219951659
  0.58980437114472806  0.60042762312507125  0.61100763069253961  0.62158670849063402
  0.63216346576822069  0.64276315749191770  0.65331095239603187  0.66375703290090826
  0.67422789503036906  0.68465714434246960  0.69516285864376348  0.70564285348766131
  0.71622131195301786  0.72673063197780996  0.73735308520389753  0.74777178490351504
  0.75817373543246558  0.76851600284322219  0.77902169901698426  0.78949352233448677
  0.79991332951248451  0.81040140892124546  0.82080563388764149  0.83130202905985029
  0.84164991849132020  0.85213705742119883  0.86247991401515123  0.87299889356889604
  0.88358523230901409  0.89422574892185425  0.90470383858096437  0.91526307774309812
  0.92586492389657860  0.93652040805339853  0.94707754234175445  0.95776542048139390
  0.96832386287696803  0.97886575600792569  0.98941306759097392  1.00000000000000000
 -0.00233325410849238  0.00920970715577423  0.01925055891920539  0.02983725132066086
  0.04042840066998103  0.05101290107233889  0.06157986532338444  0.07217582123151044
  0.08282976558533940  0.09341174276073008  0.10400592354388771  0.11462056025487186
  0.12528920815418193  0.13583750434611053  0.14639595797393981  0.15689383677011953
  0.16730003011347275  0.17765812679231580  0.18809772573270661  0.19874706106831591
  0.20948050129197546  0.22021636431131836  0.23094487370478056  0.24148514252802178
  0.25206330299856605  0.26268858921557847  0.27341814586363689  0.28408728449814680
  0.29475462567333416  0.30530992169113852  0.31574185704556473  0.32607124150550854
  0.33646016208017138  0.34700496091268629  0.35755089423330633  0.36813175739844556
  0.37863780263339980  0.38919808595105632  0.39968216131305978  0.41010157337046660
  0.42053701209198147  0.43104911432356952  0.44172305474850809  0.45233468247573833
  0.46295295982445905  0.47343844603207919  0.48400207761486208  0.49452791786178169
  0.50514169964871936  0.51574708161666538  0.52633686116110712  0.53684341193442453
  0.54724984855335479  0.55763433310586386  0.56810358066045052  0.57860926219300080
  0.58904689858228632  0.59945132282994185  0.60991296061341516  0.62038586876289004
  0.63086499366503290  0.64128867357578423  0.65183148757834641  0.66240774960800197
  0.67296649990779811  0.68347180062233426  0.69393967271679535  0.70441708413248272
  0.71493637827172252  0.72541251868221179  0.73597584184299070  0.74645767402867225
  0.75697302774986153  0.76754918533430005  0.77817846979450900  0.78882966150793821
  0.79934805609746051  0.80987903153315333  0.82046149049634554  0.83101744171231295
  0.84159426330029752  0.85212393831957411  0.86262513086677362  0.87318182053523263
  0.88367539441409682  0.89419477432836747  0.90468605415240577  0.91511792817727278
  0.92570976501897173  0.93630082488494326  0.94688355349924702  0.95748500227203925
  0.96803122096639205  0.97870500087600465  0.98925821955874171  1.00000000000000000
 -0.00240329127815085  0.00944143077667494  0.01963384393568562  0.03019054028795652
  0.04071176004664619  0.05113652677477994  0.06157100313087402  0.07208826909362619
  0.08262785700786288  0.09325129826613596  0.10383422502172311  0.11443976257627714
  0.12502452159740879  0.13551814022788838  0.14610146459494128  0.15666545539484075
  0.16725927299015050  0.17782075555411916  0.18819696693855434  0.19876953845204454
  0.20923479262451503  0.21984379231098461  0.23038851940507921  0.24087175793870128
  0.25142803761174998  0.26193632079324802  0.27254043951720197  0.28307199233633695
  0.29366324807299782  0.30431786878423650  0.31482958615718293  0.32528800393268936
  0.33570334878676900  0.34624967012745983  0.35674293996341760  0.36727882682673663
  0.37785475436112864  0.38847476456547064  0.39905693894549665  0.40956106029834716
  0.42001931789368602  0.43048433201171471  0.44093995632779925  0.45142167404025990
  0.46189881198595789  0.47243410209277070  0.48292197231034190  0.49348380214958648
  0.50404840405788331  0.51466387661733670  0.52530570747456595  0.53587953560967683
  0.54643792164091520  0.55689665408299327  0.56742545841014036  0.57792117382156127
  0.58847343154123632  0.59898346110884060  0.60949467710334704  0.61998374892634189
  0.63044241448144345  0.64095023732031453  0.65154100300803652  0.66224047118647311
  0.67288376281703388  0.68339769450060928  0.69393674368042391  0.70444318084118829
  0.71503138275568179  0.72555947665776210  0.73615071066462234  0.74664812658159008
  0.75716093505563331  0.76774864414474753  0.77832097299807590  0.78892485673788459
  0.79951406022449567  0.81011511440309514  0.82060864366820163  0.83102332212145735
  0.84153396099410682  0.85209020748271380  0.86261245797814412  0.87319350829601972
  0.88373679092559843  0.89427322812366561  0.90473682439148628  0.91528139002686482
  0.92593455936438585  0.93661024179060870  0.94727370347207274  0.95801666256291884
  0.96856868218154135  0.97919760398753242  0.98958475485809771  1.00000000000000000
   3.7115435124542747E-007  -1.0000000000000000     
 T T T T T T T T
