 -0.00160058881855481  0.00595182149616351  0.01280566938364142  0.01956316986341761
  0.02663978139836735  0.03404250464732859  0.04176698874367765  0.04977980485033372
  0.05804327690359528  0.06650286087396093  0.07516203972078359  0.08398291903939906
  0.09296110452209572  0.10206966936477237  0.11128684405456096  0.12061748497026442
  0.13003003630069265  0.13949570846850534  0.14899066700771574  0.15850612114038515
  0.16810254187148610  0.17780199309419034  0.18758367917522864  0.19740760143231825
  0.20722610573347308  0.21709710125233481  0.22700490249220356  0.23693856371522434
  0.24689248566511682  0.25688179915631160  0.26690998608349065  0.27693491635802625
  0.28701225644644607  0.29717584133567015  0.30742315564915612  0.31767810469732383
  0.32787301312742684  0.33804775061293241  0.34821346075478737  0.35840313389234046
  0.36861011879141453  0.37884465920593902  0.38911008340045983  0.39935099772900029
  0.40961984119240796  0.41996988297001409  0.43041097692138464  0.44085084222286081
  0.45127719502905278  0.46173019353818318  0.47223021290849715  0.48274345376177369
  0.49325265300075322  0.50373335565380062  0.51419962532088781  0.52470139487838208
  0.53526920304968550  0.54592772410945745  0.55659052182396018  0.56724854865348939
  0.57789605701816926  0.58859193613361349  0.59936897687619706  0.61016477078970843
  0.62097288199004441  0.63181037036071419  0.64267701794880305  0.65352205009504027
  0.66433565171172515  0.67514326703279437  0.68597314877685478  0.69685186915790143
  0.70781391418361805  0.71882269568307633  0.72983806055090927  0.74086257013171641
  0.75192927681752764  0.76304257969481959  0.77421958433215532  0.78546055130130843
  0.79676802322319307  0.80813544529783421  0.81956891432180123  0.83105708955706126
  0.84263926085324981  0.85435646851900637  0.86622279130160185  0.87819147725544056
  0.89027194598379567  0.90251324783241005  0.91502476366989494  0.92795763560159839
  0.94154767977754650  0.95627174482364630  0.97485472096431447  1.00000000000000000
 -0.00228615521088533  0.00936563339050769  0.01949378956025611  0.03006328683912630
  0.04063352589761716  0.05121992054798324  0.06183353236307765  0.07245235438655041
  0.08302327392444403  0.09350667585496214  0.10401697131960956  0.11449813354262879
  0.12505848912336676  0.13561718594019417  0.14614957389427946  0.15664799971394000
  0.16706218432086170  0.17751936201889904  0.18800555487392365  0.19854433722512055
  0.20914251414611690  0.21958985089118438  0.23011334551161805  0.24065027037130771
  0.25127982704440582  0.26193284489433771  0.27259417668489211  0.28321983125208466
  0.29382452316195123  0.30433840929294653  0.31485385000157334  0.32531325608504436
  0.33581160440929408  0.34633723032776598  0.35684815327385377  0.36724877267751210
  0.37771692615241276  0.38818441253099584  0.39870161788035346  0.40922442339741066
  0.41968563616582222  0.43020448127786315  0.44072218955233705  0.45134379492075383
  0.46184256013987923  0.47229772759905037  0.48273833519247950  0.49332440658421639
  0.50399385515821571  0.51458821818054368  0.52518281110686649  0.53567737316415509
  0.54623148648587427  0.55676126379307234  0.56733085288552532  0.57795744449970121
  0.58848360965596480  0.59903684954377989  0.60956917563174007  0.62022530504978679
  0.63084209261905988  0.64151809346495259  0.65203383070092347  0.66261759506706364
  0.67315901943691403  0.68386080862675436  0.69444315858788352  0.70484587338806792
  0.71524104472092231  0.72566691992714627  0.73616768937436738  0.74676437549346397
  0.75738231327685790  0.76811153060682469  0.77871248676404203  0.78938420940077436
  0.79994255235902323  0.81051102066857039  0.82097681602987815  0.83143138341377087
  0.84194374993555543  0.85248506026751025  0.86309471739218879  0.87363001867034396
  0.88410997580710926  0.89461198022690858  0.90518083214678147  0.91581481209869320
  0.92644315895653784  0.93694084115194887  0.94742018520477767  0.95792097606823745
  0.96856167770497648  0.97908304681012748  0.98958802677261504  1.00000000000000000
 -0.00240347697854374  0.00945464584098253  0.01951787121953473  0.03004867582772750
  0.04056626160511369  0.05109096413958229  0.06156589043640377  0.07208796541511690
  0.08274272018348255  0.09329372172840403  0.10378590652510294  0.11414102240808849
  0.12459992649089857  0.13509866925878755  0.14565932893454603  0.15619478765592273
  0.16681574546732250  0.17742947566973566  0.18809145274366026  0.19864703928894303
  0.20923938106188084  0.21977500227758873  0.23041914710508926  0.24095162401582856
  0.25154845162713124  0.26210882973845123  0.27264618999854440  0.28310031683004322
  0.29357896963673191  0.30403830042483265  0.31446818091305551  0.32476043995214066
  0.33517725075113325  0.34566697896258552  0.35616881495956576  0.36669516614756964
  0.37723752272487987  0.38784028696376949  0.39838885577696731  0.40896050742749612
  0.41944474823274075  0.42993525591535742  0.44046044979747884  0.45109933163528015
  0.46173025975499377  0.47229661417972957  0.48284338635731799  0.49337637432561920
  0.50391884334669101  0.51452477436241184  0.52510079590991410  0.53568973332799708
  0.54617229813087786  0.55670451860703996  0.56726005381882927  0.57785293627156897
  0.58839420670785181  0.59888780295888400  0.60944873414499401  0.62002932671551558
  0.63065720849027707  0.64119624250242391  0.65174237627670484  0.66216836171223525
  0.67266222834363298  0.68320149144667375  0.69376742014440340  0.70420719041455715
  0.71461786204722788  0.72512453394924781  0.73570862006511850  0.74628117282371942
  0.75695086378414922  0.76754953946387527  0.77808704202422374  0.78857525869347322
  0.79916854651506064  0.80975459644056147  0.82032939533399141  0.83094106433895443
  0.84153948853701765  0.85204917243238432  0.86257660303045192  0.87314944880454093
  0.88382957697985787  0.89436654139543970  0.90498286955347351  0.91544650882035650
  0.92607566330989377  0.93671431926036308  0.94739189068627816  0.95795619363574191
  0.96846027594030559  0.97894541993728246  0.98946121071854110  1.00000000000000000
 -0.00230607184447033  0.00916958833445396  0.01919428876642572  0.02960172055556723
  0.04027845052292634  0.05097185502121965  0.06168749725104800  0.07222371437611164
  0.08268870973532781  0.09319953431097483  0.10370451417059502  0.11429669957728489
  0.12474245243644896  0.13522669828566372  0.14569433916108646  0.15626549008938526
  0.16674852621018510  0.17725055190478314  0.18773294311481642  0.19836336334998689
  0.20905386573377688  0.21968698440102674  0.23038705930508571  0.24097173438842953
  0.25152330386085825  0.26200738433832577  0.27255438941406734  0.28314058036563855
  0.29378471341899420  0.30439209598171824  0.31503551734420437  0.32560655314641734
  0.33623353191929467  0.34689306576090051  0.35756144953829555  0.36818352020500306
  0.37876281229904118  0.38933557253889306  0.39991428278067903  0.41049388725554398
  0.42108705572830735  0.43166431124953314  0.44216280107157219  0.45258165614999768
  0.46302302202730361  0.47354530810454931  0.48403964919578435  0.49444476564937473
  0.50484619578376189  0.51529398514993485  0.52586297971005569  0.53643749985079980
  0.54706986292533877  0.55765345231690577  0.56820921515831846  0.57875486458030967
  0.58933465282608510  0.59996379004175615  0.61057129325409309  0.62117676915832820
  0.63176657602389696  0.64238831171329114  0.65292481685974990  0.66345465035630291
  0.67401267411213117  0.68462286068881473  0.69519987473093703  0.70573081627817380
  0.71625330849031066  0.72681356763785843  0.73732356142603783  0.74786731541312657
  0.75831648566782373  0.76870293888169883  0.77911956843004671  0.78955878830078341
  0.80013159402943068  0.81054633904819906  0.82105784326268971  0.83151921394535566
  0.84208385397127328  0.85262299680464526  0.86318929763948393  0.87378141996690806
  0.88430723757435059  0.89486443020634276  0.90540701701427162  0.91598290104514335
  0.92647386144937960  0.93700656343879163  0.94746268909660758  0.95792100417444481
  0.96837434986344872  0.97889570035201390  0.98942115560957522  1.00000000000000000
 -0.00243068164164627  0.00938563680194001  0.01941131204758268  0.02990659266129566
  0.04040269074305615  0.05093981652728868  0.06147926721435786  0.07200284717034884
  0.08251688733452742  0.09299575864070855  0.10346565546967068  0.11390203255819079
  0.12437932950497271  0.13488252734540282  0.14540975869761311  0.15590465123582700
  0.16642436983745573  0.17705638257916231  0.18771547198508814  0.19847374279009239
  0.20910598915756035  0.21977099843356640  0.23031126540703931  0.24096161734448987
  0.25155509261016795  0.26226428095322563  0.27297804152907751  0.28370425939980004
  0.29429926168269754  0.30474195360494177  0.31520573933925361  0.32567837067028504
  0.33628733742449507  0.34690320921245954  0.35753540335966150  0.36807734542534443
  0.37855879641861967  0.38899844394177646  0.39941086813892834  0.40989040308671881
  0.42042720319823945  0.43106511903586658  0.44163067137733253  0.45216597385253360
  0.46283261917377444  0.47345077891092524  0.48406834682114003  0.49455558048207188
  0.50505302586105838  0.51552831854661807  0.52599570394332484  0.53651690737803426
  0.54702743873565685  0.55755278532426455  0.56808050692314571  0.57869908149908711
  0.58919089942025193  0.59966216583638365  0.61018636033702933  0.62080821762621297
  0.63139867652036363  0.64191536277043793  0.65253416425107524  0.66321283620400440
  0.67384749682198752  0.68435818904618850  0.69485668585890492  0.70526012624995660
  0.71577380042504601  0.72621358742369724  0.73667779875769412  0.74706823266254618
  0.75756318522536914  0.76806782078005353  0.77854691983612601  0.78905161670487090
  0.79972933340320052  0.81035047883429856  0.82099588356452580  0.83152127168562551
  0.84207231223500423  0.85254305538293085  0.86308054548784663  0.87375460287360196
  0.88435072741321741  0.89503056571122097  0.90558126382506210  0.91616463984280161
  0.92670745135625787  0.93713151326375410  0.94755786926643082  0.95793248047502921
  0.96839347033517498  0.97889832083052564  0.98937720816591235  1.00000000000000000
   9.1514782201307149E-007  -1.0000000000000000     
 T T F F F F T T
