 -0.00184340947055218  0.00606682418082879  0.01330556959773389  0.02050717324593701
  0.02803855583066100  0.03587593089682273  0.04398655751051263  0.05235292435639255
  0.06092797300249734  0.06970267742526895  0.07860889986550114  0.08758735302260463
  0.09668966278138401  0.10588002483955644  0.11517400585682781  0.12452714185578209
  0.13398223053861505  0.14346581598566474  0.15298933440967311  0.16251421020417159
  0.17214859068703334  0.18195890862435182  0.19189842734009183  0.20192906401434568
  0.21196045867676686  0.22200354589224014  0.23204023536154408  0.24205694600312044
  0.25207511946217565  0.26213841031925644  0.27224394717185574  0.28235384773708611
  0.29250279264441542  0.30271376378798209  0.31297000594306001  0.32321437625828336
  0.33347007548089203  0.34375944758069354  0.35406365073993862  0.36436968393038593
  0.37468633173961807  0.38500325174498073  0.39534578205458976  0.40573258916853194
  0.41617094444745961  0.42657892777618317  0.43701457360700935  0.44754350318015745
  0.45811981149593284  0.46861597237444813  0.47906638962760223  0.48951340899515045
  0.49991948442285961  0.51028354958973321  0.52066374002054328  0.53116546888026195
  0.54168622075969730  0.55222022959613648  0.56281808330392680  0.57353463886597800
  0.58426530335054028  0.59497153097747235  0.60568092169161736  0.61651320784505226
  0.62738636472375031  0.63820142799690160  0.64895782584025319  0.65970418683918453
  0.67047098283176887  0.68124261259965746  0.69206346960111043  0.70293505136389833
  0.71380109573926753  0.72461914903654057  0.73545809846953536  0.74639805178790020
  0.75747272177035763  0.76861626197166011  0.77977704360425970  0.79094353690995967
  0.80222397025406145  0.81361012600497207  0.82505401427152059  0.83646567557099105
  0.84786330569796076  0.85935222325788330  0.87090282546958919  0.88254128150048738
  0.89433623517925953  0.90641836200343617  0.91881665071539775  0.93158440858207514
  0.94492243740182513  0.95948749461757865  0.97738482661474502  1.00000000000000000
 -0.00253314029308966  0.00972425622911196  0.01992020643838425  0.03051863358049559
  0.04111104618007237  0.05159515106629891  0.06203226099690384  0.07248239226299982
  0.08297869854508012  0.09354303479474498  0.10414832463889055  0.11478123609285866
  0.12532972379965465  0.13590032105071179  0.14643295918366470  0.15694808118566664
  0.16740645373096427  0.17792607147797121  0.18844425358679795  0.19895128810658064
  0.20952640145078205  0.22008419108116742  0.23079937793207816  0.24145685020230545
  0.25221541556011506  0.26292476737080250  0.27361699412871959  0.28427777932025838
  0.29488898823775761  0.30549484592653436  0.31604163474878161  0.32654766793431833
  0.33705312604266258  0.34762848776284694  0.35824535745271180  0.36886974068253486
  0.37952331887082047  0.39011253060711243  0.40061850591881598  0.41098262595183077
  0.42148760976284683  0.43210477890944704  0.44278457531249105  0.45324272314085301
  0.46378706340561093  0.47442229587048523  0.48513973709762609  0.49573474738155432
  0.50628294039737587  0.51685556012512912  0.52745584211915231  0.53800058167000919
  0.54844581555441174  0.55885347985464917  0.56929785720543924  0.57976164705024547
  0.59024007004076884  0.60073570782460783  0.61126651424491174  0.62178327633939112
  0.63227343562547467  0.64276289564362066  0.65337700020479350  0.66397065063319249
  0.67456711694684113  0.68518120331085697  0.69580182064266960  0.70641398881546824
  0.71697214243798502  0.72758763436686957  0.73826269126454525  0.74882726511065933
  0.75945940385093236  0.76998664507690451  0.78052678377710549  0.79100501347047414
  0.80155362832701083  0.81206015356020234  0.82252940799334207  0.83297334860494154
  0.84341768701721409  0.85377836390619888  0.86415837491471059  0.87451612318334726
  0.88496958118531832  0.89537596219857218  0.90581742685411837  0.91618189696795627
  0.92666547621294715  0.93703975766090264  0.94744329461126187  0.95778930085682989
  0.96827050611839638  0.97881995571871250  0.98939802426981505  1.00000000000000000
 -0.00245743145148448  0.00957074410370109  0.01962995652189756  0.03007001061420342
  0.04045205287530037  0.05103920776549085  0.06153779541520021  0.07206146127395364
  0.08242675767928689  0.09293830721877512  0.10345041074790307  0.11393892146966572
  0.12449977257748669  0.13508123341303094  0.14569714482726262  0.15612898765160815
  0.16644319493326115  0.17686331383957718  0.18736029864346393  0.19789010237382129
  0.20840429676629837  0.21901929430727041  0.22974239135981916  0.24048757241177315
  0.25101160243714865  0.26152381351094239  0.27192310074164683  0.28233112569610624
  0.29279394321496793  0.30323913912710665  0.31383191328036397  0.32439520565907948
  0.33505367091643939  0.34566561386562167  0.35626572291831665  0.36683317642768254
  0.37745767178808476  0.38797614673651670  0.39849498878433326  0.40897406575559436
  0.41941519261779314  0.42998305307280332  0.44046116282028014  0.45100758181510836
  0.46146246101338151  0.47194604642779742  0.48242401731901036  0.49281500262308692
  0.50324113208600663  0.51363851121023707  0.52413130297427257  0.53458459658487922
  0.54507735825870340  0.55554106850091078  0.56606194385958997  0.57656764076513911
  0.58712616876035206  0.59767206287805874  0.60825483941901992  0.61881654245727080
  0.62940008561591310  0.63992874556931723  0.65049902620786815  0.66110264708011313
  0.67179711070127113  0.68241763191707083  0.69298187014956059  0.70356011965753351
  0.71410600818392167  0.72470501220621586  0.73527575251281252  0.74592698160665727
  0.75651900055830912  0.76710056042584085  0.77773094929171416  0.78840193618975962
  0.79923995067181330  0.81005232384706305  0.82077815128606213  0.83131818012434322
  0.84185068760453108  0.85244537944631982  0.86303913278939248  0.87366827812918979
  0.88416987322308960  0.89461822665189172  0.90518385782644195  0.91573425444834711
  0.92631024578702315  0.93676242354093242  0.94734439287850980  0.95797884277518353
  0.96859888348199508  0.97914683853401230  0.98959156136446302  1.00000000000000000
 -0.00233536486516262  0.00938377554253974  0.01952204305837435  0.03006496082180025
  0.04063037035458317  0.05130059568690102  0.06187182234966077  0.07258279779394124
  0.08313714140020481  0.09378976991892821  0.10439053060962356  0.11499756389526078
  0.12558525949274404  0.13623566679090093  0.14687143460568441  0.15740354703116863
  0.16783468566629259  0.17823727490092578  0.18867724194684923  0.19906507870955947
  0.20951027940294120  0.22010503250925625  0.23071458256197711  0.24137092522725201
  0.25200374619399640  0.26265385877060216  0.27314329711315022  0.28363336791322341
  0.29418202625185680  0.30486258985122111  0.31550083610080210  0.32611007891985061
  0.33658707068065985  0.34706191960582217  0.35762863331637901  0.36830447545153572
  0.37894162483293709  0.38960870884947396  0.40023573933935025  0.41094805962952236
  0.42162307243393593  0.43218707992212679  0.44266915687814590  0.45311580792614697
  0.46368581932166392  0.47429758021031282  0.48486790747535813  0.49539514215315811
  0.50583613699843677  0.51631820605474388  0.52683535012880744  0.53740834455823738
  0.54799864540074017  0.55844694435905362  0.56886036301003950  0.57926973755933864
  0.58979080183898702  0.60030091482372139  0.61079276692952633  0.62128868989960029
  0.63171234461462378  0.64212191788343953  0.65257178904114665  0.66310482136795224
  0.67364789783951473  0.68417804835126483  0.69473783931272559  0.70524670474298878
  0.71566030284307913  0.72605214605808444  0.73648292878007537  0.74694372851989399
  0.75738155570933940  0.76787360569218355  0.77840884624961193  0.78894419309924124
  0.79945657406599191  0.81003492522670018  0.82060116661167248  0.83113259365392944
  0.84161695724477292  0.85207742172337775  0.86255414646371509  0.87301639409002119
  0.88349321477817055  0.89393913395664226  0.90437479566826162  0.91490493447222465
  0.92546559554352670  0.93599363473670860  0.94667282908445094  0.95740548190859831
  0.96815275808095391  0.97881869209498618  0.98941136169474053  1.00000000000000000
 -0.00254755396257304  0.00956063752381778  0.01981334579467418  0.03039446543582687
  0.04102791493039074  0.05158060403075217  0.06219964057607526  0.07274627897884513
  0.08325026740697786  0.09365734974188929  0.10400622047704886  0.11444651547117021
  0.12487470501538804  0.13534507888834196  0.14579997321851806  0.15635912858970902
  0.16687640910451118  0.17736185068744406  0.18776171968360947  0.19821493472172749
  0.20872104663186011  0.21926212348125346  0.22980710580335348  0.24034790586584293
  0.25094632384178001  0.26146569896781419  0.27191904195586064  0.28238515769537786
  0.29293635878183688  0.30344562919966295  0.31392998197990363  0.32444095503742482
  0.33503198176668803  0.34549606930001803  0.35595934994086337  0.36635502354385330
  0.37699951842439478  0.38766976816394316  0.39827157765882010  0.40879084774330676
  0.41931157297602178  0.42998237911446524  0.44068022619980574  0.45136079680187635
  0.46193416750693289  0.47248214386223586  0.48305121069115481  0.49374534162952122
  0.50429731759630247  0.51487540166827306  0.52533054568506210  0.53596740850480606
  0.54651337816515888  0.55710660408552426  0.56760394852826201  0.57807964106750420
  0.58850611541166342  0.59895893000396438  0.60945896631481189  0.62003394628337105
  0.63056007097260480  0.64107188887453392  0.65147587994462719  0.66193041164725019
  0.67241386624877786  0.68307731971880126  0.69370608157955926  0.70428014457586929
  0.71482317343858837  0.72534326243748581  0.73595758700758396  0.74656819339657077
  0.75720553336733298  0.76774662387841486  0.77819678259937175  0.78861417654415733
  0.79919447793726972  0.80979712435412254  0.82033315117887240  0.83078423716505057
  0.84135948655356585  0.85202021248495818  0.86262742280350746  0.87326774006948205
  0.88387456981293644  0.89450485331573382  0.90500226066927003  0.91554828422754064
  0.92601052146592067  0.93660716829003843  0.94714541959629617  0.95783067880625983
  0.96832805545643119  0.97889758604005839  0.98941456140573969  1.00000000000000000
   1.8037879743570820E-006  -1.0000000000000000     
 T T F F F F T T
