 -0.00155198661531991  0.00572471007200000  0.01252166527889287  0.01918462656810028
  0.02617852157451016  0.03356170601337960  0.04127733949690204  0.04926766820267336
  0.05747556467618550  0.06589286492156904  0.07453106179556201  0.08335631595995506
  0.09235932117628773  0.10152505356766835  0.11081148135228276  0.12017343084994313
  0.12958562513015084  0.13904867156620015  0.14856097922271835  0.15813142745108211
  0.16773348139894828  0.17739192486492594  0.18714178033721399  0.19700665726305433
  0.20699025776230318  0.21698348651694752  0.22698518990186561  0.23699186180271090
  0.24701665576614276  0.25706458853739977  0.26712373906913339  0.27720628412484866
  0.28732257815765444  0.29747935020547844  0.30766073429449076  0.31785997781870107
  0.32805858694992740  0.33829822435986678  0.34856904262944893  0.35885554415867105
  0.36915174426701436  0.37945024581278036  0.38977774244158592  0.40013937143105077
  0.41056601936031950  0.42102912432723910  0.43151333307450962  0.44196449601350296
  0.45241727531597070  0.46286203615867294  0.47334299900846610  0.48382250110376224
  0.49433493176564602  0.50486344602887656  0.51543131933022757  0.52599874908155819
  0.53655763174930871  0.54714509432750924  0.55776079432251957  0.56840066266829392
  0.57902712730090300  0.58965515689183623  0.60031348142757668  0.61098270788725384
  0.62168054686317631  0.63238729290866302  0.64312508843362659  0.65386756273569757
  0.66461009960823991  0.67538606528794953  0.68622622599833394  0.69710787177629718
  0.70802324035281317  0.71899057251010945  0.73005196381608495  0.74118234520105453
  0.75229847889664214  0.76338861224610910  0.77451846187605011  0.78576257481073719
  0.79714188897615579  0.80859361703094823  0.82006008388418572  0.83151101336896782
  0.84300219994896730  0.85461784723773193  0.86640349615259560  0.87838687315115094
  0.89057135033671209  0.90294395546941553  0.91554104089842636  0.92846022323551336
  0.94194257872380249  0.95652336545648287  0.97502349537832600  1.00000000000000000
 -0.00237597293029226  0.00921335170860533  0.01932960724653890  0.02990070658266206
  0.04056325380966557  0.05119526674068729  0.06178259456790122  0.07230336021859902
  0.08281133726976418  0.09344617992283610  0.10395502548986750  0.11453557307929219
  0.12496445523835367  0.13554522790495444  0.14606640477884034  0.15656120965658782
  0.16713374411616924  0.17774192076488179  0.18848368103535698  0.19909587851195545
  0.20974983460614502  0.22036878592042858  0.23108104542689134  0.24176789562176607
  0.25234341389933396  0.26285869828222286  0.27333872529969672  0.28394369732110120
  0.29447295950746899  0.30495662419739183  0.31537149412574955  0.32590433031074639
  0.33639671354682854  0.34690239946815943  0.35732162328057432  0.36784936467568086
  0.37843451911358295  0.38903502765738063  0.39957103360141044  0.41005845783601108
  0.42052361109590425  0.43102477749571472  0.44153961300117550  0.45212135048410246
  0.46271582760257057  0.47336620931354467  0.48404515980737306  0.49475069465853766
  0.50533553036192036  0.51587585099299360  0.52637032281262763  0.53689413633490257
  0.54744433732270836  0.55800633113274412  0.56849698297843154  0.57893399392604461
  0.58935309347713360  0.59980890421119037  0.61029539423889956  0.62076214037380950
  0.63127477525527809  0.64182737236309617  0.65237526289770253  0.66284117481047755
  0.67331965059577681  0.68379635072772416  0.69439490078557276  0.70501807276709216
  0.71572183556347135  0.72642474564131354  0.73704024056937678  0.74759688270213387
  0.75806571402810408  0.76851093148914917  0.77897454658989962  0.78945920098794364
  0.79993263853408425  0.81045068648511398  0.82098878471942582  0.83143100145269611
  0.84188790898558907  0.85230524234572091  0.86285743673198156  0.87341342105887398
  0.88402463788186370  0.89464461758494729  0.90515111622792899  0.91572676390506302
  0.92624186484516857  0.93681825433172683  0.94724693857293751  0.95777663442793581
  0.96829009730438442  0.97881405932571242  0.98937119440385179  1.00000000000000000
 -0.00241483492735881  0.00934967385816650  0.01950993155196585  0.02995098005502267
  0.04052820102836095  0.05100517053465189  0.06154370741156829  0.07208515580768021
  0.08272016070177551  0.09343935091555393  0.10425742790796341  0.11493394704983391
  0.12562329845855674  0.13620456383678647  0.14678171808775869  0.15737931160965632
  0.16797286895990354  0.17863137330121873  0.18928886028708908  0.19999100594175456
  0.21074801512843899  0.22138127847892380  0.23206361283856811  0.24274882157822950
  0.25339956577726808  0.26396482272386146  0.27449922666704313  0.28507741855133112
  0.29563361090101464  0.30617705714821841  0.31659116241359736  0.32696082003966948
  0.33726944897248090  0.34766703465411369  0.35813373494424139  0.36862497514487602
  0.37917595399324494  0.38970049087992886  0.40026886004306289  0.41082860638430535
  0.42134146415368112  0.43189548145789658  0.44243801756819495  0.45308390170316670
  0.46365105314276489  0.47424047615575399  0.48477431747713490  0.49525489639580905
  0.50564721811588842  0.51600995899891966  0.52644574950274559  0.53690547577918135
  0.54735226148077865  0.55775905446015683  0.56811457923135900  0.57847485130251231
  0.58887173967967810  0.59937370624116404  0.60989589344271966  0.62045326295607028
  0.63096787047450253  0.64156193248963156  0.65209969073669816  0.66266264657907081
  0.67319656689541729  0.68370563227903036  0.69426898462834397  0.70480771337357473
  0.71537660247465851  0.72585867745397115  0.73639196631771109  0.74697009314241958
  0.75761968374240474  0.76823011971552557  0.77878475193067487  0.78932259864183629
  0.79983332093241888  0.81029439713070517  0.82073737455300078  0.83110464572744336
  0.84162073211412025  0.85212825447581586  0.86277781873439874  0.87334588618008013
  0.88392508406096304  0.89448283459996680  0.90499555149769262  0.91550166424847212
  0.92597618835033779  0.93644802373304037  0.94690590998890378  0.95744156263386349
  0.96802865767857138  0.97873004486943060  0.98933261004203832  1.00000000000000000
 -0.00241041158984584  0.00936880903650120  0.01954573657631874  0.02996634583041241
  0.04049134682683221  0.05093120924874930  0.06146421534112468  0.07187371934723247
  0.08232287674941438  0.09285989707872030  0.10346734424310340  0.11401144822705993
  0.12456759506734921  0.13517766931709499  0.14585915844013148  0.15643228535142678
  0.16694138537628833  0.17743450937496968  0.18791803041864888  0.19842843179340069
  0.20889196804401930  0.21944561762010095  0.22987958798170338  0.24042260381588243
  0.25084622851957161  0.26137046211893722  0.27193075376268316  0.28255370489570081
  0.29310182821811748  0.30358441587999274  0.31403539121655349  0.32453040511870840
  0.33494335798144959  0.34539141833733328  0.35590913629995369  0.36649463992462755
  0.37710443402728244  0.38772167057836410  0.39834149936524405  0.40890374210406494
  0.41940177842627091  0.42988891666369333  0.44049315282849971  0.45106867872366624
  0.46168313792714893  0.47216295385397289  0.48273515403445810  0.49323608844582995
  0.50378677813342831  0.51432037296873290  0.52489289771519243  0.53545999551556767
  0.54598399567019595  0.55651847707129598  0.56705097235371837  0.57756054038224747
  0.58805944208644256  0.59859843219237141  0.60912699595782938  0.61961849503700006
  0.63011923890819477  0.64060910453767572  0.65111517382337303  0.66158781615476592
  0.67212950216016409  0.68265928458869740  0.69319363679503276  0.70373553860848215
  0.71437880649144092  0.72502707464880845  0.73563041037487686  0.74623364479747667
  0.75681247799803053  0.76743152880109355  0.77802635629613648  0.78850757687823392
  0.79901028152607245  0.80947637646755366  0.82009889981850326  0.83073347837683020
  0.84131113669593782  0.85192282987270362  0.86246409232240029  0.87305388453627741
  0.88376957308680149  0.89438911392742226  0.90498626891709166  0.91539036645569849
  0.92592841966198702  0.93654838872980073  0.94715944267849150  0.95772967865400616
  0.96831550720798698  0.97891659306952639  0.98946674542231028  1.00000000000000000
 -0.00242117359413683  0.00961563238667792  0.01976427451140958  0.03030501631502124
  0.04070657383922388  0.05110527257611238  0.06145072392896519  0.07193940145299391
  0.08239442836234598  0.09303069787885430  0.10359410437539658  0.11422677745311420
  0.12481794535228163  0.13541055415952893  0.14597124257291783  0.15646631170364789
  0.16695957265988345  0.17744560426965400  0.18793942705510630  0.19847931965540602
  0.20906604580231403  0.21965018707030790  0.23018533977669087  0.24064655996957326
  0.25114250273355454  0.26167830888119048  0.27225881921306744  0.28276191961525143
  0.29328454555432926  0.30382539479938331  0.31442597510462267  0.32505791126124800
  0.33573498178378314  0.34641420899519770  0.35700077080150161  0.36752407560179756
  0.37803662861877502  0.38856500957834972  0.39908008191792682  0.40960106548583447
  0.42009905892526650  0.43064961849426447  0.44120109213718739  0.45172418641303025
  0.46216824786963939  0.47251366388746091  0.48300448335594320  0.49344329853216901
  0.50394616457956642  0.51438518760609409  0.52488583090471663  0.53548292096845773
  0.54607406344427067  0.55666599266605454  0.56715831329573640  0.57766111507570872
  0.58823803857778068  0.59879058823539788  0.60929310740701104  0.61971012431008032
  0.63020743198907136  0.64071809963785986  0.65129246934221185  0.66195913105941639
  0.67265020735356307  0.68331195016062973  0.69389094045756872  0.70448305495921992
  0.71501769490274925  0.72550984267095875  0.73597937657174528  0.74652858154753288
  0.75710949684653994  0.76770700652353452  0.77833041230012845  0.78894199507284879
  0.79956042499949620  0.81007413506679926  0.82048040983500503  0.83093281526028451
  0.84147415756421573  0.85204160754387281  0.86258148214971075  0.87314593818828634
  0.88377796750155724  0.89441864365759693  0.90492780078599988  0.91550330992184403
  0.92596088387936470  0.93656080344084658  0.94706608511817891  0.95762508567555871
  0.96812541445654576  0.97871540757783926  0.98934914804623053  1.00000000000000000
   4.9137116409477170E-008  -1.0000000000000000     
 T T F F F F T T
