 -0.00154961867991922  0.00550780147687389  0.01237964206479666  0.01914061428393691
  0.02624893737481966  0.03373957414790728  0.04155247245982438  0.04966102017703488
  0.05802020348054630  0.06657514175361089  0.07527954610007585  0.08408420479063990
  0.09298658291801241  0.10201134993778754  0.11118462226591599  0.12049083918332085
  0.12988068515677939  0.13935965524692079  0.14892002781750102  0.15854401495206061
  0.16820527261934243  0.17787094125741801  0.18758564377368880  0.19732746618729030
  0.20708389327005586  0.21689202605228455  0.22677279336006478  0.23673090587223936
  0.24670574131819600  0.25666951393049331  0.26664051929266430  0.27665411400328277
  0.28672643252831465  0.29684137727775783  0.30698278406856555  0.31713634400873197
  0.32733331299104812  0.33758063827803453  0.34787604466183492  0.35820956364992051
  0.36854164198487138  0.37892815098643234  0.38929366380955827  0.39965036991869118
  0.41000949122881714  0.42043403416785702  0.43091554653567471  0.44138712092423243
  0.45186742472318520  0.46235910585930895  0.47289250751781864  0.48346005795162350
  0.49407490791373254  0.50470400614428079  0.51534673470202030  0.52600254559959780
  0.53664794771326318  0.54727243367298728  0.55788030899117003  0.56853806087850367
  0.57921420200986828  0.58989046429891179  0.60056318128986319  0.61127256871736968
  0.62204071838450692  0.63282417727270657  0.64356769161219840  0.65430174191588131
  0.66506090343094781  0.67587087949944169  0.68669011029900373  0.69751887283055136
  0.70844277459398020  0.71948153963769368  0.73058421450952382  0.74166570081956196
  0.75274847512221355  0.76389787118355412  0.77505050335241299  0.78620832134469154
  0.79742332956860384  0.80874206732584886  0.82012910134381167  0.83157603085640630
  0.84313814759978623  0.85480082801772117  0.86656741955387107  0.87843960425679091
  0.89045676656648221  0.90268866853064378  0.91519214683907979  0.92812834526653221
  0.94172022780039943  0.95649119253168335  0.97509423561313124  1.00000000000000000
 -0.00232843318957644  0.00942587585273724  0.01950636314898651  0.03002477542993784
  0.04054538963912991  0.05108243607613658  0.06166983791127752  0.07230077945293074
  0.08291349294261359  0.09348912163046279  0.10407638232396482  0.11466139156768289
  0.12527179983184106  0.13598417911424054  0.14666596579562258  0.15732957448167284
  0.16786685635454981  0.17845411441061046  0.18901404837207550  0.19964641139087186
  0.21026505361083936  0.22089506383660690  0.23146649142831910  0.24198169109206011
  0.25254267977122197  0.26313636844946336  0.27366556171239476  0.28422487364888704
  0.29475947303834971  0.30540598743137637  0.31588029542608376  0.32640519290888120
  0.33688046537120758  0.34739253389705471  0.35782022379854628  0.36826936512972708
  0.37879327531961077  0.38938369205555673  0.39994144730952175  0.41052314511698079
  0.42114896323745782  0.43188807495321457  0.44251308946100210  0.45308093347554940
  0.46363625267317871  0.47422545423031187  0.48473644056107096  0.49518004955310146
  0.50567513382113238  0.51621707222346658  0.52666900160863495  0.53715761495183845
  0.54768845569570423  0.55825960589702439  0.56876474944497146  0.57922654941564522
  0.58963199269560695  0.60006752660843099  0.61059444221874326  0.62122418665478951
  0.63183479623465855  0.64237330654369351  0.65288067113784731  0.66336985937724080
  0.67388856946552744  0.68448033779880602  0.69506595208619371  0.70571485484495977
  0.71627006590636355  0.72693718249543593  0.73749900479655206  0.74805094249117321
  0.75858596672492418  0.76908344900588210  0.77967523342303457  0.79024106752583145
  0.80076401847505763  0.81132168643832703  0.82176548686355799  0.83237430881857699
  0.84286545526746770  0.85337024705739328  0.86379709060327492  0.87421747991210175
  0.88456971632107584  0.89490512841563663  0.90535380568250368  0.91586443047356425
  0.92630256522263754  0.93672659421218152  0.94726768258472338  0.95797476886035682
  0.96851497875925630  0.97899114271636811  0.98946711505245943  1.00000000000000000
 -0.00233131002948709  0.00943670742978562  0.01938735387506372  0.02983536983719804
  0.04029582449603286  0.05092959864083555  0.06159936789616503  0.07223531226927138
  0.08284192532059902  0.09337879688962129  0.10399388155534246  0.11453089337150216
  0.12513252900885410  0.13567974372337580  0.14642301180861658  0.15706588513774339
  0.16768986174129502  0.17822209619826102  0.18875821720661023  0.19924638657932664
  0.20968102482236708  0.22013360367855292  0.23054293037983509  0.24099577915253276
  0.25153955001831779  0.26210471524608253  0.27257718100227557  0.28300717666271885
  0.29345248325417944  0.30390027064156000  0.31437369684784755  0.32500821511719408
  0.33568502001756689  0.34639163677112550  0.35697688651965032  0.36755874244429543
  0.37799802737966093  0.38838107671060518  0.39888144465992936  0.40947866865777233
  0.42010479476016976  0.43064679637664044  0.44116298856638714  0.45175878449593360
  0.46236201292501727  0.47302533404049329  0.48365788835358814  0.49435518090743302
  0.50495106787762378  0.51552068438300902  0.52607030950882760  0.53660358998897084
  0.54720867466910394  0.55763290526942166  0.56807207233403822  0.57853661659514155
  0.58916735345060900  0.59981285957495556  0.61040762277323535  0.62105765480821951
  0.63169800409535659  0.64224202547620957  0.65278253644511752  0.66332038902376633
  0.67381036760653246  0.68421241297816382  0.69465902392441159  0.70515503984544758
  0.71557094041009350  0.72595047941146740  0.73646711939443943  0.74708811257050289
  0.75778181021112379  0.76841330491776838  0.77902211401988297  0.78954036928651683
  0.79998843015491128  0.81054712465749934  0.82106156197428748  0.83162275736714619
  0.84207616466818769  0.85245621355739909  0.86293368387896685  0.87338257561620058
  0.88396843645269807  0.89450561714601673  0.90505283804788439  0.91552794432511597
  0.92612285016573892  0.93657107834036601  0.94718915722546038  0.95764772263214226
  0.96822531151134072  0.97881396719282543  0.98940164224601768  1.00000000000000000
 -0.00222430654264157  0.00921331567428638  0.01920714220458926  0.02963526380036301
  0.04017019992754220  0.05060850712536921  0.06115070255326205  0.07163665635829206
  0.08210762091348404  0.09252276092982528  0.10293985811789572  0.11347717201278290
  0.12408326384580536  0.13466714119197681  0.14528519315162244  0.15575125614520682
  0.16628631849505141  0.17675434127663775  0.18731390036524306  0.19782094520346077
  0.20838249376350407  0.21887875218613576  0.22936774028811696  0.23992725966773035
  0.25048583411931535  0.26100975044539199  0.27152151477637892  0.28217043842620143
  0.29287533842493918  0.30343948344985361  0.31389909791251308  0.32428661022476329
  0.33473049857935100  0.34536717550010965  0.35603729547713231  0.36665563706471693
  0.37725588192162268  0.38792991742474314  0.39861902051924114  0.40924439283007280
  0.41979866320822773  0.43035759367403842  0.44090632847331984  0.45138761555489670
  0.46192455929927129  0.47243486345457397  0.48305603201267772  0.49367369251343446
  0.50437227521368688  0.51502178334709492  0.52564651076586000  0.53617016765865400
  0.54671932350151009  0.55727635873903580  0.56791758281113369  0.57861792370372578
  0.58927836743377804  0.59985031709147618  0.61036418833992023  0.62083736250792465
  0.63145326992803885  0.64194940314456150  0.65246841721710258  0.66289310549211400
  0.67341005798824416  0.68391959801479074  0.69444827929970587  0.70499221373864396
  0.71556999422604584  0.72621815412034363  0.73672794248027085  0.74726596579550142
  0.75770981571526075  0.76825670901482535  0.77870775367098877  0.78921662195300635
  0.79967923888792558  0.81021624286733573  0.82075313491803426  0.83137774837678324
  0.84197703175593219  0.85250665298809503  0.86315415631367742  0.87380289749001916
  0.88433925203823616  0.89478145886240701  0.90528313792561144  0.91582978276162519
  0.92628232316036874  0.93674996499755780  0.94730723468933697  0.95801567217351946
  0.96856202908918199  0.97911170571568351  0.98954552917006144  1.00000000000000000
 -0.00236044000157424  0.00943542890879828  0.01938134582473462  0.02987813557405041
  0.04031055024326770  0.05102647535232322  0.06171786579439929  0.07243253812394450
  0.08297673641085467  0.09346379709041863  0.10390714124979532  0.11440172857463117
  0.12491291223841224  0.13560517080358048  0.14620817047836307  0.15682723517276406
  0.16734181026183534  0.17794085950166169  0.18847334167930554  0.19899829074390912
  0.20957398296556318  0.22007131605663302  0.23057089256850280  0.24105730503825210
  0.25162217380974478  0.26218279557592927  0.27268674694702788  0.28321161665975064
  0.29382304156362732  0.30438829858884792  0.31502118384632311  0.32557959464979935
  0.33620937014942515  0.34679832201378563  0.35737781912807048  0.36793698800890973
  0.37842840904731401  0.38889162926949272  0.39943321556723782  0.41011346300115908
  0.42076920929263523  0.43133766356831266  0.44188377429295173  0.45250647318585324
  0.46310753911248398  0.47364514868533902  0.48414570930327933  0.49469531740122330
  0.50530166798329479  0.51595848111374798  0.52666829588063135  0.53727771554426729
  0.54786562073440592  0.55839429538069851  0.56893702679743341  0.57938480246406332
  0.58981361128333731  0.60020717070287111  0.61069360035368569  0.62118272775211092
  0.63177789010757435  0.64239316068008634  0.65300641193817821  0.66356690651534112
  0.67408420696149396  0.68457619558202298  0.69503672320795895  0.70540546193177944
  0.71581093540060181  0.72624825744988974  0.73672045555674082  0.74716248297280363
  0.75758222032709555  0.76800789084223797  0.77849888156814451  0.78898696425887593
  0.79955581595034830  0.81013185283429845  0.82063242152659988  0.83111162075140732
  0.84151034112107959  0.85201369816369210  0.86251949486484203  0.87308270856625358
  0.88360575338417113  0.89412932163869496  0.90468912990114558  0.91535254489933870
  0.92596528180810866  0.93657109434475527  0.94712042392953211  0.95772907502664339
  0.96829838549467551  0.97888933819563029  0.98945305314537157  1.00000000000000000
   9.1618172648238993E-007  -1.0000000000000000     
 T T F F F F T T
