  0.00000000006174325  0.00000000008899219  0.00000000011800713  0.00000000015251788
  0.00000000019465645  0.00000000024661781  0.00000000031123375  0.00000000039157494
  0.00000000049189393  0.00000000061744662  0.00000000077500153  0.00000000097291386
  0.00000000122425522  0.00000000153876055  0.00000000193489746  0.00000000243175265
  0.00000000304841516  0.00000000382378608  0.00000000478038771  0.00000000600099749
  0.00000000755043332  0.00000000949257494  0.00000001193226279  0.00000001499301413
  0.00000001884082596  0.00000002364824645  0.00000002968804470  0.00000003730812713
  0.00000004702070173  0.00000005914413999  0.00000007432091530  0.00000009324946075
  0.00000011703109133  0.00000014692698990  0.00000018455606104  0.00000023200012100
  0.00000029153828347  0.00000036618908088  0.00000045982841099  0.00000057695227715
  0.00000072359839476  0.00000090648042501  0.00000113402031436  0.00000142222119743
  0.00000178736335362  0.00000224767682311  0.00000282716653610  0.00000355487196100
  0.00000446900783978  0.00000562069775431  0.00000705065519192  0.00000884849397661
  0.00001111935303185  0.00001396878823750  0.00001753672345252  0.00002200635588487
  0.00002762938651258  0.00003470565514003  0.00004359795056413  0.00005480021799250
  0.00006890925263518  0.00008673899799659  0.00010918758123439  0.00013736092500139
  0.00017261058458374  0.00021659893338573  0.00027183983914369  0.00034203961349611
  0.00043050749926514  0.00054112027920356  0.00067931824066733  0.00085270251510870
  0.00107083461382443  0.00134583502595885  0.00169338876946069  0.00213184194240917
  0.00268425898269427  0.00337999497878401  0.00425633620850696  0.00536101379373419
  0.00675479942660640  0.00852015132734280  0.01077454159445362  0.01366161489265589
  0.01735286346443682  0.02208729127172208  0.02821131025459260  0.03620494868709567
  0.04672302814438636  0.06067592260416006  0.07952719820057438  0.10609530814385840
  0.14598266030074755  0.21261762564977019  0.36865342006965812  1.00000000000000000
 -0.00230738323373444  0.00927833493207898  0.01938361388298111  0.02989636847543974
  0.04047173682017656  0.05108550196765519  0.06170949373308258  0.07235761298406683
  0.08294249595413652  0.09349330543109839  0.10406638049576303  0.11469202150548062
  0.12536532485807950  0.13596047043140730  0.14650147082011933  0.15699631163776853
  0.16747774631376686  0.17792102076748373  0.18836965883578494  0.19884161252235485
  0.20939998069220450  0.21985932849741344  0.23043097544623770  0.24103004018733626
  0.25166720262817205  0.26228898533196454  0.27288305145797254  0.28347573622460742
  0.29404241271810522  0.30457904029199734  0.31511207453497370  0.32563598141438160
  0.33611785775148417  0.34662627742655838  0.35709682528717057  0.36749602777142754
  0.37794995164627665  0.38840987693240103  0.39890914869992766  0.40936940265138777
  0.41979833893774748  0.43027151162236782  0.44077418644455962  0.45134256588032579
  0.46183304747236253  0.47234274025609557  0.48284364639410526  0.49342729547360686
  0.50405532451284774  0.51467588693800792  0.52530995821843596  0.53590162777712691
  0.54650648930053536  0.55716065552837868  0.56778335367797417  0.57840701220990154
  0.58890762093701465  0.59942394258914122  0.60994949313472979  0.62056126865011418
  0.63117190745918683  0.64176645304234725  0.65227357038003031  0.66284533058840212
  0.67338546609680594  0.68408188886148102  0.69471065154744360  0.70525376801223527
  0.71569254824422746  0.72609781919848149  0.73656738212065398  0.74714816057650446
  0.75775690214585290  0.76842606871919994  0.77903470174104383  0.78964552894340667
  0.80021936602017329  0.81076724690307933  0.82128082035877426  0.83170546156329317
  0.84218525063024208  0.85268391334342719  0.86329477848172531  0.87379587740053022
  0.88427567636967286  0.89476844436372993  0.90532400925118817  0.91594088781860328
  0.92649124721821741  0.93693522667611273  0.94732374350231330  0.95775833280697886
  0.96836484308492854  0.97891936284203607  0.98949230431087554  1.00000000000000000
 -0.00241792199790846  0.00948039233598198  0.01956962470656655  0.03017534996516079
  0.04074501367691168  0.05133487927494083  0.06178971467449216  0.07236994183321620
  0.08311325315820596  0.09368874330597188  0.10418583219085087  0.11453995868661943
  0.12499987047416201  0.13549884503408377  0.14600611661512417  0.15659986957220842
  0.16722470716921170  0.17785261544571929  0.18847378182647798  0.19901999555092217
  0.20955504163113903  0.22007735832898753  0.23068850402245125  0.24120758778375326
  0.25174863203001641  0.26222092965233157  0.27269852079222862  0.28320096804639372
  0.29373057110038020  0.30425252607601411  0.31473136501323434  0.32507612187450274
  0.33553638342918302  0.34601457477320380  0.35652562160802165  0.36700927873928146
  0.37752757350404381  0.38806339372778070  0.39859793703996610  0.40916201712896749
  0.41966164049875032  0.43013691650819286  0.44068486176553745  0.45132643636525227
  0.46193570546448570  0.47248186845939588  0.48305089687658664  0.49356274680299617
  0.50409167135977651  0.51467547303316519  0.52523176189153975  0.53572606689034652
  0.54614813416453090  0.55667685626763341  0.56718150639460219  0.57771832270001344
  0.58823972201142083  0.59875184768056688  0.60925334237325535  0.61977421872714844
  0.63041823880312797  0.64105100957430405  0.65163036979080746  0.66205959450859309
  0.67256206347513947  0.68313728919028716  0.69375138321636054  0.70426011508234376
  0.71478399607015863  0.72533153027309660  0.73591720837387942  0.74646052456570089
  0.75715982129966397  0.76773195562867991  0.77833882731411597  0.78889337542781857
  0.79952732461454423  0.81000923068406694  0.82051977109592533  0.83110217075853510
  0.84171327503939553  0.85227619285156275  0.86284632390295302  0.87347545208994637
  0.88411765034929424  0.89466968060798335  0.90520587090243199  0.91564442552548908
  0.92621306335968800  0.93683587519899458  0.94739714626893212  0.95790971809647030
  0.96844696318025991  0.97895227083361736  0.98947919449262267  1.00000000000000000
 -0.00231828759459748  0.00924376759173925  0.01920899911138332  0.02964922912427448
  0.04026206971112536  0.05086900801642355  0.06157980130284754  0.07216544242949170
  0.08274406270773815  0.09325513185519985  0.10378271861143511  0.11440358223813871
  0.12490173742044994  0.13534701706295199  0.14585091694122609  0.15642278893108305
  0.16695671034866716  0.17742540026104939  0.18791525567920339  0.19851380896884036
  0.20919310849201686  0.21980531185811591  0.23047118966122018  0.24107377751542339
  0.25162528289135161  0.26211360663186378  0.27264179418445239  0.28319603419397449
  0.29383953766298332  0.30447144648896696  0.31514240536758376  0.32569832617408895
  0.33628274599005775  0.34689561007705366  0.35752913981551554  0.36808137839431548
  0.37864947964578938  0.38920114200862643  0.39977190124515638  0.41035454897166523
  0.42095447790294060  0.43157769698667381  0.44214381581213202  0.45265678435234086
  0.46317334773075586  0.47366502126541399  0.48414383467886474  0.49455729483090194
  0.50500226374628288  0.51546900960166664  0.52600392588508260  0.53657339524128567
  0.54719505610015817  0.55775816533911926  0.56826388943810102  0.57874624748027681
  0.58928365196113264  0.59987256267621381  0.61044157068199723  0.62099926894225810
  0.63153142476686408  0.64204996370485812  0.65251475864434672  0.66295743111047278
  0.67347509090983415  0.68410132355485564  0.69467809184074936  0.70525809014217467
  0.71575002408828825  0.72631967348164805  0.73681163357686785  0.74733551641701146
  0.75777978526612122  0.76818212874110225  0.77862679298026038  0.78910242104472772
  0.79966150398255031  0.81012550415881990  0.82063061456770114  0.83111571169114518
  0.84170987855930679  0.85236015156794642  0.86299306044735036  0.87359398173085823
  0.88409637631634863  0.89467109720247873  0.90525038362694632  0.91585479207828580
  0.92630651361890215  0.93675989414849814  0.94723988803819681  0.95777607877451965
  0.96826193224382173  0.97879439302684246  0.98933744192957396  1.00000000000000000
 -0.00237820467434913  0.00926922432785730  0.01920347232880199  0.02961327131193474
  0.04001967710599134  0.05045351805374615  0.06090823309587691  0.07149316330806510
  0.08201185945429720  0.09254470381518440  0.10307720406727730  0.11365337825612619
  0.12418335238778636  0.13466977565135554  0.14520579845810527  0.15576737849783717
  0.16634495001748900  0.17697395394592316  0.18764749349054161  0.19835075276145969
  0.20896958046292277  0.21960739919153274  0.23019795486359212  0.24087741524530637
  0.25150551487403100  0.26222297142348949  0.27294192133298700  0.28361869291799546
  0.29417282143715118  0.30459522227593055  0.31502216295043539  0.32548058123590745
  0.33602400147439043  0.34660265359130477  0.35717313658636951  0.36774369127755918
  0.37826704796370186  0.38879537169760592  0.39925979295090219  0.40981314201599400
  0.42032483068548759  0.43097260604999449  0.44150652141116808  0.45212545855269648
  0.46277919980275478  0.47339737243493080  0.48397939525573602  0.49448379092615979
  0.50501947872178554  0.51556411870494034  0.52607568688270434  0.53660294425313038
  0.54710043779690543  0.55763737362036236  0.56814850716537435  0.57872219378530498
  0.58920965656631730  0.59971902278850642  0.61025565004312177  0.62084226660768183
  0.63138573529339848  0.64186376753710150  0.65242442688353930  0.66305734340516342
  0.67363168558214626  0.68415604397989682  0.69466554147011128  0.70512628827356316
  0.71564960801230715  0.72612188506248454  0.73662615514519014  0.74711213916073216
  0.75765004594320517  0.76816699335223171  0.77865325709247191  0.78919028964524374
  0.79991355441758016  0.81052000440580785  0.82111565693408106  0.83162089486711088
  0.84214482186936035  0.85265958298082867  0.86317196591071410  0.87385241782991485
  0.88445018238200834  0.89510928310632187  0.90559662399801355  0.91613517440775183
  0.92666415056272489  0.93714533392162258  0.94762496362139181  0.95800294084635673
  0.96842262462796491  0.97885238823666010  0.98935783480587935  1.00000000000000000
   1.0889248747775047E-005  -1.0000000000000000     
 T T F T T F T T
