 -0.00156352571869871  0.00624212400777370  0.01361127464480495  0.02090751728443999
  0.02848635775021125  0.03636094194830667  0.04450596982570633  0.05293458484831925
  0.06153405963061750  0.07037969708963135  0.07947256176935327  0.08868419216358241
  0.09801034257144195  0.10739690946865943  0.11690626675110943  0.12649601449021589
  0.13610586729972687  0.14564735594754766  0.15522937098305342  0.16485849589254239
  0.17451345281292338  0.18413161097588324  0.19375659793584193  0.20349546638459920
  0.21331326900725153  0.22324927757715721  0.23319028725504445  0.24309548203892814
  0.25296069385131048  0.26279705964601285  0.27269336543418848  0.28264060572515698
  0.29257538119581822  0.30267575897186427  0.31289603982640579  0.32318976782001518
  0.33345312450289305  0.34366116119176171  0.35393035883575702  0.36434082299902792
  0.37475488265351997  0.38518945973595747  0.39556633433850519  0.40602833663564153
  0.41650266147985371  0.42702748174174737  0.43753748137524406  0.44802336731239251
  0.45851628179236187  0.46903094123168382  0.47956673534490690  0.48996539449866944
  0.50032945710547772  0.51077224623379835  0.52131365785837414  0.53191697199112586
  0.54243631255835778  0.55293054426674637  0.56345552877885097  0.57410064761323165
  0.58477974328616344  0.59542991442173399  0.60605323347523377  0.61666410933406679
  0.62728423224888807  0.63794105798108858  0.64861619026854578  0.65937936329786251
  0.67017745563741415  0.68108135042290974  0.69192556202939715  0.70279784931845402
  0.71372876133506014  0.72476070304321405  0.73583925079542845  0.74691397420491623
  0.75803836982892003  0.76912744499182173  0.78023335820764450  0.79132727581803242
  0.80246519179302045  0.81369339693977349  0.82508041043391489  0.83654351917424052
  0.84801178232111751  0.85950909328606917  0.87114263611838150  0.88292265582463636
  0.89495543523284826  0.90719585806737335  0.91960543455708066  0.93225775556367474
  0.94550713815580389  0.96000474912064482  0.97769083557546732  1.00000000000000000
 -0.00268537635527026  0.00971926884250384  0.02011049401030224  0.03055517988031332
  0.04124657437377156  0.05196898594343313  0.06266752807367572  0.07309110769290611
  0.08341962210271772  0.09401290320933411  0.10463276922339246  0.11517171608723313
  0.12564022596079361  0.13613476240557185  0.14678911891440749  0.15735865861642973
  0.16802372528849016  0.17864623468362278  0.18929380237265384  0.19981549478492194
  0.21026779404234694  0.22068514380280183  0.23108521116690420  0.24145653118916172
  0.25178225077620453  0.26213401908010714  0.27247778429802377  0.28280484748784057
  0.29329191560417217  0.30395323139663338  0.31462498829695107  0.32537120896275173
  0.33619723574812010  0.34707350333774517  0.35760376757507534  0.36800961393455206
  0.37831989491732421  0.38875451512917275  0.39911829999754939  0.40951615475851066
  0.42000838967231341  0.43063471312376866  0.44125840417410306  0.45178591379485283
  0.46229078826803749  0.47283445135022262  0.48337945339508598  0.49388480972962601
  0.50434785515542790  0.51482125635133424  0.52538720353882173  0.53604684106437051
  0.54672824933355268  0.55743106148014676  0.56796618619507533  0.57858809963485214
  0.58915062913262906  0.59987552093828667  0.61045958223333907  0.62098076379831124
  0.63144211011976148  0.64179977212577344  0.65219715431162162  0.66267674253385878
  0.67331647930163363  0.68404349797618236  0.69462323280702387  0.70512293166787665
  0.71544327534829755  0.72563618201423141  0.73582337261766473  0.74621089943866881
  0.75681309401197605  0.76754540971831198  0.77817987434512903  0.78888831319921338
  0.79959774223794655  0.81023835360019170  0.82072032176119836  0.83123343837318375
  0.84170038761022903  0.85218479222040910  0.86269485255370193  0.87317571201313060
  0.88374190313913703  0.89411027729830406  0.90460970177027800  0.91517085243934593
  0.92575410018319293  0.93627464455517750  0.94702562300650850  0.95778085442634531
  0.96847836736936277  0.97900675250574865  0.98952731572551700  1.00000000000000000
 -0.00256044148496860  0.00975068945269812  0.01996791969376010  0.03042440225554371
  0.04088245035553287  0.05134714383782067  0.06170403536535669  0.07197830238573184
  0.08227386838056748  0.09259155138728443  0.10315454156350637  0.11381865873570438
  0.12449275446710517  0.13497225150916892  0.14546335857442161  0.15591575510419942
  0.16634163098100899  0.17683451372432113  0.18734358611244556  0.19781833750330369
  0.20829312893048363  0.21891752794803454  0.22958080067716255  0.24018625693368528
  0.25078964503214063  0.26144056495875811  0.27212290926029736  0.28287664456328571
  0.29362471226557313  0.30440156140791402  0.31513501626384027  0.32582506367888708
  0.33646233977280204  0.34701656706211870  0.35759515062268932  0.36809529842353628
  0.37852662608470783  0.38884735041074858  0.39923051408827848  0.40967613303829992
  0.42016487558670479  0.43061656958074379  0.44106941012896822  0.45152732442983129
  0.46208157364983338  0.47270527971020232  0.48331818641362723  0.49383865598460902
  0.50440357392686153  0.51507136546658394  0.52573047394848371  0.53641249015080894
  0.54724063856780070  0.55806646803779436  0.56885656994530343  0.57949800167276477
  0.59015033721834409  0.60065015731064253  0.61112581947741862  0.62162988083036963
  0.63202044004788016  0.64248419412907931  0.65286450720304035  0.66326654892760106
  0.67360763315689265  0.68406717709111997  0.69469518792116847  0.70528712949684624
  0.71571899409984630  0.72609348966538612  0.73660260417302637  0.74720484628588602
  0.75789602527048561  0.76843271269179636  0.77882749212339719  0.78921708651689704
  0.79967408652378358  0.81020878544773967  0.82077921035329859  0.83134272017127908
  0.84186355890831677  0.85249986634962949  0.86298700836814457  0.87371512148569475
  0.88424893862437726  0.89470800263872441  0.90500575426266694  0.91519328269778988
  0.92566119214438281  0.93608786150688406  0.94677389374211418  0.95736589096144620
  0.96793739063730011  0.97852200130847777  0.98923272273191176  1.00000000000000000
 -0.00235281600715179  0.00999122103493109  0.02036655080780793  0.03109094811014776
  0.04170752003690412  0.05207298255351567  0.06242527912638114  0.07271083708249992
  0.08306318259553150  0.09366401511428241  0.10433804556971657  0.11501492473232118
  0.12539350367001320  0.13593308993818676  0.14658007278294921  0.15731889372472591
  0.16806172557189922  0.17869600384841611  0.18928181968135988  0.19962617089679349
  0.20998934796297822  0.22035003049828925  0.23081732131435423  0.24123202535860669
  0.25177371184923225  0.26241096499856725  0.27310964174670693  0.28365197994358904
  0.29416224607195762  0.30464387872443621  0.31506246621051659  0.32543955577456302
  0.33592731976805168  0.34661463280872634  0.35710625034384658  0.36755593179477541
  0.37782219402912409  0.38823331733605915  0.39858031053907728  0.40901629413091284
  0.41939285816778488  0.42970061210772492  0.44003131971220827  0.45038706486869851
  0.46077271624943539  0.47115387289527977  0.48159313492256406  0.49211125305561260
  0.50259549296821249  0.51313705210202032  0.52367276479389113  0.53416134820547889
  0.54469704972740030  0.55528399231716541  0.56601114172213962  0.57660140848932517
  0.58713381052685387  0.59779129944994014  0.60853661594251618  0.61936891125948801
  0.63004493906448100  0.64059758019201107  0.65109912839322615  0.66158268324331726
  0.67211339916005530  0.68264979692035510  0.69325976597641359  0.70391058978564947
  0.71462835069534525  0.72534214274107311  0.73615406982605980  0.74713090114537262
  0.75792423617699689  0.76873329473703866  0.77931473234083182  0.78987161198544353
  0.80033392218436084  0.81079738954633906  0.82135180982508083  0.83183296525702888
  0.84227621547920517  0.85289796979765575  0.86345692147748654  0.87390234030072023
  0.88420621487220397  0.89448961868116705  0.90501942603186691  0.91558322961034599
  0.92612216892357369  0.93651366994285290  0.94700377043002282  0.95747813044360197
  0.96802276116226427  0.97852518251754039  0.98925083825620930  1.00000000000000000
 -0.00247147724059512  0.00948884143215429  0.01949245044091511  0.02994568309661750
  0.04033580643158672  0.05077515655839454  0.06108256541065932  0.07169846607684856
  0.08224413315410350  0.09287134252768403  0.10337798523573427  0.11379164396717090
  0.12408593131065827  0.13449595949844989  0.14493578353321010  0.15559931661369689
  0.16619735562084725  0.17701323517683729  0.18764981398155545  0.19838307210828576
  0.20897785372065847  0.21954605285095666  0.22992853511756017  0.24026378871942319
  0.25068489394339066  0.26125171689254478  0.27190851381703390  0.28256155064687377
  0.29324793058161563  0.30393593496309884  0.31467183525895964  0.32539908263729544
  0.33609522573128003  0.34667370256253277  0.35722875987356323  0.36772246501104305
  0.37819699462983897  0.38851136928028090  0.39879136780904639  0.40914634686574725
  0.41959730479705654  0.43008875476870678  0.44057867251483290  0.45105563588430841
  0.46153617518155710  0.47206112037469394  0.48261947664321125  0.49319160748232971
  0.50370573521283335  0.51426281847592203  0.52491513128696687  0.53563634941483451
  0.54631660061043885  0.55699154276162111  0.56753831999849280  0.57827810102832833
  0.58908676459150744  0.59988997586454107  0.61053745753106470  0.62094353299630900
  0.63134157827123549  0.64172423862365024  0.65213994884886173  0.66259083865030588
  0.67313472654244144  0.68372674499048791  0.69411977361992772  0.70449847784241981
  0.71475204103885881  0.72519436122634706  0.73549672165843372  0.74600464916816356
  0.75665232796402560  0.76740603930487161  0.77826952375506842  0.78920361144084084
  0.80008814081994040  0.81086335228093620  0.82127624641637498  0.83175285907332497
  0.84211113434055973  0.85270504227298716  0.86326108853501204  0.87377924855987155
  0.88419039914829634  0.89475884892920021  0.90557473964390101  0.91636876409010926
  0.92681600937464637  0.93719477982348109  0.94764729256060620  0.95814752225240085
  0.96855534401940724  0.97897792555507468  0.98947817051446496  1.00000000000000000
   2.7018723467094801E-006  -1.0000000000000000     
 T T F F F F T T
