 -0.00157322739042244  0.00567179130898967  0.01245741873519675  0.01912018577192759
  0.02611990525592836  0.03343879526315939  0.04106267417997704  0.04900917971226145
  0.05725174822375964  0.06573534996688730  0.07442538627987227  0.08325204653638088
  0.09222770304808346  0.10135984688379972  0.11062312051413088  0.11994988410323086
  0.12930709927712494  0.13873128469167484  0.14825345936016163  0.15785913345012959
  0.16750751113145423  0.17719598517237908  0.18694679866797417  0.19678711695239590
  0.20670999552531483  0.21667135829650788  0.22661972924447502  0.23654587759564247
  0.24652172810595360  0.25657373201386530  0.26666992043630355  0.27682042374455540
  0.28702630741760843  0.29723726627283847  0.30741553619323625  0.31757914719765362
  0.32778713192158970  0.33804023355055401  0.34829637030132932  0.35856682987150662
  0.36887054485748616  0.37922077004228277  0.38959695009567147  0.39998358538394974
  0.41038567125243269  0.42075938949709873  0.43111572508709400  0.44146940757691933
  0.45184704657950464  0.46224912533450097  0.47265695087045895  0.48307976973207944
  0.49354439291151136  0.50409929300792533  0.51475274753296429  0.52547421637200309
  0.53619917910845272  0.54686616362359020  0.55744626720799695  0.56797806102347415
  0.57855113038171579  0.58919555332319595  0.59989110409566671  0.61060816783900529
  0.62131698009644620  0.63203171427197591  0.64277510952092909  0.65359093940376778
  0.66446551712910606  0.67538371615826365  0.68635366350447979  0.69734050522094759
  0.70833524110930690  0.71934896789461267  0.73042712232285067  0.74155273243050412
  0.75267167888833253  0.76379620679970350  0.77495006207962835  0.78617944027983944
  0.79748082541435616  0.80881169050463986  0.82016072996580580  0.83155944106909685
  0.84305715687220362  0.85467201069866860  0.86642531212221874  0.87834536123305240
  0.89042108384306207  0.90269538116542947  0.91528278897912707  0.92831654737265867
  0.94195265010172002  0.95669623597734965  0.97517255042844309  1.00000000000000000
 -0.00229904888506010  0.00926881810888474  0.01937700847746226  0.02987708663575932
  0.04038697445171927  0.05081467966831429  0.06124451030041982  0.07173948768699070
  0.08230343978212754  0.09292511018637367  0.10357145569814448  0.11421045530330581
  0.12477839704777734  0.13542277887257245  0.14605374244668951  0.15667674253488642
  0.16717710367658462  0.17771307815451584  0.18832191773818199  0.19896277384117056
  0.20952789983585721  0.21999311141730168  0.23053079517108582  0.24120314198810944
  0.25186905014186450  0.26245054560121217  0.27298070406594005  0.28356315409220390
  0.29409029299478617  0.30452744381147401  0.31496476004990154  0.32544408863925639
  0.33600899693131092  0.34656792605873316  0.35705822213816002  0.36753571210458991
  0.37802811843553785  0.38852716700306250  0.39904059410126641  0.40958714616826475
  0.42012625282498661  0.43070766267285143  0.44128085088726093  0.45188889723279418
  0.46249072031567967  0.47318310773641387  0.48380221996412354  0.49431892858196386
  0.50473730197637512  0.51518147454787311  0.52569897496328755  0.53623179434991552
  0.54677359099310374  0.55737735662482868  0.56789402928814492  0.57845605906843234
  0.58888470412802507  0.59941077798646247  0.60992751757952801  0.62048405974264553
  0.63102231728491620  0.64155684515273070  0.65211159161295251  0.66259251438250866
  0.67307428593831409  0.68354784007394098  0.69408089961034347  0.70466622513297372
  0.71522391100449478  0.72566824767195659  0.73614723098575718  0.74668166658326340
  0.75743780013429840  0.76815466024864465  0.77877724297601691  0.78934434704587453
  0.79993439812990552  0.81053784670158346  0.82117867864510252  0.83175273827948693
  0.84231930774167796  0.85280414198096133  0.86324130501139151  0.87374136959961668
  0.88416260360754440  0.89469971438988571  0.90512995753535175  0.91564965976646773
  0.92613081551097032  0.93669473907529754  0.94729718488482839  0.95774703519459914
  0.96826187277784825  0.97875817524790920  0.98937942250296784  1.00000000000000000
 -0.00230534328551127  0.00935889156340444  0.01945309190934244  0.02996768618709974
  0.04041715228182860  0.05088064828333280  0.06128256684440937  0.07178190702820668
  0.08237923189693493  0.09311643808344794  0.10372423067165233  0.11423241557852463
  0.12475585103966631  0.13533693553824355  0.14586061491633873  0.15629663711233080
  0.16669123786445644  0.17724672845315120  0.18784757583948650  0.19840760305351002
  0.20891034628805089  0.21936968013676297  0.22990557259413405  0.24044917997202278
  0.25111364602664521  0.26172786163516054  0.27239305463222380  0.28309607663319009
  0.29379024708275547  0.30447108931015399  0.31508021317266849  0.32570220481230761
  0.33628736763510875  0.34686833421424074  0.35747064791666672  0.36806122349824982
  0.37860929148979527  0.38915564388929286  0.39964660660199680  0.41024311779849065
  0.42084195364704713  0.43150577372229798  0.44204003153456400  0.45255593198014049
  0.46309054178353487  0.47364368182451611  0.48418212780951375  0.49477291739645596
  0.50538691223246879  0.51602450254766763  0.52657111842840654  0.53707176009863511
  0.54754814675185881  0.55812359380113474  0.56864553499805381  0.57928986248501646
  0.58985042586768810  0.60050167149733635  0.61098179552028453  0.62154259945701451
  0.63205538947830475  0.64260474612216856  0.65294501854883547  0.66326093459190461
  0.67355922052979034  0.68397293886460486  0.69446062055761448  0.70500936598190977
  0.71546744297190756  0.72596897608321909  0.73642830202566945  0.74694910129090375
  0.75753998635847386  0.76811387290000499  0.77872141465867162  0.78918960311469899
  0.79967209442094700  0.81017215094112682  0.82075653358521727  0.83135516764126893
  0.84204138570641118  0.85271671025162277  0.86347615391522659  0.87412428289126221
  0.88470713847039495  0.89527985191512349  0.90577656150737262  0.91622911052313127
  0.92666889807883424  0.93710561371277279  0.94755749412123191  0.95804255550575335
  0.96855336940011960  0.97904101667608612  0.98951723289316396  1.00000000000000000
 -0.00243204904500874  0.00964133818179423  0.01989186540686984  0.03050102480723261
  0.04105388053328286  0.05157839384846565  0.06217561398080461  0.07265011803245640
  0.08310840999519706  0.09356289771335938  0.10408228522872359  0.11464061703345296
  0.12512395068617341  0.13565737457901691  0.14616911019722473  0.15670932285503555
  0.16718665972688765  0.17761505032262079  0.18812107150600837  0.19872073615818542
  0.20933426295888591  0.21988742216352128  0.23044439970909503  0.24094211937249324
  0.25140433141694724  0.26189531454330761  0.27236799150130220  0.28294294436651152
  0.29353474124417306  0.30422708880828564  0.31486723087137430  0.32540520299925585
  0.33583203360941538  0.34624190589999515  0.35664021435090065  0.36709942238418347
  0.37759250784538562  0.38815996905518557  0.39875985339409786  0.40940484241545178
  0.41989633610603022  0.43036789573596729  0.44079378114017181  0.45134252796809610
  0.46195910239512966  0.47257596619040726  0.48311502392091915  0.49363809905324452
  0.50410184919807421  0.51468372879469304  0.52516937860279189  0.53574997566270421
  0.54616294559496104  0.55672527557340956  0.56735672783915858  0.57808560113215690
  0.58870419391660589  0.59921324295971679  0.60973862096423326  0.62023775047429930
  0.63084702069438348  0.64148742094381761  0.65212291380186305  0.66273164497540560
  0.67319743704373536  0.68378702367675959  0.69431930614698267  0.70495958656959545
  0.71546426804370955  0.72593766834143969  0.73647616637046220  0.74703757021663630
  0.75768531006705342  0.76825166525946920  0.77871972509942100  0.78919417304479178
  0.79976164040049702  0.81037763499883830  0.82091129082364178  0.83145492492305528
  0.84205952430801312  0.85265519319555771  0.86320113031239110  0.87372254577198782
  0.88433821207746588  0.89489491684861378  0.90547728295489982  0.91601381539453763
  0.92652884677019487  0.93703622946237919  0.94764954189065087  0.95819076806394488
  0.96873997407789558  0.97914748132376284  0.98965893448172848  1.00000000000000000
 -0.00240209267396086  0.00941683320096571  0.01957296534782321  0.03018620158934303
  0.04085798530632428  0.05144969813632565  0.06209382223719027  0.07270610681447799
  0.08334723911151445  0.09387162514074181  0.10440914035843775  0.11489993781472768
  0.12542243465203121  0.13579954789568605  0.14614004367322639  0.15655299908671483
  0.16691649403008360  0.17740966283269527  0.18775879717313040  0.19822678356758275
  0.20876495884545390  0.21924255973717588  0.22971520609666107  0.24015060218188625
  0.25077254084778150  0.26137502203672391  0.27208424386078939  0.28273613465899300
  0.29343806250015064  0.30393426430715603  0.31446375754508987  0.32502286285241605
  0.33557818869586203  0.34611890919094063  0.35664080669584425  0.36725788308954660
  0.37784625496828511  0.38833473051230394  0.39881799285542652  0.40928133880146411
  0.41990108204212440  0.43034357351594443  0.44089006969535188  0.45139495481532538
  0.46189830596812992  0.47246778521022548  0.48308433085563274  0.49379666626973406
  0.50439688201738275  0.51493350524806314  0.52566342882963957  0.53633203727276291
  0.54695380454099252  0.55748542934669876  0.56805187314318706  0.57861154228247991
  0.58915931586935300  0.59970760451765348  0.61029864599398864  0.62083338590700676
  0.63140265697724141  0.64193930735463278  0.65251051657917802  0.66305827602839296
  0.67362016674704628  0.68422713567061078  0.69475347937247012  0.70525658465676888
  0.71574484266196980  0.72622280554477736  0.73676961672883923  0.74722193825009176
  0.75775590477656440  0.76826946136651197  0.77877528764580495  0.78923567408344741
  0.79965151208093432  0.81007791328513434  0.82054120085585103  0.83103703683889585
  0.84151190506462692  0.85205395618370949  0.86260279736217682  0.87310679333376251
  0.88355904719877065  0.89411343090800777  0.90473424584660145  0.91531463237798871
  0.92587918243785561  0.93649921801443714  0.94698110361883636  0.95758157328340132
  0.96812521060477519  0.97885052088330438  0.98936282713709001  1.00000000000000000
   3.6699754798132921E-007  -1.0000000000000000     
 T T F F F F T T
