 -0.00154948063641073  0.00550711824684348  0.01237846106843544  0.01913913080064171
  0.02624720041342587  0.03373762689758480  0.04155034580710181  0.04965874952006703
  0.05801782166038159  0.06657265943269025  0.07527699123976259  0.08408158983586940
  0.09298391640062288  0.10200863407077677  0.11118185630182888  0.12048803250447133
  0.12987783858789861  0.13935677154153772  0.14891712421184342  0.15854110421839510
  0.16820236934658886  0.17786803758511924  0.18758272833110803  0.19732454210732536
  0.20708095795045794  0.21688908019186368  0.22676983228467787  0.23672793873521006
  0.24670278585824168  0.25666657641629376  0.26663759633534179  0.27665119719494563
  0.28672351480635921  0.29683845525857777  0.30697985886978069  0.31713342412152618
  0.32733040320813328  0.33757774811361563  0.34787318106277770  0.35820673823762117
  0.36853885207921205  0.37892540087820087  0.38929095693213889  0.39964769515373622
  0.41000684648479352  0.42043142177165360  0.43091297558976110  0.44138458900476468
  0.45186492419492080  0.46235663263862936  0.47289006001603023  0.48345763802024272
  0.49407252904100407  0.50470167587871195  0.51534444181371009  0.52600028581167402
  0.53664571751867030  0.54727023491176696  0.55787813149816257  0.56853590733692283
  0.57921208860759177  0.58988840104894114  0.60056116546804927  0.61127059274141948
  0.62203877846507960  0.63282227825947934  0.64356583075832063  0.65429991606384919
  0.66505911088485670  0.67586911977080366  0.68668838362119555  0.69751717395828916
  0.70844110767636881  0.71947991210699314  0.73058263827365222  0.74166418238349940
  0.75274700344161716  0.76389644408270685  0.77504913432067191  0.78620701889933753
  0.79742208681707649  0.80874087539575135  0.82012796514639408  0.83157495286017902
  0.84313713003146662  0.85479986898505578  0.86656651846964927  0.87843876420689926
  0.89045599285715471  0.90268796339396618  0.91519151835350165  0.92812780203209577
  0.94171978143381063  0.95649084552673347  0.97509401394805351  1.00000000000000000
 -0.00232842665032042  0.00942586474332150  0.01950632448335782  0.03002471763379845
  0.04054531430857097  0.05108236914293782  0.06166978128234542  0.07230073774119418
  0.08291346814770642  0.09348910078739138  0.10407636576123198  0.11466136743831330
  0.12527178204519565  0.13598417569717017  0.14666598016772392  0.15732959210108344
  0.16786687676930090  0.17845412850897632  0.18901404817039869  0.19964638832572021
  0.21026501973879541  0.22089503138006542  0.23146646047319128  0.24198166587652406
  0.25254265909268708  0.26313636312900340  0.27366555714990287  0.28422488053371570
  0.29475948924241135  0.30540601686707136  0.31588033196341991  0.32640523355587026
  0.33688051268802549  0.34739259069169381  0.35782028324413301  0.36826942840551463
  0.37879333828226253  0.38938376682880460  0.39994153625649165  0.41052325405294493
  0.42114909754996871  0.43188819853493093  0.44251319190135319  0.45308101115917310
  0.46363634119687441  0.47422555550820800  0.48473653930499605  0.49518013996921600
  0.50567522191530889  0.51621715176815763  0.52666907026132270  0.53715766730329850
  0.54768851261106366  0.55825967372290641  0.56876483014109958  0.57922664164075144
  0.58963209720035836  0.60006763600550017  0.61059454987644146  0.62122429890949937
  0.63183490763459671  0.64237341396942227  0.65288075120722466  0.66336992230297120
  0.67388860629674274  0.68448037519753435  0.69506596931201370  0.70571485850341542
  0.71627004967375840  0.72693716033969047  0.73749898344949472  0.74805091215871533
  0.75858593046519085  0.76908341286476833  0.77967520757393605  0.79024105679529344
  0.80076401340116243  0.81132168270300919  0.82176549250586783  0.83237430713440297
  0.84286545793322543  0.85337023713687532  0.86379708120487131  0.87421747135462302
  0.88456970206268060  0.89490510560016490  0.90535377037791387  0.91586438309948026
  0.92630251841764810  0.93672653781962933  0.94726763244557866  0.95797472509678816
  0.96851494018998641  0.97899111479422674  0.98946709777411257  1.00000000000000000
 -0.00233131408618978  0.00943671910839851  0.01938735930615867  0.02983537594652398
  0.04029583341679729  0.05092962442951603  0.06159941333894295  0.07223537684668535
  0.08284201203750929  0.09337889424895421  0.10399399374210221  0.11453101126659655
  0.12513266278183630  0.13567987419065961  0.14642313656236203  0.15706600261895243
  0.16768997162293106  0.17822219797012387  0.18875830739027405  0.19924648464156725
  0.20968113852511658  0.22013373315543164  0.23054304734610714  0.24099587072278933
  0.25153959305112278  0.26210472454984207  0.27257716777478253  0.28300715736010507
  0.29345245860437830  0.30390024269473470  0.31437366636188541  0.32500818438817541
  0.33568497851293083  0.34639158647480317  0.35697681700761674  0.36755865841249591
  0.37799793707832680  0.38838100275740972  0.39888138132138140  0.40947862677837410
  0.42010475943123360  0.43064677467173373  0.44116297865022575  0.45175879635263738
  0.46236205001877750  0.47302538993972232  0.48365795111578963  0.49435525277411402
  0.50495114811212172  0.51552077067042723  0.52607038699882624  0.53660365263802479
  0.54720874102884198  0.55763299168774394  0.56807218839128804  0.57853675051583620
  0.58916749236087806  0.59981300073997013  0.61040775332060748  0.62105777773181392
  0.63169811429507938  0.64224213595776269  0.65278264790952689  0.66332050223462469
  0.67381047414407136  0.68421251218401458  0.69465911950167869  0.70515514577380201
  0.71557104993177001  0.72595058547380042  0.73646719858771315  0.74708817211056011
  0.75778185558177280  0.76841336430006035  0.77902218517762689  0.78954042872384822
  0.79998847554839192  0.81054716045959552  0.82106160087658697  0.83162279401591932
  0.84207620220999690  0.85245626102133987  0.86293374779769594  0.87338263716106601
  0.88396848095728120  0.89450565246865088  0.90505287733252260  0.91552798688899772
  0.92612286360651108  0.93657106344835039  0.94718913787626657  0.95764770894048445
  0.96822529747438346  0.97881394458656434  0.98940162791043562  1.00000000000000000
 -0.00222431013815421  0.00921331815894296  0.01920713668017339  0.02963526505618638
  0.04017019635186869  0.05060849883824375  0.06115069186676642  0.07163665711354517
  0.08210763515286881  0.09252278491485319  0.10293988128464419  0.11347718656834126
  0.12408328075447653  0.13466715769860998  0.14528522360462792  0.15575128658865675
  0.16628635430778932  0.17675437583345308  0.18731393496952559  0.19782098273651366
  0.20838253747045482  0.21887877804058894  0.22936775381210997  0.23992726997119418
  0.25048585457272571  0.26100976706276019  0.27152152224219478  0.28217045402102187
  0.29287537566250449  0.30343954714630766  0.31389919019591167  0.32428671531835718
  0.33473060421172290  0.34536727023528097  0.35603738116085465  0.36665571373772976
  0.37725594390120371  0.38792996332425372  0.39861906386519957  0.40924444292825440
  0.41979873236393073  0.43035766456826408  0.44090637238105490  0.45138761463392052
  0.46192451682991820  0.47243479236896030  0.48305595300968451  0.49367359934718602
  0.50437217849503735  0.51502168177194185  0.52564641143740565  0.53617006741684936
  0.54671923230261454  0.55727627864305829  0.56791752113929395  0.57861785117611553
  0.58927829569207124  0.59985023391010550  0.61036409069953634  0.62083725148188262
  0.63145315691669923  0.64194928860584555  0.65246829475980073  0.66289296701746891
  0.67340992544421763  0.68391946147493177  0.69444814755221929  0.70499209249949202
  0.71556989036213536  0.72621807189128673  0.73672786858648542  0.74726591367040884
  0.75770977391829031  0.76825668288485860  0.77870773103282964  0.78921660240562352
  0.79967921500860240  0.81021621931822430  0.82075311628377190  0.83137774769086703
  0.84197703655156586  0.85250665459137376  0.86315415731707457  0.87380290214833145
  0.88433927026512993  0.89478149306655153  0.90528318899399796  0.91582984649454435
  0.92628236600412028  0.93674998773893681  0.94730724196377114  0.95801567983471214
  0.96856203706580613  0.97911170020602600  0.98954552828602471  1.00000000000000000
 -0.00236044483883064  0.00943544568682719  0.01938137605718308  0.02987816452160780
  0.04031058016727465  0.05102651966368327  0.06171792623165542  0.07243260809282946
  0.08297679643910855  0.09346386058193167  0.10390719284353817  0.11440177460064881
  0.12491295731160984  0.13560522098793990  0.14620820404985185  0.15682726192843921
  0.16734183986831880  0.17794090649116678  0.18847339355670220  0.19899834595439025
  0.20957404633003082  0.22007139205282605  0.23057098410619578  0.24105738604046081
  0.25162224903421837  0.26218286832873405  0.27268681945317025  0.28321168384063955
  0.29382309295426384  0.30438835683235071  0.31502124806189291  0.32557968273435700
  0.33620946388265149  0.34679841340217377  0.35737791216903464  0.36793709935969904
  0.37842854466017223  0.38889177221258642  0.39943337302101661  0.41011363436574716
  0.42076940079312825  0.43133786359697684  0.44188397470641000  0.45250667071160205
  0.46310774290490492  0.47364534909771289  0.48414590968187543  0.49469549801012513
  0.50530184208572071  0.51595864069897968  0.52666845174542309  0.53727787065518950
  0.54786578416493115  0.55839445502792506  0.56893718100974389  0.57938496038950515
  0.58981378142975305  0.60020735717358009  0.61069378485665793  0.62118291773687673
  0.63177808213296827  0.64239336341877473  0.65300662701091750  0.66356712688074093
  0.67408441815352282  0.68457640187921542  0.69503692723508648  0.70540567109837693
  0.71581113733297497  0.72624845982033670  0.73672065444805168  0.74716268119647178
  0.75758241406692994  0.76800809844172102  0.77849908126468115  0.78898715211679726
  0.79955597637593945  0.81013200070625713  0.82063255492321818  0.83111175645416457
  0.84151047052033534  0.85201381927262232  0.86251960525786164  0.87308281289830103
  0.88360586278139697  0.89412943002728307  0.90468923286984304  0.91535264862269461
  0.92596535534608004  0.93657115517302414  0.94712046086627222  0.95772911436378139
  0.96829842574738534  0.97888937147418997  0.98945307535077909  1.00000000000000000
   9.1618549095024010E-007  -1.0000000000000000     
 T T F F F F T T
