 -0.00157059329236984  0.00561502185381614  0.01247797897829957  0.01916327304776919
  0.02619060366786738  0.03357047429345645  0.04129244185923397  0.04931858918826915
  0.05761133862615735  0.06618411157560451  0.07498537038726609  0.08390436838251027
  0.09291130284512948  0.10202206030288574  0.11123042395183237  0.12052918608056434
  0.12990316884950642  0.13937154969261006  0.14893145892224097  0.15855074004136888
  0.16822971204318354  0.17795316340746817  0.18772616605935252  0.19756185576877286
  0.20745685116103957  0.21736803429150586  0.22725482591489363  0.23714845665998016
  0.24710123408493145  0.25711757025571963  0.26717671228616735  0.27726908550205370
  0.28739747786822134  0.29754336755316452  0.30768903617203069  0.31785336602308267
  0.32805099357221507  0.33828095335576902  0.34855646116381028  0.35888709693585580
  0.36921328686799193  0.37951025694315393  0.38977743884395433  0.40008371886673727
  0.41042640922608498  0.42079912149765331  0.43120385122513238  0.44165423468719905
  0.45214305412881045  0.46267315153510463  0.47324279046635970  0.48381028501370626
  0.49436031078501558  0.50487648125905316  0.51536228792872052  0.52585829555456354
  0.53641282835812276  0.54703513390599723  0.55766941537466574  0.56827650836022858
  0.57887694893912378  0.58952908209615618  0.60024787197136620  0.61102859924311437
  0.62182531221129855  0.63256781717532717  0.64327330838680563  0.65399274704019472
  0.66478862584983234  0.67565080461875715  0.68654490672278778  0.69747902675984152
  0.70846967616257917  0.71947124796240047  0.73049082221587636  0.74151007592794138
  0.75259999845841008  0.76376161786639385  0.77499481963319972  0.78626532121200510
  0.79754209830210698  0.80881837714421068  0.82008690329048173  0.83142179172872843
  0.84288868076348977  0.85449162594066586  0.86624117009518842  0.87816451300458698
  0.89029368759117944  0.90260888839458808  0.91514805643941610  0.92804804891675019
  0.94160176160985420  0.95629814875350017  0.97488394865188865  1.00000000000000000
 -0.00235089199205590  0.00926783668007339  0.01926119737306622  0.02982775295285463
  0.04028225903698070  0.05092129713310113  0.06152345139753893  0.07207558573880633
  0.08252329939502588  0.09299395767470309  0.10347801223529170  0.11405411498365918
  0.12457154899538507  0.13515201124506782  0.14564853398240304  0.15626571497134115
  0.16687838635880789  0.17748276053412795  0.18808139720609487  0.19866274872509776
  0.20923608988192494  0.21981069543512238  0.23038561474682476  0.24090457659191367
  0.25132120933389518  0.26176845692928424  0.27217658817055895  0.28266441274282783
  0.29316828426123914  0.30380625845821874  0.31438223944509269  0.32484696700468146
  0.33525292725305111  0.34573630828001423  0.35632987955496859  0.36698564458446631
  0.37760550420421979  0.38817419690388860  0.39874059199987438  0.40917910456549977
  0.41968941004868643  0.43025901393882870  0.44081228785125559  0.45134720720900356
  0.46182537966712228  0.47244792674526837  0.48299173999291983  0.49349353056610756
  0.50402414884495050  0.51461653979239463  0.52527273342226166  0.53593202854791866
  0.54651315367064868  0.55704386069961387  0.56765298336716818  0.57834230329448022
  0.58890161005344743  0.59940618582044136  0.60994526799131510  0.62063247086020323
  0.63124585809148837  0.64173185493428786  0.65227153707373697  0.66280911657545105
  0.67341733081337030  0.68403668456194722  0.69472802904119590  0.70539149884826180
  0.71593329249952553  0.72647041895362685  0.73704467552198161  0.74752783518778854
  0.75801281603453541  0.76851860173133657  0.77909533847986878  0.78966336606372556
  0.80016631482259160  0.81067485997886668  0.82116766310685430  0.83168751298009858
  0.84217776414514423  0.85266883460526466  0.86324431031792992  0.87386118449841677
  0.88446912490502727  0.89507223585577766  0.90555277861726857  0.91604949668795455
  0.92643865380297752  0.93684793330599081  0.94725011029228745  0.95759708513375652
  0.96820131553860311  0.97877353626034880  0.98943866778331258  1.00000000000000000
 -0.00224329274156148  0.00941400776908136  0.01939136196667136  0.02999111588832502
  0.04054986976669462  0.05097582866602077  0.06123564331769852  0.07153406160091781
  0.08194244972284942  0.09238451801472915  0.10281996111957852  0.11331283546238127
  0.12380952963991423  0.13431379876588639  0.14484597326925044  0.15544335365295786
  0.16607782479998218  0.17653751527881670  0.18692546370474000  0.19733460475263942
  0.20796003823818637  0.21863943438041303  0.22930172042854099  0.23988536044855610
  0.25046949680935449  0.26105913976989858  0.27176574211680399  0.28229050428257813
  0.29285525831264814  0.30335733921179359  0.31399603786430669  0.32451214297838360
  0.33505886781238553  0.34561748966645806  0.35624178739258744  0.36683337641271296
  0.37750020192558870  0.38806448809111005  0.39858860776503308  0.40910493844445839
  0.41966771579522871  0.43020955075097628  0.44071885152688189  0.45112478822863034
  0.46163789604782568  0.47212013244925843  0.48275256851305770  0.49338601778121260
  0.50407666426181386  0.51473603040972782  0.52535687848376345  0.53606331948574171
  0.54664363509988168  0.55725767628095657  0.56778577464208990  0.57845850128278509
  0.58902586494274889  0.59954139466675860  0.60999586726076960  0.62041036652009907
  0.63087180884139304  0.64129807985946208  0.65187287287158069  0.66241789459145739
  0.67293147564835387  0.68334268465189218  0.69376468121468371  0.70424057769540616
  0.71473257688109759  0.72522442354440442  0.73584103635862996  0.74644865970964547
  0.75716656397352700  0.76783080983867158  0.77846359044679558  0.78908019814607855
  0.79965180172807360  0.81032847897783300  0.82087869882223685  0.83140917886643184
  0.84182905734155111  0.85226888205701978  0.86278249576797861  0.87317955847459960
  0.88366980966921926  0.89415131837163531  0.90475142552647025  0.91523603037360779
  0.92577631785751779  0.93638392035918860  0.94697413693932686  0.95759164649288653
  0.96826318278002621  0.97890188981568949  0.98946528335773942  1.00000000000000000
 -0.00239777087909170  0.00944973968871296  0.01970097422303434  0.03026977753839792
  0.04084046323207670  0.05133269688462413  0.06189499940898095  0.07241929602180640
  0.08298239219769046  0.09355108350517946  0.10428035131804596  0.11504304015271088
  0.12574084017827247  0.13622737831971640  0.14675635319203190  0.15727987028929391
  0.16782715179904559  0.17824205740051213  0.18858892612228437  0.19896171106794910
  0.20942027424555301  0.22002699432871722  0.23061105736033591  0.24110704017411302
  0.25159952426000404  0.26219361206313846  0.27276698137662597  0.28329976673060442
  0.29373443964488016  0.30424899687873913  0.31472684118500838  0.32516450305116362
  0.33558231303514485  0.34604853870927743  0.35661045362807620  0.36718287677020439
  0.37776099778382927  0.38838438950249710  0.39896761784184664  0.40965337822984194
  0.42020827412597817  0.43082258845307270  0.44129844358095127  0.45191689906952720
  0.46247847649328860  0.47311581646876150  0.48369511890681882  0.49423502901135258
  0.50473041920044937  0.51520305460773030  0.52571385301835483  0.53626499264437066
  0.54684818802936619  0.55749961346878074  0.56807342944154027  0.57866257621155404
  0.58916033270417434  0.59967893692970209  0.61015265475135883  0.62057589740205132
  0.63098482760569419  0.64127449227174294  0.65159423691459617  0.66194603132028007
  0.67257804795314480  0.68321873079626760  0.69380137439858369  0.70426439451730705
  0.71470468389768893  0.72517524636325081  0.73568911345156784  0.74617285954077428
  0.75668894298348977  0.76710153866417563  0.77770291737645458  0.78829363821628762
  0.79894753439229249  0.80963399244164569  0.82030426506254361  0.83103495163203389
  0.84156472912473657  0.85209069004765736  0.86258242813939834  0.87304770603185144
  0.88355344941008640  0.89400250315215346  0.90457527951473160  0.91512389156686957
  0.92571123228461161  0.93623158838169018  0.94681047132217511  0.95730027229053993
  0.96785211280115868  0.97839363294909654  0.98916552809186475  1.00000000000000000
 -0.00238810150566881  0.00930979435739072  0.01950765662780359  0.03018708325137445
  0.04088488829244885  0.05143408009219774  0.06213416727320568  0.07267023905680609
  0.08333762876948235  0.09391885393153342  0.10455727317778070  0.11512260726964019
  0.12562513722118326  0.13615979878965057  0.14669266752191970  0.15725644451275994
  0.16779564739535408  0.17835702675761761  0.18893068952829473  0.19951136838641922
  0.21009660335262431  0.22073654494207698  0.23148070235379520  0.24214634327579826
  0.25268660630611267  0.26322690443554747  0.27382238348216198  0.28446930383432217
  0.29507808111635536  0.30568765883842397  0.31633846541526256  0.32697773597053859
  0.33756444934198970  0.34805134655255998  0.35864493532432040  0.36924139984229898
  0.37985502870799848  0.39035002267816143  0.40086673766487535  0.41145654757976002
  0.42204780539965292  0.43264363961862418  0.44316170625671220  0.45370285462787291
  0.46420610800509943  0.47471082526136221  0.48516286717232115  0.49564876679935899
  0.50606694828784815  0.51645403261124012  0.52688784574123215  0.53739357898258111
  0.54782873162256962  0.55823948763519793  0.56873438305425927  0.57925879204317376
  0.58982719426807950  0.60032259481048422  0.61095866091066708  0.62146431006155423
  0.63204811367016744  0.64263610013367034  0.65320689289759803  0.66386428760587646
  0.67434887366778640  0.68490702777378931  0.69545712557209105  0.70607049005246825
  0.71666218920026392  0.72712227746003388  0.73765784594978512  0.74824962130413830
  0.75897127982559043  0.76958740214660548  0.78009570050830390  0.79051858386478402
  0.80096155631795096  0.81138388599192035  0.82194466108545350  0.83255514537457609
  0.84322233851615869  0.85377168646330870  0.86423684681945379  0.87471167900679558
  0.88512319056246413  0.89563859783819000  0.90615674453021455  0.91660406351987889
  0.92697084163114241  0.93741310378521736  0.94789804063339000  0.95838578100010685
  0.96878787202291017  0.97915676592855339  0.98958277965605945  1.00000000000000000
   9.1116959726889748E-007  -1.0000000000000000     
 T T F F F F T T
