 -0.00148818125604269  0.00673941360413241  0.01381628890331298  0.02098015220334874
  0.02842815493815547  0.03614612615667979  0.04415457540668064  0.05245253029771733
  0.06098047043276499  0.06970957989988688  0.07860322033502123  0.08764957910224953
  0.09684267395634812  0.10613187051165335  0.11554078921558317  0.12498745815062336
  0.13457919269164426  0.14420884097134604  0.15386565229971966  0.16357552853477444
  0.17346590864795622  0.18356580545454859  0.19364232905072681  0.20363020341373528
  0.21352625281729712  0.22339188268661184  0.23330422924043259  0.24323600755049452
  0.25323269362654399  0.26333075243047743  0.27345385507235770  0.28363645259966003
  0.29375065946040069  0.30384244109007019  0.31399386819435682  0.32422168576080174
  0.33457022129460834  0.34487751904458075  0.35516372536912849  0.36547690696931973
  0.37586358279279858  0.38626709430222222  0.39662938936825448  0.40701989254352899
  0.41745515712956538  0.42796422072573720  0.43850181906867430  0.44909437785699757
  0.45960135989898693  0.47000116866094999  0.48028816028842314  0.49069227696679896
  0.50121441464257688  0.51180695381723862  0.52246272650075376  0.53306702096028424
  0.54368995698132172  0.55424594851070497  0.56493261856206933  0.57567040821918292
  0.58645508113515721  0.59709963103599584  0.60771080566782798  0.61832172977666588
  0.62889941543102024  0.63960324806809077  0.65026252637465043  0.66094108185735556
  0.67156411878531053  0.68225740213443919  0.69311018804346847  0.70391202353757454
  0.71476856934311517  0.72569700763954748  0.73675702248897068  0.74785083046950374
  0.75885814116230610  0.76985309708843497  0.78097920175428470  0.79222772635861261
  0.80340734700577698  0.81447108892135511  0.82559103218207297  0.83679119698639592
  0.84811904485640799  0.85955598618491202  0.87117929647503500  0.88297658601932227
  0.89490816861813283  0.90693996110395725  0.91917117379119451  0.93181418243045622
  0.94513905428374212  0.95968168639193652  0.97743550880595020  1.00000000000000000
 -0.00256715991730693  0.00960603684719349  0.01973255545992015  0.03034303456045636
  0.04097180989738893  0.05162080535561179  0.06217685881008575  0.07277804382106597
  0.08331080151207408  0.09398779085745937  0.10464921951078499  0.11543707530815055
  0.12607735562893035  0.13677030833361900  0.14751344423914636  0.15821975078162406
  0.16889740271242965  0.17943847574873681  0.19010082619060997  0.20074628665872982
  0.21147892397310430  0.22219594183650831  0.23274649393027236  0.24315617481535107
  0.25367369117590283  0.26432353297535660  0.27497308945676752  0.28534612575812213
  0.29581840090093647  0.30634707914502873  0.31700123094637178  0.32750355518448410
  0.33793914994557839  0.34834002734095604  0.35869474997604722  0.36901537004515533
  0.37939409837042026  0.38986187635107822  0.40024834448425989  0.41058243681966278
  0.42080996116742525  0.43125413432443521  0.44165903519136490  0.45228315474965425
  0.46291996908264277  0.47363705660037686  0.48431363838619446  0.49505344693346764
  0.50566452158774933  0.51625140949866122  0.52667068120818250  0.53694460933405730
  0.54716941670141361  0.55749724147870605  0.56815228931132356  0.57884541456414140
  0.58943080519606628  0.59989204088587589  0.61050620512080223  0.62119454813391783
  0.63198838852441219  0.64271010934956241  0.65344535465231046  0.66399781141158520
  0.67447889554366114  0.68485955970143664  0.69529424186250699  0.70595086167543730
  0.71664157005323714  0.72732969999580854  0.73770234522764688  0.74809184569866605
  0.75855848063670905  0.76919715454484705  0.78005836068094492  0.79069531997393083
  0.80138454105008017  0.81187886069800119  0.82244732448991653  0.83274480402254492
  0.84302037596694412  0.85325668000930643  0.86365204220010861  0.87407361791569915
  0.88461400688364367  0.89510101947429921  0.90569429562215586  0.91640222920858294
  0.92710322169265480  0.93774505340126380  0.94814923095079529  0.95851137786720741
  0.96867190003765902  0.97903286615694696  0.98944746207862999  1.00000000000000000
 -0.00224382823306520  0.01015801618841903  0.02067515291787802  0.03130805497127142
  0.04198231044415279  0.05256685273320860  0.06312834871763930  0.07357448771775651
  0.08404157837859536  0.09449927690227237  0.10495537653286394  0.11526257560200642
  0.12558174793270518  0.13582019435243978  0.14621617002825005  0.15661259780000139
  0.16717966574026039  0.17766121174334121  0.18819375734587362  0.19873996319353121
  0.20934303852709896  0.22000647347644750  0.23063465687485984  0.24125170284463340
  0.25185369781541572  0.26249844718441662  0.27312540909294936  0.28368698141728749
  0.29416258522760663  0.30461578980628790  0.31514380689656640  0.32557750537084146
  0.33616013087200619  0.34671829482931649  0.35728030014030926  0.36786176507422885
  0.37840983224082742  0.38902927086954331  0.39948014025054435  0.41001161358215266
  0.42062933090341181  0.43118539582559073  0.44173968592143015  0.45223664566181876
  0.46284370701248861  0.47324199437579184  0.48350920141094028  0.49373944406942427
  0.50416286822783785  0.51479972886278302  0.52542921469643167  0.53607072525846522
  0.54656915910985049  0.55699225069258196  0.56737716630873070  0.57786864275449878
  0.58847341095448480  0.59909990276774627  0.60972611169722302  0.62044197972981707
  0.63099613679953015  0.64151507356239101  0.65193957270681646  0.66251098243058570
  0.67309380614386938  0.68372405668015213  0.69443563532808095  0.70515804150573258
  0.71583400201857272  0.72649593573997218  0.73702976817665489  0.74774075912053362
  0.75830726353246791  0.76899231201135354  0.77957304058086918  0.79011355646349501
  0.80049111503376214  0.81080959114944440  0.82132839954694026  0.83196406976745541
  0.84243908806027434  0.85278912365570925  0.86331257289919994  0.87396018501049499
  0.88449286417137296  0.89496033375065165  0.90538946230496808  0.91595243546508287
  0.92646666673016953  0.93704304428879837  0.94762426516614429  0.95816342756244488
  0.96875592391862808  0.97922212855447399  0.98963887214295676  1.00000000000000000
 -0.00198056457794337  0.01019325848225757  0.02062516375986444  0.03112610735749437
  0.04177957131679310  0.05238781557714366  0.06306671605091529  0.07372823795232453
  0.08415577262796427  0.09450811660302849  0.10493430056171665  0.11539704711991186
  0.12575860203989078  0.13613746158527013  0.14655218516392327  0.15717587360424046
  0.16779363312116530  0.17845574431469516  0.18905237218099508  0.19954199334786690
  0.21011899249771840  0.22067123162011323  0.23117061900221186  0.24151724738558900
  0.25192474424700029  0.26242684429237101  0.27311410881683446  0.28361492495367846
  0.29399008707321844  0.30426624554240717  0.31447834427968746  0.32481091262693862
  0.33505837485902745  0.34565823691856890  0.35609108456382105  0.36641703474556164
  0.37675275181729889  0.38731632456211540  0.39807687637003464  0.40871305334754954
  0.41917562211751702  0.42958923090214846  0.44008663653018304  0.45059529971807927
  0.46105745542505677  0.47135926556946073  0.48180062727559220  0.49246617286702893
  0.50314728210063886  0.51377044954012840  0.52432357301768084  0.53493891229602741
  0.54554739738542080  0.55617547346365026  0.56677919288999257  0.57747752180161882
  0.58803426798572567  0.59852778638561543  0.60890019086763281  0.61935963770253100
  0.62992201973180140  0.64051531716675547  0.65110017593934555  0.66175623104089920
  0.67234815736637277  0.68297168253092644  0.69363446934836293  0.70434384984277554
  0.71509359491668489  0.72566861627117818  0.73624512452927560  0.74672614769809587
  0.75740072293923455  0.76817732848370368  0.77896140486770604  0.78958381217660845
  0.80008903877685333  0.81074797379561903  0.82144503022751703  0.83216185498397033
  0.84267444854020457  0.85308852379840450  0.86365767568475760  0.87411366603091201
  0.88459428236789339  0.89493078792107184  0.90523051887445183  0.91557484136452894
  0.92594805022244830  0.93647975288427587  0.94699647054797764  0.95761731791170346
  0.96832384104614755  0.97909431713534956  0.98964036164127156  1.00000000000000000
 -0.00251961731483951  0.00952764746321666  0.01979627710227224  0.03038577915076069
  0.04096779829433494  0.05151553119908815  0.06204362144471413  0.07230689190684937
  0.08257896220552861  0.09291698741050575  0.10336695159991144  0.11382165982854842
  0.12433725246239831  0.13496425072504795  0.14546753601972034  0.15596151903899769
  0.16645024159836666  0.17708448737618565  0.18757169821120206  0.19809819854930474
  0.20859898900171714  0.21921938610177286  0.22969729157095617  0.24042022410790678
  0.25118898753504770  0.26201536913887663  0.27270304955183172  0.28351684367629038
  0.29427630476627215  0.30488765537486662  0.31532133342366242  0.32576701180025230
  0.33617686314590750  0.34663116685591505  0.35713504037725669  0.36774985238322755
  0.37830157541897741  0.38875632293533424  0.39920689195152076  0.40956463915249719
  0.42005549121680380  0.43052070833601519  0.44097248702363079  0.45142404403466030
  0.46193300720181224  0.47261235840321664  0.48335554352244886  0.49408304603352005
  0.50465734377649296  0.51506745194366998  0.52544705596090413  0.53598564090852596
  0.54645075591224590  0.55699805628265064  0.56751905060353836  0.57807059993934984
  0.58858675506256752  0.59908640024239346  0.60960859477619500  0.62016235567951772
  0.63069547747682519  0.64122455257453881  0.65162577435562807  0.66198414692012875
  0.67238659610223073  0.68276313830267865  0.69315326661676602  0.70353855639336638
  0.71401291093298525  0.72459265012037088  0.73528471362214087  0.74602098478921286
  0.75660740657748715  0.76722628212389177  0.77781372622924205  0.78841720461181275
  0.79887555096620666  0.80930961251200517  0.81969756617787759  0.83010633843731252
  0.84063817779830741  0.85115836945125534  0.86158958663448615  0.87195284202984191
  0.88256918013036967  0.89322831737461694  0.90382138321792183  0.91431720929584936
  0.92497906447009082  0.93576498597151403  0.94642370426877231  0.95714191157560169
  0.96770347999028539  0.97839743561858850  0.98910245483142112  1.00000000000000000
   6.2740664935013680E-010  -1.0000000000000000     
 T T T T T T T T
