 -0.00156020907781444  0.00571547327472879  0.01262077789535634  0.01938141742740668
  0.02647578165475303  0.03391279556300285  0.04166747526327822  0.04975951620932914
  0.05811560624287156  0.06667525349450346  0.07537692210818367  0.08420326954869983
  0.09316270774949334  0.10226000269475488  0.11149156950532327  0.12084707220680106
  0.13030513973438326  0.13985121805458886  0.14944950123721404  0.15908269439766035
  0.16878089864943624  0.17854989855217854  0.18836537219863173  0.19817307849019808
  0.20795952015811095  0.21777626464422056  0.22766408596196092  0.23764551815134513
  0.24767345944888219  0.25770596819335995  0.26775314495639613  0.27781389793570455
  0.28789775185244154  0.29800811153392459  0.30817868001266024  0.31841191234012178
  0.32867724658440506  0.33895884634673001  0.34926221375756344  0.35957816723290476
  0.36988392470925141  0.38017257436264046  0.39042901207989084  0.40069297920828822
  0.41097366205534075  0.42129417329321234  0.43162268041090696  0.44198102718792887
  0.45237457819068633  0.46281466349572004  0.47329064898693141  0.48377326668516613
  0.49423693234521948  0.50469141824719099  0.51517085561959197  0.52573467450117206
  0.53636185338660725  0.54701304538934992  0.55765481031517716  0.56828699316572218
  0.57896531616725755  0.58966583955702656  0.60035345004353435  0.61103294547342168
  0.62173511039958140  0.63245244234632136  0.64314788602850259  0.65383888448478000
  0.66457501589513346  0.67539585873868691  0.68632559250301417  0.69732167096279030
  0.70831329940721044  0.71929620150426743  0.73029378386910293  0.74135649968529738
  0.75246997350996569  0.76359103049236887  0.77470634027933205  0.78584457270474184
  0.79708414747080869  0.80838997019177594  0.81976003788288887  0.83123459835858038
  0.84285941225965599  0.85456702717032229  0.86630817188764542  0.87811764604337006
  0.89011970164682219  0.90241854347445150  0.91507012167523583  0.92814005262410926
  0.94178742691913042  0.95657974950461522  0.97517066047041479  1.00000000000000000
 -0.00229251466406757  0.00941309386172343  0.01952359772960204  0.03020881624517180
  0.04080484997418326  0.05138590235403932  0.06195714837061130  0.07254950278953871
  0.08317194851900424  0.09371586703019177  0.10425529980124285  0.11476230599381206
  0.12521449479106020  0.13574344301867372  0.14620968291193129  0.15674207070609689
  0.16724191928752943  0.17783166953870314  0.18837924340342505  0.19886055357102395
  0.20931966509829911  0.21985129227855507  0.23039689952191988  0.24089526645012768
  0.25132773393734864  0.26183603876714251  0.27239137218401099  0.28293900769896607
  0.29347651782508011  0.30399712454347688  0.31453900215099950  0.32502062932831988
  0.33552614717041274  0.34596876560097417  0.35641226986295521  0.36674389567769677
  0.37716818084584824  0.38768668484136815  0.39834890494410302  0.40898440453657803
  0.41952894588921569  0.43007574297231888  0.44064863187159503  0.45128134448930018
  0.46191059844412069  0.47255283554108962  0.48321295403030257  0.49378989979108218
  0.50426015914987554  0.51470476298361423  0.52514670770087035  0.53562629842064124
  0.54601066874911741  0.55640610694242021  0.56682883490104274  0.57728965182022685
  0.58777242154789111  0.59833398586240705  0.60892203110694876  0.61960923671471069
  0.63022777003671993  0.64086440409953549  0.65142841221364967  0.66201261101525266
  0.67261317853181646  0.68324632745847780  0.69387300426757492  0.70455428952320542
  0.71523405399913975  0.72593663241285677  0.73663618243893136  0.74729234394565147
  0.75785453787836754  0.76835872568673291  0.77884372978404592  0.78940057517651785
  0.79988208659926097  0.81041227856791753  0.82088929835718016  0.83136748522802728
  0.84188968980520540  0.85241079275006371  0.86300830253344929  0.87360389343904299
  0.88425297198939312  0.89493470057838054  0.90556290671032602  0.91608471501779720
  0.92650795520299245  0.93692335385077308  0.94737482718851518  0.95785779434743079
  0.96831474066158219  0.97886403140707934  0.98937567949734428  1.00000000000000000
 -0.00240577676226992  0.00951429534779507  0.01970091897024138  0.03039015491488908
  0.04094763358794054  0.05142081799746458  0.06200012798569197  0.07264448504603539
  0.08328249846669396  0.09387831891184782  0.10435728367360408  0.11485199238304250
  0.12538769101573563  0.13592268136782715  0.14646706200311740  0.15699059237928931
  0.16754314298238593  0.17811936070728251  0.18862865045145744  0.19915026207838146
  0.20962931109919181  0.22015938453763792  0.23068743993029528  0.24121622085384598
  0.25171275878061239  0.26213054458698010  0.27257566317817011  0.28306777056441706
  0.29364269327468784  0.30430641111531920  0.31491302185927139  0.32562872398733550
  0.33621404376619057  0.34677925715885299  0.35724156895573117  0.36771247125714585
  0.37825577863354382  0.38885601578625928  0.39942491584368822  0.40999219340356735
  0.42055618422416674  0.43121246207980529  0.44189343932770520  0.45256010058288754
  0.46322103576219903  0.47383147400362008  0.48438336006077487  0.49484988318348200
  0.50534286662743200  0.51585210197168363  0.52638933394122611  0.53684034091529798
  0.54728806514261774  0.55777758686315793  0.56830923502873743  0.57888191222331187
  0.58940224253306028  0.59992038805057302  0.61052054352671203  0.62110579721360948
  0.63171365446987349  0.64215045404401427  0.65261064122415413  0.66301981025502643
  0.67356852403299883  0.68411867255209624  0.69470454250718960  0.70522870855300812
  0.71583143433648044  0.72641385893931654  0.73703456931491851  0.74762932346350652
  0.75825801932524817  0.76897318377351442  0.77952208724857830  0.79007569680714851
  0.80047539710034021  0.81087434879590081  0.82134851681912935  0.83176319517000452
  0.84217343714208848  0.85255948596978948  0.86303558570756300  0.87358388218064231
  0.88403283590356718  0.89451228262302196  0.90502848203522368  0.91553718038720966
  0.92607094728753059  0.93666612690796835  0.94735245226273690  0.95795133242236297
  0.96850907496481842  0.97894343651356597  0.98948754284995710  1.00000000000000000
 -0.00242374488443879  0.00973131458618780  0.01985592317888499  0.03027336819193695
  0.04069453257725193  0.05116442608065378  0.06168224116166196  0.07219802694648429
  0.08278434395535876  0.09336072165071835  0.10398799729589514  0.11455335251978491
  0.12519968122026431  0.13574886981830370  0.14630733805661980  0.15676084884965558
  0.16733817160348663  0.17780602381377772  0.18831463564422707  0.19877996272937978
  0.20928075408722213  0.21974140873765699  0.23028486450911043  0.24090895236165025
  0.25155445440499119  0.26214405944184727  0.27266723725459274  0.28319347322610788
  0.29367080660468486  0.30413168689794395  0.31456809380719369  0.32504998875948693
  0.33556896367295930  0.34613632352706608  0.35669815060746096  0.36724382279665885
  0.37776822317508518  0.38821155049198158  0.39859622223917696  0.40902069265799051
  0.41940803006124316  0.42987848791759103  0.44038889799167280  0.45105545934004121
  0.46168964851150313  0.47231515620986164  0.48288358634573131  0.49350307899190166
  0.50397606792961525  0.51450986785823560  0.52500347030053918  0.53559955656568659
  0.54610899634630838  0.55665680242263316  0.56724285812281694  0.57790351404560525
  0.58854634814706552  0.59905905521786684  0.60961637229623111  0.62012797381444196
  0.63065133579120103  0.64114817597589935  0.65170910195783527  0.66228277076794639
  0.67280728009420632  0.68332555898506442  0.69391359805738517  0.70446690576128279
  0.71497588393583733  0.72549884259200115  0.73602606088743783  0.74656948973075410
  0.75707590405780967  0.76765860189675283  0.77823712035513071  0.78878799395179633
  0.79935294052712280  0.81001212941653755  0.82058969404969673  0.83112405176424442
  0.84158234711819657  0.85209578084064896  0.86258742581195269  0.87307078636367630
  0.88357023479187247  0.89406953189363503  0.90454793988887838  0.91506986224262210
  0.92553224001100576  0.93611186494195864  0.94677683998614459  0.95746633751880295
  0.96805897585149814  0.97861798478423245  0.98929007638605104  1.00000000000000000
 -0.00241832560543851  0.00936941093555004  0.01964579075371794  0.03019551878682824
  0.04081216281006009  0.05124048693929505  0.06167143083356085  0.07208974963331827
  0.08264295246365817  0.09324007360022511  0.10378813114244474  0.11424926056631446
  0.12473856291515786  0.13523160575111737  0.14581747214192037  0.15635123399197443
  0.16686507387358077  0.17727101463277165  0.18776451682948553  0.19833882267406544
  0.20896367456151471  0.21953612308756673  0.23011754214024760  0.24069281027668879
  0.25124230874894871  0.26166565494078947  0.27207963521951656  0.28266340753444663
  0.29311441208315880  0.30365913604417966  0.31405911327831432  0.32474399118503910
  0.33537173608507659  0.34601162284029729  0.35661748542658273  0.36707999994444862
  0.37757716753641180  0.38801437986793352  0.39858386453474065  0.40905114441667534
  0.41956055290650091  0.43008107063514184  0.44067100441427198  0.45120261653588528
  0.46182820010955439  0.47248673553410564  0.48316357584437314  0.49382704007678291
  0.50440847077004125  0.51498674983428727  0.52553207642878352  0.53605488642472576
  0.54658428509835011  0.55700597813340080  0.56749350099478402  0.57799347590826677
  0.58852652496824753  0.59901366553554780  0.60949185956792795  0.62003591955581672
  0.63063741262764039  0.64122935902317157  0.65178506542576897  0.66228519413759979
  0.67289622704438257  0.68343896379839242  0.69407947786713309  0.70465240228369763
  0.71523433311652163  0.72576249460406361  0.73629964823898719  0.74691578667750769
  0.75744815123245757  0.76797754955465758  0.77855307806918961  0.78919592472425237
  0.79981641100105194  0.81037483871699112  0.82094291437598454  0.83149999363917981
  0.84202500834804239  0.85251527343215550  0.86292222450651701  0.87337394064405138
  0.88380559601225273  0.89438025039670632  0.90487107205435979  0.91528247144158559
  0.92573516682092294  0.93612610688432363  0.94669750731954161  0.95719347493393869
  0.96786936456045947  0.97855346145491118  0.98928547968128433  1.00000000000000000
   4.9693226209902460E-008  -1.0000000000000000     
 T T T T T T T T
