 -0.00159515437701021  0.00576910342551618  0.01272600236963587  0.01950109031005652
  0.02654624988020698  0.03396286506588925  0.04173526271524299  0.04981111937122640
  0.05814036130117797  0.06666940948363699  0.07538284716321182  0.08423761169315282
  0.09323167859018795  0.10237072497187742  0.11164915458038367  0.12102570500343460
  0.13043884618896368  0.13990130270599160  0.14942588431795015  0.15902291626339488
  0.16870071896598490  0.17841358369721649  0.18815445662694302  0.19792834445789229
  0.20777261179204137  0.21771018268026571  0.22765463186009860  0.23759524791831596
  0.24754438446227642  0.25753998351577922  0.26751961701292759  0.27747402657989251
  0.28744623089517646  0.29747145819942622  0.30754892249828281  0.31764168521605118
  0.32779905596328468  0.33802945824475616  0.34835423661886472  0.35874879013263178
  0.36918603825213536  0.37964191203500847  0.39004184387311897  0.40039151538360873
  0.41071961307057475  0.42108058871997917  0.43150225156648503  0.44190744971672463
  0.45229080997009063  0.46266512292434908  0.47308312084208587  0.48350326208432803
  0.49394715829076496  0.50441136883704185  0.51491402884816584  0.52545253449774687
  0.53604978077002996  0.54669604670324445  0.55734419383617173  0.56800676734135935
  0.57866428031824058  0.58929632665660769  0.59991236289595917  0.61056165929199646
  0.62129542220578515  0.63208067922732725  0.64290095965004090  0.65369594844846968
  0.66445732318274731  0.67525845768192017  0.68610793752002097  0.69700607245551982
  0.70794167564608312  0.71893789962972421  0.72999467953565222  0.74108756749565974
  0.75227242057046839  0.76355762106112957  0.77486266085960376  0.78614001007033463
  0.79742662008002663  0.80878049425460796  0.82018986340239775  0.83161672743131976
  0.84306548014683869  0.85460440371000523  0.86629486826442947  0.87819190376646195
  0.89031172131521230  0.90265321399291143  0.91523157156529689  0.92817544415226305
  0.94174796955639095  0.95644876894616959  0.97497984969544060  1.00000000000000000
 -0.00238110208375960  0.00933244215243573  0.01951569505304328  0.03005951743689137
  0.04077708229012936  0.05139619718592959  0.06197633992062890  0.07245233443974820
  0.08303923426945072  0.09362643632471376  0.10420905301151420  0.11472578966961597
  0.12528984002235294  0.13586657554387616  0.14644734059978812  0.15694120625525271
  0.16744416656527028  0.17792700895812558  0.18836099267638998  0.19884994038217232
  0.20928878639996309  0.21992279193810807  0.23044095527681197  0.24101663642679041
  0.25144560863910403  0.26190693141821492  0.27241968402999694  0.28308539298977226
  0.29373767468721951  0.30424928182586641  0.31473474464618878  0.32526215771295808
  0.33587984679022759  0.34649098891230712  0.35705350564848798  0.36761520497998146
  0.37807906411101128  0.38872944873640569  0.39931853711439391  0.41004044985452121
  0.42063432208772461  0.43121108530325380  0.44166318782731334  0.45214001046132185
  0.46261697971250454  0.47316012449556777  0.48366212497272976  0.49422433889353728
  0.50473253908824889  0.51526817070005093  0.52575247880522447  0.53625260405650188
  0.54671146439028917  0.55726316704623924  0.56770041009202832  0.57819550983999035
  0.58866898580279503  0.59927403117068667  0.60983093172048897  0.62035637135329313
  0.63089099072005272  0.64143121410780868  0.65205683615369070  0.66268479431846805
  0.67327655569901479  0.68386861573096469  0.69442102686344931  0.70498413167795337
  0.71545835597904106  0.72595771799742392  0.73653555190403719  0.74702466114701238
  0.75741812403549202  0.76782565927643853  0.77836812879261486  0.78890955887570691
  0.79942984316514398  0.80986214590198047  0.82040212260895129  0.83084807220255741
  0.84133663300167727  0.85188213372747235  0.86250439421013370  0.87305577903225495
  0.88356425351311885  0.89400519328164274  0.90451941928470858  0.91510465027547083
  0.92565051663853215  0.93616711205582770  0.94672621091151488  0.95735720332129259
  0.96808319957882116  0.97869981427911157  0.98939593919788038  1.00000000000000000
 -0.00236003047932044  0.00937347815313296  0.01944942557942727  0.03000448766242448
  0.04061321621995084  0.05123200278551733  0.06187296681370905  0.07250364605465949
  0.08313217267896149  0.09371864671285526  0.10430393952507681  0.11482222957438459
  0.12534610494414761  0.13577748600518497  0.14631856577987204  0.15686926600424084
  0.16749846383814401  0.17806785824013743  0.18858823197826644  0.19913425294688794
  0.20974764498712511  0.22030783215947783  0.23081926047789225  0.24126496612117260
  0.25178369070997303  0.26223471200467297  0.27274635706895300  0.28319710148885135
  0.29371480843439413  0.30416162188806561  0.31458324424892053  0.32502675297064815
  0.33547279189140561  0.34595710877521896  0.35640191141906241  0.36684170723937071
  0.37733751015819578  0.38796687212677172  0.39860235293223328  0.40925494525416656
  0.41984965395668750  0.43051175630550292  0.44111924313555750  0.45172592465927386
  0.46226488783540121  0.47281176502569139  0.48330096962881269  0.49385031148090414
  0.50453526368361290  0.51516161833194607  0.52569568190886962  0.53614434605413086
  0.54665147538754133  0.55722446183904040  0.56780699453320349  0.57850536821164322
  0.58920074023627755  0.59992112947464260  0.61054740223941750  0.62119067707066877
  0.63182957726831579  0.64250732320240533  0.65319255485796557  0.66386481210778248
  0.67449834685035015  0.68509218246940939  0.69566639510627226  0.70623691713250458
  0.71672221323322860  0.72721820940342674  0.73757841604918761  0.74809659786594029
  0.75852559256498453  0.76905130339395955  0.77942565140409059  0.78978919027245253
  0.80015048431690772  0.81054381108379325  0.82099981502808927  0.83149197688976528
  0.84197242268751904  0.85244370969388172  0.86281982353159437  0.87331046340411089
  0.88389709280760742  0.89452734583013827  0.90511910811300444  0.91564410541024344
  0.92619456085420515  0.93672490404488595  0.94726081183052901  0.95775634265069520
  0.96834176273486461  0.97883199537375720  0.98946861463962443  1.00000000000000000
 -0.00241172080596188  0.00963750486347311  0.01980118785417165  0.03035490566257315
  0.04089220014006816  0.05144967086579179  0.06205318107479781  0.07263383540098019
  0.08317627438561019  0.09394994168198059  0.10461346062061483  0.11533532277491457
  0.12592639461070446  0.13656055183497001  0.14722762091140781  0.15768149379745172
  0.16806824784127700  0.17843130315289518  0.18880097259943504  0.19923294658840104
  0.20958819275500784  0.21995169327360067  0.23036236659767348  0.24080549164547504
  0.25128655025710372  0.26188019451881595  0.27244520785748988  0.28306607292466585
  0.29355642096073697  0.30405504780394033  0.31458666196751350  0.32513382842115013
  0.33561925622945804  0.34603350543148143  0.35643656492663983  0.36689734447582306
  0.37738246928476032  0.38796992102062228  0.39860995142776162  0.40920969178159405
  0.41977942929633000  0.43031974140662743  0.44089111088995503  0.45148924429478815
  0.46202318612039678  0.47257215025123400  0.48306969675523886  0.49363557161313265
  0.50415603072375270  0.51472206861096614  0.52537038578785211  0.53600281777917458
  0.54653059526223713  0.55691043324992662  0.56733235214387856  0.57785495294586187
  0.58839414295167314  0.59888541142047491  0.60938493559810192  0.61981947864551246
  0.63035668561580926  0.64085689550480907  0.65145574941285256  0.66207751954460681
  0.67254536466837500  0.68305186937750573  0.69349961700125917  0.70406961045919036
  0.71449916218933884  0.72501449393628714  0.73549811582906721  0.74605358065788352
  0.75661749771899700  0.76724517969381767  0.77784305353430083  0.78826077096119929
  0.79876181754397890  0.80931556200459909  0.81979721591279253  0.83018228448035591
  0.84066193034228176  0.85119302191338653  0.86179073643566639  0.87235057994141874
  0.88294144592388335  0.89352313473115774  0.90419366819510738  0.91491430837392174
  0.92568675840132197  0.93640030161417787  0.94706496886369917  0.95770190807849598
  0.96813936154886127  0.97875213605421030  0.98931072478817661  1.00000000000000000
 -0.00242281907035152  0.00960501692660633  0.01976705085516628  0.03025485283872498
  0.04073615638831497  0.05121297627145164  0.06167534255565166  0.07225121395792605
  0.08280982908512743  0.09334810547296435  0.10393771833633711  0.11454607703758916
  0.12517727233163994  0.13565526216710672  0.14610135574760938  0.15661410586512486
  0.16708247673876114  0.17765902868762004  0.18826294868621088  0.19892250119444568
  0.20942505987510904  0.21983419770843948  0.23020573638679862  0.24075900753376914
  0.25127298408883669  0.26181012388933511  0.27225201684607930  0.28266966310666819
  0.29310023344920422  0.30356456920103786  0.31411955043932738  0.32472908405623668
  0.33531876712635883  0.34595208749630274  0.35646699813217897  0.36689463455115073
  0.37732811263641963  0.38782964064514885  0.39856896936634162  0.40926788323839391
  0.41990769164009573  0.43039113937247708  0.44090919853024985  0.45159636489600474
  0.46224677351270010  0.47286011341194550  0.48331383842118536  0.49379279294919554
  0.50422279578968365  0.51473861277377952  0.52528556464477216  0.53591548379597986
  0.54648463407302184  0.55711887396788995  0.56769563427924286  0.57827197536093811
  0.58877495509271938  0.59924947113741078  0.60981168560461785  0.62034340869911964
  0.63088526064595529  0.64136644162916046  0.65194805095816211  0.66260919747097113
  0.67333855922785124  0.68399151038900841  0.69467246440999153  0.70524508591326041
  0.71579342156388637  0.72633658562967329  0.73682461943659516  0.74734342214845184
  0.75777470820212978  0.76828514149816740  0.77893202947628104  0.78956987697949566
  0.80018661431726068  0.81062506570109760  0.82109782398564668  0.83156561251168037
  0.84211401460911495  0.85267123470002715  0.86325810111163825  0.87375222515848860
  0.88415228520750755  0.89461388882556758  0.90504762184791832  0.91557829944371072
  0.92602555633781214  0.93660144034562309  0.94713412364309912  0.95771515166222765
  0.96822465128077595  0.97883424648628348  0.98938530040436878  1.00000000000000000
   9.1512477722753414E-007  -1.0000000000000000     
 T T F F F F T T
