 -0.00157309149128590  0.00567109126466918  0.01245624863375009  0.01911870718775046
  0.02611817352126753  0.03343687044080187  0.04106057256365187  0.04900694581016871
  0.05724942058580610  0.06573293244642824  0.07442289779877416  0.08324950113504803
  0.09222510478277797  0.10135720478051391  0.11062044512824552  0.11994718303523035
  0.12930437009513857  0.13872853474785896  0.14825069743500255  0.15785635967924985
  0.16750472663589119  0.17719319165713673  0.18694400255880195  0.19678432200891391
  0.20670720239102466  0.21666856960022091  0.22661695047955685  0.23654310502164108
  0.24651895829799705  0.25657096663472534  0.26666715702356886  0.27681765648642753
  0.28702354744274755  0.29723452653188653  0.30741281928111125  0.31757645332244205
  0.32778445893068531  0.33803758989446947  0.34829375419153907  0.35856423448382119
  0.36886796571787173  0.37921820390766536  0.38959440521776439  0.39998105936730211
  0.41038316870823194  0.42075691267389659  0.43111327282537182  0.44146697485430336
  0.45184463015946436  0.46224672738815670  0.47265457691462714  0.48307742240696600
  0.49354206902818476  0.50409698994370633  0.51475046699661020  0.52547196953603836
  0.53619697333820671  0.54686400121671386  0.55744414926197894  0.56797598270251259
  0.57854908615255562  0.58919354657446810  0.59988914355353484  0.61060625856377959
  0.62131511226045522  0.63202987891258255  0.64277330492431817  0.65358917065104871
  0.66446378624489744  0.67538201506303674  0.68635199418439530  0.69733887740977085
  0.70833366592330216  0.71934744502576009  0.73042564319420378  0.74155129805849562
  0.75267029243944450  0.76379487081902153  0.77494877200717416  0.78617818997728850
  0.79747961888314911  0.80881053386619217  0.82015962483354554  0.83155838665876325
  0.84305615893490993  0.85467106975319118  0.86642442112527307  0.87834451882128295
  0.89042029983359938  0.90269466202035831  0.91528214445167144  0.92831598473454868
  0.94195218026528216  0.95669586449236632  0.97517230350938122  1.00000000000000000
 -0.00229904998241741  0.00926882692884037  0.01937701481649658  0.02987709871707573
  0.04038697922140720  0.05081469392180667  0.06124452480106760  0.07173952446069465
  0.08230348493812270  0.09292516349767505  0.10357151196328931  0.11421050360561440
  0.12477843917467192  0.13542280593715936  0.14605377574559633  0.15667676763991265
  0.16717712094143872  0.17771307639957779  0.18832191484429464  0.19896277709235383
  0.20952791727679088  0.21999313721108807  0.23053083805291522  0.24120318423514470
  0.25186908325778412  0.26245055504100667  0.27298069981518908  0.28356313689934637
  0.29409027556036416  0.30452742762757007  0.31496474979090694  0.32544407253134150
  0.33600897117250100  0.34656789382413300  0.35705818183893273  0.36753566984857772
  0.37802806850210663  0.38852711260492950  0.39904053460294447  0.40958708488177831
  0.42012618966064552  0.43070759080853249  0.44128078175800317  0.45188882891565052
  0.46249066168268621  0.47318305898208396  0.48380219457300422  0.49431892594391491
  0.50473730680337348  0.51518148734354341  0.52569898143475202  0.53623179855531633
  0.54677357696106754  0.55737732385404715  0.56789397936000052  0.57845600062402858
  0.58888464937443641  0.59941073406105316  0.60992748455168466  0.62048403691216969
  0.63102230010407123  0.64155684227261389  0.65211159950697195  0.66259253940247265
  0.67307431054769429  0.68354785299967424  0.69408090894542229  0.70466622524358136
  0.71522391575609945  0.72566824801872087  0.73614724254127017  0.74668168629324061
  0.75743780986329534  0.76815466063670657  0.77877722398080407  0.78934432361020213
  0.79993438291672803  0.81053784607383172  0.82117868878362688  0.83175275430298246
  0.84231934107401230  0.85280418020668347  0.86324134730843050  0.87374139065530121
  0.88416261629596438  0.89469971362922840  0.90512996125948508  0.91564966366546452
  0.92613083066410407  0.93669476867594104  0.94729722000479666  0.95774705589834197
  0.96826188373307520  0.97875817473530036  0.98937941983386912  1.00000000000000000
 -0.00230534716859208  0.00935890548472269  0.01945311143317651  0.02996772563998439
  0.04041719388862655  0.05088068910067269  0.06128260152543717  0.07178195145226990
  0.08237927946688502  0.09311649431033461  0.10372428846111473  0.11423248662029915
  0.12475593908929006  0.13533702411109896  0.14586071223279062  0.15629671446878604
  0.16669130197368137  0.17724677960030502  0.18784764145364474  0.19840768589821076
  0.20891041732288362  0.21936973885705990  0.22990562320778382  0.24044924255310501
  0.25111371872240429  0.26172795064623172  0.27239316271760999  0.28309619363234112
  0.29379036732072494  0.30447121442339670  0.31508035614903301  0.32570234978807300
  0.33628751273258167  0.34686848040113122  0.35747080620479238  0.36806139262895637
  0.37860946023289449  0.38915581085778378  0.39964677267042548  0.41024328809924465
  0.42084212248070513  0.43150594089627192  0.44204020396801935  0.45255610244671490
  0.46309071222364956  0.47364383931589682  0.48418226931695135  0.49477304105379660
  0.50538701888156246  0.51602460408686712  0.52657121264772888  0.53707184923596174
  0.54754822409576531  0.55812365718694501  0.56864560043545287  0.57928993051549382
  0.58985050459851840  0.60050175850032017  0.61098188838338285  0.62154269400146800
  0.63205550586834436  0.64260486597273814  0.65294513634933848  0.66326103709613349
  0.67355932437803134  0.68397304618320287  0.69446071722279379  0.70500945063990950
  0.71546751419837995  0.72596903294327808  0.73642834908477439  0.74694913394269591
  0.75754000327504478  0.76811386540300219  0.77872139506541915  0.78918957796987843
  0.79967207510995175  0.81017212987447351  0.82075651689089391  0.83135515965323536
  0.84204138501818249  0.85271671306460517  0.86347616736105048  0.87412430845225964
  0.88470716891762147  0.89527989774300032  0.90577660963889362  0.91622916995587400
  0.92666895811572980  0.93710566751961999  0.94755753246623597  0.95804256452679037
  0.96855334685700845  0.97904099097407526  0.98951720733279902  1.00000000000000000
 -0.00243205007513090  0.00964133128716264  0.01989185481238739  0.03050101520668920
  0.04105387834690564  0.05157838254114276  0.06217559346906296  0.07265008072256221
  0.08310836941963858  0.09356286054141633  0.10408224621578509  0.11464059514788294
  0.12512393968153412  0.13565736129514844  0.14616908692279357  0.15670929406725662
  0.16718664359404367  0.17761503077983079  0.18812104516483949  0.19872069732532649
  0.20933422703580493  0.21988739606283436  0.23044438064683354  0.24094210595862953
  0.25140432180236372  0.26189530052383853  0.27236795806495040  0.28294288935885442
  0.29353467160342528  0.30422703797681244  0.31486719671422447  0.32540519752789637
  0.33583203126071948  0.34624190382048442  0.35664020472303659  0.36709940717231099
  0.37759249122848176  0.38815995287125621  0.39875985007366394  0.40940485253190539
  0.41989634775065765  0.43036789901435529  0.44079377667552455  0.45134252710425132
  0.46195910924255812  0.47257596164598620  0.48311501510699628  0.49363806628327817
  0.50410180653213132  0.51468367305683316  0.52516932165605412  0.53574992164520530
  0.54616289904159199  0.55672522839191330  0.56735666953490926  0.57808552377385569
  0.58870411228033748  0.59921315823225740  0.60973853905527509  0.62023767873459856
  0.63084694362348936  0.64148734185385814  0.65212282236277008  0.66273155141471662
  0.67319733123815639  0.68378690587900270  0.69431918708710805  0.70495947199379227
  0.71546416189825457  0.72593757374876111  0.73647606967928669  0.74703747199884063
  0.75768520525452399  0.76825155572160531  0.77871961726367300  0.78919406513667589
  0.79976155326330445  0.81037756092859314  0.82091122518703297  0.83145486554160408
  0.84205947568044948  0.85265515371466560  0.86320110202709588  0.87372250278640673
  0.88433816072673721  0.89489484800830532  0.90547722451590740  0.91601375040452471
  0.92652877352058660  0.93703614358144549  0.94764946795724103  0.95819071030508796
  0.96873992634021799  0.97914744868283987  0.98965891890319246  1.00000000000000000
 -0.00240209078091799  0.00941683329075728  0.01957297496311472  0.03018620420246037
  0.04085797827577781  0.05144968163112416  0.06209382112822388  0.07270613587446860
  0.08334729124146328  0.09387165371708583  0.10440914820623848  0.11489993243960388
  0.12542244068015748  0.13579953881310680  0.14614001847789210  0.15655295910014388
  0.16691646859361822  0.17740964859252603  0.18775878886805106  0.19822679884134925
  0.20876499309840965  0.21924261658269351  0.22971525820071731  0.24015064658527444
  0.25077258438233579  0.26137507403171434  0.27208431108404169  0.28273619653644172
  0.29343813687284831  0.30393432082757621  0.31446381521259992  0.32502290586168381
  0.33557823475423509  0.34611895849958713  0.35664086162591263  0.36725796312954906
  0.37784634574724868  0.38833481822425192  0.39881807284552306  0.40928142492174013
  0.41990117547662431  0.43034367444868676  0.44089017779928624  0.45139506233800830
  0.46189840665500942  0.47246788328944866  0.48308443875869544  0.49379678141057914
  0.50439699901216406  0.51493362240792129  0.52566353880229932  0.53633212472710767
  0.54695386820396352  0.55748547829965778  0.56805190799337091  0.57861157057861690
  0.58915934623354127  0.59970764587142955  0.61029869275635129  0.62083343193583551
  0.63140269250268766  0.64193933352645738  0.65251053859693187  0.66305829845285635
  0.67362019687162833  0.68422717754070284  0.69475353535470241  0.70525664169264868
  0.71574489370397099  0.72622286309100226  0.73676967692815609  0.74722200442917175
  0.75775596338738715  0.76826953085350169  0.77877537070339842  0.78923575421377212
  0.79965158386097357  0.81007796939356858  0.82054124745563961  0.83103707348551359
  0.84151192277052167  0.85205396988958748  0.86260280141830192  0.87310680374614558
  0.88355906694363406  0.89411346214064846  0.90473427404047457  0.91531465934394796
  0.92587919186530176  0.93649922014970144  0.94698109349213733  0.95758156621776436
  0.96812520682576353  0.97885051939899703  0.98936282649532192  1.00000000000000000
   3.6699907072962540E-007  -1.0000000000000000     
 T T F F F F T T
