  0.00000272515432040  0.00000343281762625  0.00000403979918198  0.00000465821963326
  0.00000532286432537  0.00000604904134918  0.00000685273332154  0.00000774077410972
  0.00000872792895659  0.00000982383275998  0.00001104578947502  0.00001243154463734
  0.00001397869765137  0.00001571320768537  0.00001765399015557  0.00001982335291924
  0.00002225686974199  0.00002499705284266  0.00002810172238556  0.00003156145518190
  0.00003543644527562  0.00003978175002226  0.00004463068721891  0.00005006263988447
  0.00005617040188209  0.00006301391349399  0.00007069728542740  0.00007932224608974
  0.00008901728208153  0.00009983421973904  0.00011200443292917  0.00012574007929427
  0.00014119011276300  0.00015852671489744  0.00017783604158209  0.00019927105828999
  0.00022334236669826  0.00025066040573081  0.00028171303921369  0.00031666834190022
  0.00035584716767233  0.00039970229616111  0.00044869710816510  0.00050353549541005
  0.00056519758341371  0.00063416033160928  0.00071114207799802  0.00079744854131187
  0.00089466721355492  0.00100424618715159  0.00112789785804029  0.00126699742282397
  0.00142281882389133  0.00159772276478645  0.00179445686390975  0.00201528233190997
  0.00226355127369734  0.00254462192124672  0.00286249549639459  0.00321923398685937
  0.00361722475034513  0.00405886026400185  0.00455042528873779  0.00510628222472837
  0.00574119921728324  0.00646045038323690  0.00726924476466675  0.00817421448113159
  0.00918995202046580  0.01033238031511453  0.01162619118081404  0.01310138185600690
  0.01476394366174364  0.01664496926091758  0.01876791015728727  0.02117102609671854
  0.02389829710824007  0.02700157758647703  0.03057010540078629  0.03468657701989643
  0.03943223763036581  0.04488676543362457  0.05111516060945615  0.05827161684892235
  0.06658512139158101  0.07636485469353740  0.08794652773771851  0.10182839187863109
  0.11868092059408607  0.13949532929719821  0.16551957682053117  0.19925826763775412
  0.24615792082884946  0.31886133410238410  0.46731908703195424  1.00000000000000000
 -0.00215436170566785  0.00939134302964716  0.01937703227419368  0.02992635776892996
  0.04039960245050794  0.05087061311100896  0.06128096802411586  0.07172151843826077
  0.08221179639088702  0.09258628334080352  0.10308145008843568  0.11344636203447642
  0.12374531948401413  0.13412881395439022  0.14450436038539605  0.15508654367025235
  0.16554819527576928  0.17629561636545252  0.18693013145599302  0.19759158369011337
  0.20821092147655829  0.21875079149577714  0.22929877880212574  0.23986347189366641
  0.25039770203758371  0.26102535414514461  0.27153306660860610  0.28204489871733573
  0.29255344348648044  0.30303227830367413  0.31355824693882089  0.32397902636186787
  0.33444111356623329  0.34508380864455918  0.35562399594661737  0.36618749543006418
  0.37672523610793163  0.38737725136258150  0.39800940840388599  0.40861186692259682
  0.41924689171555524  0.42984255597345666  0.44043797422731140  0.45097084126938436
  0.46157320476654168  0.47211645160119792  0.48266271697014662  0.49323536837051157
  0.50381867284949355  0.51450341099037866  0.52520615272377857  0.53597649329564090
  0.54671958512362073  0.55741829673486087  0.56804050558148589  0.57857022840838490
  0.58909825310077379  0.59959342907719759  0.61013919378841774  0.62065095674194715
  0.63120986740457563  0.64180012009468534  0.65238166686815846  0.66292034853448512
  0.67347342272529986  0.68396981938089918  0.69440500555463724  0.70477785008924243
  0.71525175859315049  0.72580361524286918  0.73638310863840628  0.74699486684832761
  0.75752842684000210  0.76807956562874102  0.77863521077443343  0.78921122999052351
  0.79978186782767136  0.81028270558795412  0.82089534843017598  0.83135352416339603
  0.84182075191137962  0.85230632095325576  0.86292423080666336  0.87356233284264240
  0.88410551790367764  0.89461678161291269  0.90500944457357202  0.91546490984356022
  0.92596800031169302  0.93648456156805260  0.94698358891744727  0.95753609278292706
  0.96817520664816248  0.97883513154746249  0.98940541875881349  1.00000000000000000
 -0.00236377143961135  0.00916735938237021  0.01913060877356852  0.02964849799895172
  0.04020772986539068  0.05086041492117669  0.06138951594877547  0.07204465138969698
  0.08258366932644641  0.09326655035870876  0.10390989767387072  0.11446143974728473
  0.12512685287301034  0.13576246174598117  0.14646853788434344  0.15710446203902176
  0.16773486595723039  0.17840339868248486  0.18898477776186895  0.19954232565420121
  0.21013689901715824  0.22078370503720207  0.23136711846196931  0.24191924460087813
  0.25236653390329733  0.26286711233960625  0.27339949529231855  0.28395141635395160
  0.29446321817208571  0.30496476365298514  0.31542139027285704  0.32590161514488741
  0.33630129584024654  0.34678905085289741  0.35729703818492464  0.36784876138720146
  0.37828761869367517  0.38865736847811339  0.39910403704609571  0.40966222202379388
  0.42012946721219424  0.43064216478655293  0.44118866185009925  0.45188770699262892
  0.46243537229148740  0.47294987175765063  0.48345308292288613  0.49406076102049945
  0.50472894676618774  0.51540972525884909  0.52603489795149772  0.53659731634264463
  0.54711948335850480  0.55758672081808947  0.56811841535927732  0.57864447994717116
  0.58926604613481526  0.59982406742870997  0.61044381511389056  0.62103105789469459
  0.63157430908325007  0.64205768244306027  0.65248472359730414  0.66288359903440774
  0.67328780607115946  0.68367978701020971  0.69416636228091433  0.70465359697131758
  0.71524011825001832  0.72587202406737239  0.73651942354819955  0.74710657289007265
  0.75770154820104163  0.76833459226921474  0.77903059258520113  0.78955553849207771
  0.80012557370572956  0.81061715425742198  0.82129349669078211  0.83189170382062549
  0.84248189804031148  0.85294899487962716  0.86340383256167463  0.87389436722854996
  0.88440893191061798  0.89486222347712230  0.90547646848761454  0.91602746589812456
  0.92650622021596241  0.93684422869860384  0.94724686096211563  0.95785955664555378
  0.96837634058572297  0.97895176275720686  0.98945556135183022  1.00000000000000000
 -0.00239075859355128  0.00947339821216959  0.01973816793498916  0.03016924545825245
  0.04064489848100177  0.05110863075427880  0.06168913696849045  0.07239253205455609
  0.08306705951140798  0.09379230695088114  0.10455231501970227  0.11530414544676673
  0.12603308637639654  0.13668096671949895  0.14726704414608449  0.15783058191570126
  0.16830646121791687  0.17885460008803064  0.18937536443049907  0.19988075954749668
  0.21030285525280124  0.22077919815636557  0.23130481158227797  0.24190402584515575
  0.25244846785065117  0.26301930327137441  0.27357312708180986  0.28417621887430927
  0.29466358728755498  0.30509858012392277  0.31553525951878097  0.32598874169829534
  0.33649582539656847  0.34698123656676788  0.35743386146030287  0.36794306966494661
  0.37842167069658617  0.38907036202285750  0.39983486719694855  0.41059041690624315
  0.42122974128668933  0.43171332264953566  0.44223074259625683  0.45284616149308377
  0.46343517703577974  0.47396114274484885  0.48447953697680790  0.49505574359096705
  0.50558130532846479  0.51615726365780212  0.52683620873900128  0.53744956824556667
  0.54805338073280518  0.55842875535852965  0.56896610010334325  0.57942141720515716
  0.58998736564203114  0.60069003830807821  0.61132602906517386  0.62201755411156057
  0.63262434371128473  0.64323622225789434  0.65381712758645083  0.66437603527727562
  0.67485548806331741  0.68521846427206667  0.69558583525428797  0.70591866387699975
  0.71638102978786899  0.72690978483186197  0.73758433812963620  0.74816606556514598
  0.75868621098450895  0.76918942339680274  0.77973068032499648  0.79019951011606449
  0.80066843805335486  0.81107719574826509  0.82155307266202615  0.83206738819338022
  0.84253151424712602  0.85306236701358806  0.86356704695458331  0.87406315955503566
  0.88448084692657813  0.89489209706938633  0.90542314827086290  0.91596845879789923
  0.92640974411890753  0.93693444799472358  0.94740752668435191  0.95799795746606486
  0.96853033961677693  0.97908361664537413  0.98957897543655005  1.00000000000000000
 -0.00244413645169029  0.00956468025259702  0.01964006291417433  0.03024391180705529
  0.04077006841683906  0.05141417516962477  0.06203017079781791  0.07262354559043775
  0.08329224492811906  0.09376869454400363  0.10424794070040858  0.11464769354745040
  0.12503148421587992  0.13545493343798590  0.14587115492883418  0.15632796097710358
  0.16680292941608926  0.17721911304119778  0.18768737518271436  0.19811638535803150
  0.20859874948672158  0.21904732637015006  0.22950819716459148  0.24007348451283325
  0.25058337472810460  0.26110861744289282  0.27157697706206541  0.28216258635571595
  0.29274780524837402  0.30332003715757777  0.31381304765038387  0.32432626204398141
  0.33478519091176295  0.34532968958461130  0.35587739863003132  0.36640060909298050
  0.37694540910689200  0.38752099960322051  0.39809076579932295  0.40865099973348779
  0.41922633650888058  0.42981450998026344  0.44030362118338062  0.45073466931457584
  0.46115227093437638  0.47168246723930962  0.48213912689492228  0.49259386723673421
  0.50306550684634477  0.51356245477882745  0.52403769581317361  0.53449924834730822
  0.54507775273133563  0.55565107258453417  0.56615651513440113  0.57660277050424946
  0.58710568769266003  0.59761464729072633  0.60817187278711671  0.61870688440341526
  0.62917001291646524  0.63962372927264999  0.65016154986450825  0.66080466550007388
  0.67143916765262912  0.68211748558541208  0.69283228557408794  0.70357675092467076
  0.71427620101146683  0.72489118589394930  0.73541804663993249  0.74597113989293895
  0.75663235330202516  0.76724163249041821  0.77774186964779235  0.78819846756819367
  0.79869819832530453  0.80922513636514171  0.81978414446125458  0.83029920495595144
  0.84081085028184355  0.85128184982989896  0.86181037753673251  0.87230569335912167
  0.88280999767471868  0.89334785429391594  0.90407479355228604  0.91488879806135748
  0.92563782700998398  0.93638127031471974  0.94712469134775812  0.95782599246390043
  0.96840033369825196  0.97888635803515733  0.98944859615712011  1.00000000000000000
   5.4146424973046668E-006  -1.0000000000000000     
 T T T T T T T T
