 -0.00156302686917512  0.00623939864385409  0.01360650246934327  0.02090128382853507
  0.02847901451659645  0.03635271860707110  0.04449701509975210  0.05292513745214351
  0.06152417947123348  0.07036937146900733  0.07946201449205600  0.08867339936498168
  0.09799937675337780  0.10738575849147892  0.11689501053062369  0.12648471366402667
  0.13609460147384822  0.14563607093968037  0.15521801477991684  0.16484713396312264
  0.17450209853977622  0.18412026240568741  0.19374517685647846  0.20348404798984127
  0.21330185326475926  0.22323786490380693  0.23317893169873274  0.24308416297880878
  0.25294941475292548  0.26278580071207869  0.27268209332714421  0.28262937393032833
  0.29256411564195733  0.30266451350888962  0.31288490775091893  0.32317871358914585
  0.33344219962632993  0.34365030672575381  0.35391950897801661  0.36433004596330187
  0.37474420439859302  0.38517891968754386  0.39555587601263809  0.40601793684877074
  0.41649236177771570  0.42701726516173671  0.43752737419386628  0.44801335213680449
  0.45850634004710106  0.46902112412345043  0.47955711985353339  0.48995598897281367
  0.50032016368317944  0.51076306022748008  0.52130460377368881  0.53190809664857763
  0.54242762402774847  0.55292198472178511  0.56344707434731389  0.57409229942680817
  0.58477155493011557  0.59542188295102172  0.60604534456481407  0.61665635414802866
  0.62727660976704647  0.63793359803301841  0.64860887189495553  0.65937220328928015
  0.67017045873841108  0.68107454581628324  0.69191894189321612  0.70279137665175839
  0.71372244419997544  0.72475452913329741  0.73583323577320536  0.74690810161546439
  0.75803265836531408  0.76912188354849187  0.78022794600352674  0.79132203948114310
  0.80246017224212285  0.81368858397547461  0.82507581912119332  0.83653917487668972
  0.84800768747610045  0.85950522418426401  0.87113902991397030  0.88291929128737245
  0.89495235866659650  0.90719308697746948  0.91960300143248519  0.93225564897005642
  0.94550538462728961  0.96000337758649301  0.97768996368313654  1.00000000000000000
 -0.00268536397034822  0.00971924962273425  0.02011046974772381  0.03055512769157305
  0.04124650167179954  0.05196886299225097  0.06266732243966897  0.07309080815172088
  0.08341922297491954  0.09401249765210389  0.10463229766765167  0.11517120419295042
  0.12563971133204174  0.13613430891210512  0.14678875428367844  0.15735837747319348
  0.16802347685143809  0.17864599003050430  0.18929353536800633  0.19981527680313216
  0.21026755653761653  0.22068487947578877  0.23108491358813005  0.24145614384099831
  0.25178179641817267  0.26213355551906864  0.27247738790472886  0.28280451768168008
  0.29329164622471998  0.30395307693216828  0.31462491101642254  0.32537117720099279
  0.33619722563445081  0.34707352150186160  0.35760381153376292  0.36800968383779331
  0.37831998387495713  0.38875462544591644  0.39911846918523747  0.40951643360894707
  0.42000875542281252  0.43063512825961558  0.44125886700365552  0.45178643214548686
  0.46229140686542480  0.47283512643164105  0.48338017758020208  0.49388556680779022
  0.50434863154172815  0.51482204207027826  0.52538801086141962  0.53604768475495557
  0.54672908945291587  0.55743184892375153  0.56796689479305640  0.57858878143426962
  0.58915127818084689  0.59987619560169791  0.61046013712293912  0.62098118797773716
  0.63144242030009612  0.64180002834791916  0.65219741898104655  0.66267691513541849
  0.67331662360898370  0.68404360271186226  0.69462335629499294  0.70512309643306059
  0.71544341910279119  0.72563630326506467  0.73582348100942219  0.74621103859181825
  0.75681326582205566  0.76754560181009257  0.77818010378055336  0.78888863419343558
  0.79959813200136098  0.81023876085220159  0.82072072746653668  0.83123381519233752
  0.84170077315848479  0.85218515217563895  0.86269516011147140  0.87317594767594053
  0.88374205648337556  0.89411031335811020  0.90460959732638180  0.91517066952190773
  0.92575395604084154  0.93627454477233718  0.94702552502837767  0.95778070281791750
  0.96847821815897006  0.97900664386284242  0.98952727553486453  1.00000000000000000
 -0.00256040388431739  0.00975045629287409  0.01996751443807825  0.03042380065143945
  0.04088179031517953  0.05134645686909413  0.06170322665342647  0.07197731808522799
  0.08227279462742514  0.09259040626483377  0.10315330616592563  0.11381731443694956
  0.12449141451914728  0.13497094283747449  0.14546208369030794  0.15591447236595313
  0.16634036808742281  0.17683326738774174  0.18734236077270694  0.19781712708139376
  0.20829192880869529  0.21891642188545055  0.22957978595664832  0.24018533930333411
  0.25078876425424418  0.26143975788461044  0.27212217178052411  0.28287601666420920
  0.29362414379262153  0.30440101343818032  0.31513447513118131  0.32582454555742812
  0.33646179811718779  0.34701592453052660  0.35759443172922623  0.36809455105056127
  0.37852587630168938  0.38884652570323158  0.39922962773657955  0.40967521818616148
  0.42016393049698197  0.43061561041259455  0.44106842623063441  0.45152629843540082
  0.46208049095156428  0.47270416110988661  0.48331713668005055  0.49383767167723297
  0.50440262889475129  0.51507046892597463  0.52572961681741404  0.53641170427439433
  0.54723991985864084  0.55806583516020514  0.56885596594121168  0.57949725314843492
  0.59014945106180516  0.60064917613689239  0.61112486779174580  0.62162891644179574
  0.63201946777873230  0.64248323415763042  0.65286356183885752  0.66326562655220866
  0.67360672787136522  0.68406630426637383  0.69469433227939048  0.70528631318971158
  0.71571821657425916  0.72609272504685152  0.73660185131401101  0.74720405269156143
  0.75789522867622905  0.76843192133979799  0.77882676706054366  0.78921643908966055
  0.79967349171248858  0.81020825699350618  0.82077871882499398  0.83134228679403699
  0.84186308215391292  0.85249938689836513  0.86298651800815307  0.87371472901739766
  0.88424855775230071  0.89470760316377873  0.90500534777550556  0.91519286354222462
  0.92566079443378668  0.93608746869710324  0.94677358469049133  0.95736563906581196
  0.96793720914968939  0.97852186911806771  0.98923265893451273  1.00000000000000000
 -0.00235283603084546  0.00999128615831413  0.02036666045378393  0.03109109990622949
  0.04170772676814386  0.05207314594274290  0.06242540851214489  0.07271091501892585
  0.08306326135295368  0.09366395893427558  0.10433786878675842  0.11501467061529221
  0.12539317617106263  0.13593271627437462  0.14657963543098840  0.15731850491512783
  0.16806136569410213  0.17869571955080660  0.18928147037094242  0.19962571954537592
  0.20998880353880101  0.22034952260756688  0.23081689435568228  0.24123168062548658
  0.25177340714010787  0.26241069343323858  0.27310937512291011  0.28365173726896148
  0.29416207637450686  0.30464368783768186  0.31506220404118213  0.32543916237996862
  0.33592692065068280  0.34661429016449469  0.35710595474181639  0.36755564614799535
  0.37782193175681517  0.38823312320477465  0.39858021333042609  0.40901628219794928
  0.41939292130355199  0.42970069199335281  0.44003130098347965  0.45038694244364907
  0.46077243012896713  0.47115350452128252  0.48159264979789573  0.49211076301459672
  0.50259504290011758  0.51313669870843293  0.52367249567256080  0.53416116111972289
  0.54469692422782290  0.55528393750839067  0.56601115390811951  0.57660151838127904
  0.58713402026699568  0.59779161470243569  0.60853697114759631  0.61936929075636860
  0.63004528936463167  0.64059787401235868  0.65109936663198797  0.66158283176027233
  0.67211347478447636  0.68264979467598641  0.69325976238838583  0.70391058738589773
  0.71462838052299171  0.72534220668092331  0.73615418146268641  0.74713104220888771
  0.75792443503809537  0.76873349016890269  0.77931495394398986  0.78987180773104160
  0.80033417060130119  0.81079760039818083  0.82135201284098092  0.83183321309040525
  0.84227646420930125  0.85289823073596094  0.86345711608871722  0.87390251085287074
  0.88420629001554973  0.89448958817955038  0.90501932131141472  0.91558307929220073
  0.92612199295119735  0.93651350511767273  0.94700368601079377  0.95747812824047440
  0.96802275779092894  0.97852517633063374  0.98925081243939228  1.00000000000000000
 -0.00247147091941917  0.00948882450952105  0.01949240045583759  0.02994565753620870
  0.04033582916580895  0.05077523838928903  0.06108268431420380  0.07169865326992236
  0.08224437120594623  0.09287165208493789  0.10337832791139452  0.11379201480757196
  0.12408631417660940  0.13449641711357774  0.14493634023974242  0.15559995617067116
  0.16619806124549533  0.17701400276125978  0.18765062988482434  0.19838389014970384
  0.20897863655751939  0.21954676734331202  0.22992915391137658  0.24026433032887670
  0.25068537454687279  0.26125220943629163  0.27190905198111642  0.28256217825769964
  0.29324867187424519  0.30393668429313564  0.31467262344250513  0.32539983649578869
  0.33609594108073509  0.34667437055142469  0.35722938893153017  0.36772310273030429
  0.37819759599577357  0.38851198288046307  0.39879202510558465  0.40914706449611349
  0.41959807449155051  0.43008958220657489  0.44057950018647690  0.45105644668901462
  0.46153694197996054  0.47206191257880709  0.48262032329186672  0.49319250452025204
  0.50370669975530979  0.51426384525842572  0.52491619115654231  0.53563732176779444
  0.54631750696569159  0.55699239968595260  0.56753905822669670  0.57827863592279338
  0.58908714929242167  0.59989041716096059  0.61053791962372328  0.62094396792998396
  0.63134195946505134  0.64172460736743830  0.65214033158584495  0.66259118990049204
  0.67313509523037796  0.68372712999291785  0.69412016364201601  0.70449884780462935
  0.71475235592909758  0.72519459167949418  0.73549683633845941  0.74600468600961301
  0.75665233241796459  0.76740597916471354  0.77826938729780315  0.78920342674235611
  0.80008801614453495  0.81086332175201559  0.82127630060011214  0.83175297732212816
  0.84211125040468560  0.85270516924702044  0.86326121308239168  0.87377940602765347
  0.88419043237052863  0.89475878263393083  0.90557457275976749  0.91636858843744995
  0.92681586603883670  0.93719465596747054  0.94764726284227263  0.95814758377395792
  0.96855539371840060  0.97897799082842019  0.98947819055923503  1.00000000000000000
   4.3096894529339796E-007  -1.0000000000000000     
 T T F F F F T T
