 -0.00171927632532365  0.00613803426831609  0.01330875957089424  0.02040290218555482
  0.02783851927395149  0.03561576749347749  0.04366947211217913  0.05195855874849364
  0.06041903020493299  0.06909762386489984  0.07798302197848202  0.08703684901511241
  0.09628997293255365  0.10566746693542622  0.11512010634372750  0.12462130704908488
  0.13413903410714470  0.14370931006769988  0.15332497006086251  0.16303101101432718
  0.17272830919314106  0.18250473774123924  0.19231433268306969  0.20230147720279232
  0.21234102440433764  0.22239837548249400  0.23243546431257364  0.24249672511461084
  0.25259881681727814  0.26274590945164356  0.27286839488510800  0.28304833741465968
  0.29326957018839772  0.30351660798948332  0.31374048308240704  0.32397671647767284
  0.33426982764719537  0.34459266067189909  0.35490572126773151  0.36523990071001206
  0.37558708435608429  0.38597595590605782  0.39635114957696155  0.40680465129954096
  0.41727742041248883  0.42777029750643064  0.43819404235735804  0.44859230374010756
  0.45901218929981685  0.46948220311205158  0.47997359625030983  0.49046359505542320
  0.50097561083220632  0.51153302725296745  0.52211936498436329  0.53263140773054629
  0.54315325767716438  0.55371465712358814  0.56430013448226457  0.57487925777586812
  0.58546035452467560  0.59608379756698460  0.60667471637496506  0.61725627902151103
  0.62788688044688312  0.63861551266426486  0.64937407958607840  0.66006469109199395
  0.67069057163471490  0.68136608683791455  0.69215817293288995  0.70300735752157895
  0.71386892884677167  0.72476802958564757  0.73579524107720995  0.74686433797326035
  0.75789159639545955  0.76889893151875599  0.78002712035069321  0.79126895457889990
  0.80254668673365626  0.81378955294815103  0.82505369398572292  0.83633855843011662
  0.84774715402535727  0.85922297420771221  0.87085641442531070  0.88266490040697654
  0.89471495364880105  0.90690722105815003  0.91928790365009594  0.93199163874234014
  0.94526343707651028  0.95969498117332175  0.97738005386332938  1.00000000000000000
 -0.00247586666407215  0.00940080382061391  0.01962768656673045  0.03024572558125040
  0.04101322168208171  0.05176299622390059  0.06240857357626479  0.07293730026838703
  0.08346674164067543  0.09406334554895303  0.10451319307247169  0.11501184556138100
  0.12547624494340154  0.13608702609491424  0.14667516298508779  0.15718460583658880
  0.16776764084840665  0.17834139216521869  0.18902583136906356  0.19964750001797618
  0.21035930808712586  0.22100734013308757  0.23168439927118195  0.24227459776039953
  0.25283359038148839  0.26331598578428966  0.27385101207499296  0.28444214852480243
  0.29497918501116832  0.30543992253955421  0.31585855904996069  0.32641289683225511
  0.33691296822866718  0.34745516620532629  0.35790512293218185  0.36846558490134079
  0.37905766967265808  0.38966345086468035  0.40023581455355089  0.41075617154551713
  0.42126122869738036  0.43170529708580357  0.44217886332101514  0.45272458923244308
  0.46336412102358371  0.47402216457667062  0.48460396342648110  0.49522139162973311
  0.50579145126585878  0.51640991712361861  0.52690948429442497  0.53740127967045648
  0.54786401318553812  0.55832322342143703  0.56876378123602744  0.57917624672481538
  0.58961733395851834  0.60004811498233823  0.61050623135267434  0.62097364676337385
  0.63150037680444471  0.64211366699845318  0.65262141421265485  0.66304385550278200
  0.67346792033249214  0.68392713530543259  0.69448562852432505  0.70509943820839627
  0.71585802195638015  0.72663549686730344  0.73726482633767731  0.74778637175350704
  0.75822177216618458  0.76866040973738925  0.77910849303180862  0.78961812908337914
  0.80012660066428709  0.81065804027201427  0.82121886950405654  0.83171227867761366
  0.84226623295672054  0.85281052402028890  0.86344686465070530  0.87406523527735980
  0.88465099007237702  0.89517289966230729  0.90565035645564040  0.91615023605602863
  0.92662018693500681  0.93711119002713839  0.94751586151182055  0.95800711842389252
  0.96850520940659601  0.97893968332479941  0.98946146921119082  1.00000000000000000
 -0.00246614134889502  0.00962220520830959  0.01982612997194177  0.03031402811305330
  0.04091569722140671  0.05144246400666529  0.06195750219098894  0.07246226639988200
  0.08310049203559108  0.09384104559055736  0.10476914775657574  0.11549762046265225
  0.12626363065211371  0.13691058490472538  0.14758942436740502  0.15826079707777674
  0.16880255699136618  0.17943834327442088  0.19011331151283214  0.20092373604681657
  0.21175474739841665  0.22239493924773351  0.23306678494483932  0.24370904400361282
  0.25438979664985117  0.26504373381122615  0.27565827949139932  0.28630443647757892
  0.29685753776147233  0.30742867410365221  0.31782655948635918  0.32816080261574920
  0.33841229755795205  0.34878246206601488  0.35929295721830146  0.36977156145050033
  0.38030578866258830  0.39075732550247011  0.40133590139484543  0.41191093081824992
  0.42248047060450067  0.43306876357207802  0.44361279711637219  0.45427581774213621
  0.46490676739223197  0.47554948312237760  0.48608648230199580  0.49650950117581810
  0.50684116811802815  0.51709804135688975  0.52741887138431698  0.53772636729229639
  0.54809553760528607  0.55845575199383457  0.56889296972587011  0.57933693452223889
  0.58981327950794005  0.60033250557498552  0.61085635264264959  0.62136993919178307
  0.63182779904237973  0.64230092896679880  0.65276976746504967  0.66324848003175418
  0.67372585796012086  0.68412238312478302  0.69465858724803908  0.70523371626513964
  0.71591577955675323  0.72642205227569578  0.73695346454274746  0.74749537117991760
  0.75811709870601829  0.76876544617225462  0.77938079378556979  0.79000851230627367
  0.80055170685377319  0.81101790870352930  0.82142475931096326  0.83177112409234732
  0.84219798718490768  0.85262734238974502  0.86318404436075091  0.87372715879395668
  0.88429167760073479  0.89471666922197834  0.90513323660654132  0.91552159659628218
  0.92599988821693657  0.93645667444990766  0.94691485409442255  0.95743316866130801
  0.96803126434495945  0.97872232724784425  0.98933149155095190  1.00000000000000000
 -0.00249422032604064  0.00985728665449377  0.02020762743411538  0.03068480126345348
  0.04122092230452853  0.05168687347088061  0.06221362008504740  0.07255299781369159
  0.08296173861626911  0.09348318498535503  0.10411652848955417  0.11467591452420071
  0.12523740368582728  0.13594360325377616  0.14668843389724262  0.15724144858259001
  0.16759703800712866  0.17794565235699783  0.18830209561272918  0.19873997105172306
  0.20910701505836099  0.21960344917795613  0.22999880777089024  0.24052753443968322
  0.25102475627745818  0.26158736851541742  0.27220703099399302  0.28279717627954459
  0.29331953085650087  0.30377841950635470  0.31424761734602241  0.32479249502655488
  0.33527429947167131  0.34578834895896060  0.35630623813651363  0.36687676327894353
  0.37746063605011415  0.38813276334655339  0.39879201086536109  0.40937685006260943
  0.41988938481271809  0.43038417442452165  0.44100494314171174  0.45154065544313338
  0.46215157752425429  0.47261852625972317  0.48312683538871648  0.49352422101081650
  0.50395612221180186  0.51441904997761001  0.52493900460533749  0.53542444279976953
  0.54585410163650483  0.55622510291659111  0.56659402990814356  0.57697595686513115
  0.58740331251742250  0.59797647736632353  0.60850018622965452  0.61898290551962998
  0.62942044472682468  0.63986890472297853  0.65038366654418100  0.66082672226863026
  0.67133216178984600  0.68182604988171658  0.69235398149165295  0.70291841602881611
  0.71358893216092256  0.72423108692339344  0.73480213455534193  0.74535419527326552
  0.75600879918634278  0.76673428259495591  0.77736890458223107  0.78786498880932432
  0.79842916607400294  0.80898422758580524  0.81962645382291688  0.83025256443313022
  0.84088341176084835  0.85155677706162136  0.86214413329552264  0.87276594104434524
  0.88350531385191822  0.89414128060902676  0.90465699821135903  0.91503416775065682
  0.92556751979140373  0.93625041652502261  0.94689644090502478  0.95751317931015834
  0.96816898101581195  0.97885455953395639  0.98943774274718266  1.00000000000000000
 -0.00236411042238485  0.00981199533025737  0.02001721077296325  0.03047032325981928
  0.04073101896435711  0.05100487029184734  0.06128393006183570  0.07173647550859670
  0.08220848290125211  0.09288282212014577  0.10349438170508288  0.11416539108852485
  0.12473856970357880  0.13535986491690358  0.14589422887017936  0.15640420929610410
  0.16685516686640783  0.17730183735817806  0.18776983438681416  0.19833170488305321
  0.20893779979962479  0.21941952981164595  0.22983213601145891  0.24021062009052849
  0.25068014285397433  0.26121395727179253  0.27176029172765270  0.28226466632032066
  0.29283973592352691  0.30345809347574876  0.31410338356213352  0.32470244336857657
  0.33532648853449115  0.34600186729756383  0.35656276258680769  0.36711459576106192
  0.37763606484726325  0.38820692018011155  0.39874045690976789  0.40924784206958026
  0.41973919367855522  0.43026055066533386  0.44083022414215423  0.45136785645708427
  0.46184929461032459  0.47221438965418616  0.48271251453566016  0.49317477004421123
  0.50372485030266467  0.51418604662767986  0.52472424096552017  0.53529600672154543
  0.54594496644681589  0.55655343504725230  0.56707823287195558  0.57756677645879051
  0.58811113777633706  0.59867277390477680  0.60921445764033255  0.61972358163307806
  0.63024761460571310  0.64074886663376263  0.65129366997902138  0.66194677184079942
  0.67266012490489235  0.68336150150406993  0.69394104400655832  0.70450008105925388
  0.71498211391854505  0.72542141016214023  0.73582873829832152  0.74632940101181278
  0.75692067486580750  0.76754177000005186  0.77814829288069098  0.78874003115822522
  0.79928161758288008  0.80979335724820889  0.82026973957897342  0.83078187726292985
  0.84137206564774702  0.85190925085030800  0.86243773013436331  0.87297133634653712
  0.88363865140271514  0.89435644628664190  0.90497380360538826  0.91563533154480736
  0.92619092562565619  0.93687799940535454  0.94739746754842236  0.95794276851703997
  0.96835170232090262  0.97887879123496668  0.98942964383209286  1.00000000000000000
   7.3703618582304695E-007  -1.0000000000000000     
 T T F F F F T T
