  0.00000000006160111  0.00000000008862808  0.00000000011739903  0.00000000015167983
  0.00000000019332167  0.00000000024475834  0.00000000030873952  0.00000000038907402
  0.00000000048987100  0.00000000061645979  0.00000000077418300  0.00000000097523312
  0.00000000122675005  0.00000000153951655  0.00000000193058677  0.00000000241912985
  0.00000000303955502  0.00000000381598237  0.00000000479706473  0.00000000603815506
  0.00000000760447334  0.00000000955720888  0.00000001200644220  0.00000001507349299
  0.00000001893790178  0.00000002373484466  0.00000002978683411  0.00000003747604136
  0.00000004715595862  0.00000005932505052  0.00000007461544637  0.00000009381355459
  0.00000011790197670  0.00000014806086448  0.00000018613712989  0.00000023413656040
  0.00000029430640332  0.00000037009715290  0.00000046522219176  0.00000058482402978
  0.00000073461860624  0.00000092230067247  0.00000115837279602  0.00000145543348558
  0.00000182776237196  0.00000229589764692  0.00000288141144905  0.00000361657483745
  0.00000453739957545  0.00000569759429097  0.00000717252085364  0.00000903084986569
  0.00001137149128714  0.00001430133533449  0.00001796966451425  0.00002256895082538
  0.00002836044889165  0.00003565947363273  0.00004480704568912  0.00005626789542106
  0.00007062562526114  0.00008870857022770  0.00011156764466328  0.00014044080901959
  0.00017658526166711  0.00022146847873724  0.00027741033248018  0.00034836153355036
  0.00043822097602574  0.00055162018936896  0.00069432245347264  0.00087399276390273
  0.00109892514350244  0.00137956006305127  0.00173213304032853  0.00217814539205155
  0.00274396811132014  0.00345957424164140  0.00436443253432703  0.00550238556636001
  0.00693247655833799  0.00873277293278843  0.01099919189557375  0.01388243843564380
  0.01756822722825010  0.02230843225324279  0.02844614624828323  0.03642102870363888
  0.04690908787213272  0.06088709210806423  0.07987767677641219  0.10657962618579819
  0.14620749327536267  0.21221058072548810  0.36743542229903359  1.00000000000000000
 -0.00238273372923022  0.00928139766092096  0.01934578101032457  0.02990788426895711
  0.04047246456986014  0.05107673931266137  0.06168575689095693  0.07225150958737454
  0.08270244967883597  0.09317841929057581  0.10366616205830929  0.11430524405739320
  0.12485483817019336  0.13550939601636500  0.14605526861540347  0.15669602804168536
  0.16726697354675532  0.17791388871932845  0.18857629053248398  0.19918814859970591
  0.20978890404801967  0.22037103167524716  0.23091076597428598  0.24139928801379923
  0.25184983612985573  0.26239782338770845  0.27289268357194230  0.28340076279539989
  0.29388191535397840  0.30448333320608184  0.31508838918888904  0.32560052488450203
  0.33597362994688623  0.34636667999247034  0.35691548145481133  0.36757306448944910
  0.37816856109182279  0.38866407408954012  0.39920219328803885  0.40977676292304982
  0.42035342447858187  0.43095489605482673  0.44149448768146765  0.45206473968315514
  0.46257097224342042  0.47316054357210929  0.48371802463692143  0.49426089158318198
  0.50485348099859351  0.51548055205404941  0.52616333024444528  0.53679751138625742
  0.54739288503511252  0.55792568904027318  0.56847487223463999  0.57901920239914106
  0.58952180503779361  0.60005511690127222  0.61062291626754972  0.62126968283326145
  0.63184254680796936  0.64230261451540804  0.65287696886855728  0.66344936371462471
  0.67411206486342923  0.68469689003689271  0.69526586392446743  0.70582878153361439
  0.71628310978451348  0.72676885855748030  0.73725214208432110  0.74774211037854121
  0.75826402903577961  0.76879168511241391  0.77933029607079618  0.78987827501866392
  0.80046240595037366  0.81105941494277811  0.82155754472084952  0.83207883477824773
  0.84254603048117194  0.85308594811124971  0.86367546990153721  0.87422047417992188
  0.88479709510098359  0.89536505236148889  0.90585065011200072  0.91637225701065916
  0.92670367954355359  0.93714844477401948  0.94750836252597725  0.95787657667347048
  0.96845059113997023  0.97894947613438688  0.98953269544604050  1.00000000000000000
 -0.00224631689793683  0.00940035641556834  0.01941130572994238  0.03001921128020388
  0.04063507383639091  0.05112389470187348  0.06146550556025924  0.07183809232637765
  0.08222867657261754  0.09263453244355459  0.10303403248186671  0.11357795105431556
  0.12410248307535136  0.13461228972745945  0.14510600077373301  0.15568428930402617
  0.16626604683382201  0.17674631194718210  0.18717762748526265  0.19767864062821186
  0.20839408225870920  0.21911042268417646  0.22984906151717188  0.24038680667194323
  0.25098790615992239  0.26148996156070720  0.27212344650451542  0.28265113882747850
  0.29321653335670583  0.30374863557663206  0.31439106930047539  0.32492095504153096
  0.33545494104631363  0.34591363160970245  0.35647505076855202  0.36698624251195971
  0.37757957195130504  0.38811734921753543  0.39865218377116973  0.40920240105549899
  0.41978249957388714  0.43032971770408424  0.44083441239693466  0.45125889116612555
  0.46182976228500006  0.47229175211343205  0.48289374085013342  0.49343634472664083
  0.50408491891902452  0.51475362852931672  0.52538153017269884  0.53610745549172090
  0.54664747313154716  0.55722445860718528  0.56774723219622125  0.57837682886490727
  0.58892324232235738  0.59941996547600640  0.60989191546934407  0.62036773341513463
  0.63084018987764978  0.64129225825923220  0.65178596164944969  0.66224847783342489
  0.67278651784633836  0.68325947925725028  0.69372365743928155  0.70414154123300010
  0.71461536145549420  0.72517082127655363  0.73573493482977304  0.74634680734723502
  0.75700054374628678  0.76769545499886682  0.77826221870579393  0.78879009599084915
  0.79937437814777945  0.81001523935204722  0.82063014960534675  0.83117281818376743
  0.84170437456787384  0.85222812120067326  0.86276745624948803  0.87318991570083193
  0.88366432838881115  0.89415339087816248  0.90478226439352083  0.91530701503506684
  0.92584404658872510  0.93645734304592820  0.94703872052082294  0.95765430206510571
  0.96827628315535330  0.97891425629938922  0.98948611664507502  1.00000000000000000
 -0.00240254449136098  0.00947312614519614  0.01969355147039704  0.03022461565731601
  0.04075600719961452  0.05123491382692974  0.06176271634370807  0.07232366226369875
  0.08290732113058691  0.09347032138875350  0.10410766842036186  0.11479680411021204
  0.12543303049653498  0.13591790361889861  0.14640663571108967  0.15697536857518993
  0.16751189851102172  0.17799473916487926  0.18840562277060796  0.19890915457220926
  0.20947719254035510  0.22012975898563941  0.23074510143485596  0.24126971083665483
  0.25182395867812646  0.26244326552967029  0.27298911793194619  0.28350504752764843
  0.29394687915498052  0.30449014636689342  0.31495053043448867  0.32540993954568731
  0.33583548333107682  0.34631504011960562  0.35683720674181163  0.36735183306311492
  0.37789271520811518  0.38843271159808052  0.39899344014775062  0.40968746240740123
  0.42028984098226041  0.43086084522050544  0.44131573086249759  0.45192855217254452
  0.46258166960313735  0.47325065354092710  0.48384219800841199  0.49435087158644975
  0.50488005992858598  0.51541148366787404  0.52596611679080107  0.53648721223024765
  0.54704714665561915  0.55763549859654371  0.56819356937029819  0.57875695261546845
  0.58928490397483635  0.59977515825655547  0.61026311095999652  0.62070998102263752
  0.63119746143144972  0.64155519852457787  0.65187796258566988  0.66226581619140301
  0.67288687607229081  0.68358064936774310  0.69419945853790732  0.70478420901352923
  0.71532236562945684  0.72587854710017452  0.73639935471383977  0.74692708304185296
  0.75742728014559424  0.76781445333954956  0.77833957189192093  0.78883389348027455
  0.79942223233088228  0.81000059970240168  0.82065755660414186  0.83129425055030570
  0.84186464764186153  0.85235775508053357  0.86284458116528961  0.87326987298258341
  0.88378902523393765  0.89425057166648725  0.90482779701540683  0.91534272224067303
  0.92601138379636250  0.93654970268221094  0.94709574919449713  0.95748817261599495
  0.96800476303341354  0.97852838720439994  0.98924395152602473  1.00000000000000000
 -0.00244751391091403  0.00950247552984334  0.01977659249089204  0.03044132877569544
  0.04113766153742218  0.05166759698970388  0.06233657893428638  0.07286947783507207
  0.08351756862114085  0.09400655937721160  0.10462992606299823  0.11525787479723484
  0.12586840373562683  0.13644899041554392  0.14705943455534087  0.15768040289103696
  0.16826130407825826  0.17885399812346905  0.18946440881384935  0.20006127681893524
  0.21062111779979992  0.22130842495743358  0.23202965184516669  0.24266767157451152
  0.25315323126834938  0.26365101188539947  0.27428440586044073  0.28494392196463747
  0.29562816099425610  0.30621441825935369  0.31681540803277730  0.32740065851616657
  0.33798959553314400  0.34851202370411483  0.35910480439187487  0.36970257859856981
  0.38027314515297489  0.39072416826550826  0.40118838752838687  0.41175717302798431
  0.42231994187086480  0.43293252856755676  0.44351684793331320  0.45414459316411371
  0.46465062870562240  0.47512776101276771  0.48555722637513982  0.49604972793184249
  0.50644888945939848  0.51685943974691784  0.52729344864765471  0.53779776368082888
  0.54821487182949580  0.55863040315055712  0.56912922971028734  0.57962577295778273
  0.59017702429713670  0.60064356553558929  0.61119476189474553  0.62162066350397382
  0.63213718729861812  0.64268295405667120  0.65318598659735039  0.66376888851093152
  0.67425321417383077  0.68478037910115586  0.69531995204299324  0.70590173655620081
  0.71647075670416382  0.72691870991887630  0.73745685032642794  0.74807088492117590
  0.75872582345461903  0.76929170620568421  0.77975202289832957  0.79023404693773958
  0.80066974118370482  0.81110169192978721  0.82159607698117021  0.83218067822170128
  0.84284924597499700  0.85340669227700094  0.86383577961909530  0.87422131911051004
  0.88470893774602211  0.89526956700467208  0.90588634631615117  0.91635313780196281
  0.92675571336384222  0.93723115220431863  0.94771327846023201  0.95827209166138871
  0.96874926485336110  0.97915026731016519  0.98958348131480711  1.00000000000000000
   1.0841795070201352E-005  -1.0000000000000000     
 T T F T T F T T
