 -0.00154888352585770  0.00575596839296064  0.01264545586026776  0.01935372729033881
  0.02641653396501891  0.03386124036633507  0.04162199267388576  0.04970120159347068
  0.05801442799474112  0.06653731844271184  0.07525813125733727  0.08419140994745943
  0.09334780941050405  0.10261880506649516  0.11190780569445571  0.12121505944892315
  0.13058795804405632  0.14004373895202180  0.14957119509850220  0.15917715561320767
  0.16884446373502321  0.17855819075337420  0.18831662478986111  0.19812367647414228
  0.20796516548134822  0.21783096631448925  0.22774476717633430  0.23774571130457772
  0.24783255784110877  0.25794875073456680  0.26805363317991449  0.27814760765243229
  0.28828033216569043  0.29848106669627023  0.30874950192700540  0.31901522397872856
  0.32924310724157563  0.33941890096492472  0.34959665104029480  0.35981818415798711
  0.37006541073719995  0.38032437913604172  0.39059206397188578  0.40090662209047739
  0.41127815944559631  0.42165525136272047  0.43202573426627644  0.44237574095592808
  0.45276061607041085  0.46319790986159526  0.47367364462412231  0.48415519667762558
  0.49466541647967155  0.50522384542138954  0.51581282510386195  0.52634872237149533
  0.53685722121819435  0.54736021036756533  0.55791851132637538  0.56849311832563654
  0.57909156188004451  0.58973704273504424  0.60045617674593288  0.61125044548888241
  0.62210590458118686  0.63295089000693650  0.64374617003012058  0.65448710063887028
  0.66524181184284703  0.67602912615947319  0.68685338670947482  0.69773165400662207
  0.70869050057087046  0.71973816456082940  0.73084869915198214  0.74198213125689472
  0.75309718114036583  0.76420570693984879  0.77533042058918089  0.78652344463723833
  0.79783010574151902  0.80921680424606346  0.82062291437511425  0.83204742300266532
  0.84355115908174549  0.85517945758826586  0.86692645767807719  0.87879949933859336
  0.89081635387449276  0.90306074409538828  0.91564481116781360  0.92866428273858748
  0.94223649702284773  0.95689776967433937  0.97535388418172708  1.00000000000000000
 -0.00232235304573800  0.00923140755843247  0.01922795523905701  0.02977377601061122
  0.04022182058018411  0.05078944246136086  0.06133913254662404  0.07202569016092190
  0.08270615365453172  0.09342178656839163  0.10407423230175275  0.11464529562431118
  0.12519420378715043  0.13567428729757708  0.14616458234488081  0.15665295286837502
  0.16720965186861525  0.17775584668788202  0.18835420816653201  0.19890434506710411
  0.20941964656987269  0.21994804460223266  0.23048642995609772  0.24100366794570174
  0.25140901853116782  0.26178517521810379  0.27218056111606626  0.28265185799328729
  0.29318830794007855  0.30374575572708962  0.31432523903631926  0.32492384071943259
  0.33548416502890577  0.34601589019295864  0.35653389547309122  0.36705249206001345
  0.37749435874324561  0.38789143434339179  0.39834117120056750  0.40892252040644306
  0.41951599739099926  0.43007095320249639  0.44062075571374110  0.45117919086172487
  0.46181240501488224  0.47234525978327935  0.48279511435418238  0.49321033676098380
  0.50364680204025802  0.51420761796884285  0.52473092518298969  0.53526605737916333
  0.54574791051530014  0.55632786135782353  0.56684904684535309  0.57730570973018702
  0.58775843135504446  0.59827231566964278  0.60885701786608870  0.61949533775816024
  0.63009914816157064  0.64071946057478990  0.65129747616853195  0.66188918131602004
  0.67252878121468962  0.68304644664830771  0.69360453534169175  0.70411115124465218
  0.71474342441678163  0.72530470642924194  0.73587165294629309  0.74640942989581993
  0.75702824867842289  0.76763032900132888  0.77816262304791417  0.78873652553658913
  0.79931048218244916  0.80994764230475635  0.82056584171725078  0.83118664719310364
  0.84177151077530521  0.85229593836008022  0.86283576672759665  0.87338916478427897
  0.88394211716257232  0.89459922042348605  0.90530363147354753  0.91585431235244708
  0.92620425120034899  0.93661076389308129  0.94715310723515911  0.95775423397373005
  0.96830847535619946  0.97886287274807648  0.98945176749226316  1.00000000000000000
 -0.00235465815742869  0.00954925613614596  0.01966760326842245  0.03033279067979928
  0.04083956725000897  0.05142019799567835  0.06197852071762421  0.07256030288664550
  0.08308822739862606  0.09366211281000983  0.10412528895806629  0.11460706005325451
  0.12506622023837968  0.13556966072929427  0.14616347396247217  0.15677817858896118
  0.16741965684538362  0.17803060294256684  0.18862142594955117  0.19923220528195298
  0.20979257050539615  0.22041238803515500  0.23105624582632128  0.24167149205730201
  0.25226936441044356  0.26277552648161601  0.27331120358207028  0.28388876068797286
  0.29450195163313581  0.30511056166333350  0.31563269941614908  0.32620667490184113
  0.33677138703264731  0.34727605315865495  0.35776225479249052  0.36827895633655039
  0.37884939609219653  0.38944713891055083  0.39999013560734664  0.41063524811020524
  0.42121492766543045  0.43180738174962707  0.44222083765209380  0.45261897100822368
  0.46302609273545686  0.47347830100096161  0.48399273352160277  0.49456783126855680
  0.50509445897102767  0.51561760906230070  0.52608018496913955  0.53662564833033377
  0.54714961677102503  0.55776540960650167  0.56843045303086459  0.57904678207146987
  0.58949722535089732  0.59999711241804510  0.61054680928679284  0.62118249123924074
  0.63168642961892141  0.64220430912088167  0.65277924174906965  0.66332157476654985
  0.67386723080631694  0.68436441114610280  0.69492262528964843  0.70548198104895177
  0.71596373094591736  0.72648606688730644  0.73695399820156549  0.74741907647375461
  0.75796688144588864  0.76852770255877034  0.77913789336755490  0.78964551226573776
  0.80017358602368693  0.81065471260872046  0.82113610158668415  0.83156028202946641
  0.84200883081389921  0.85241639865173080  0.86289038760894665  0.87337693797087368
  0.88396577145438038  0.89451791238224376  0.90504816116863740  0.91559162850357323
  0.92604092407020178  0.93659197244635539  0.94710307166615060  0.95767263830033378
  0.96812930748124337  0.97861103512123604  0.98927033824789345  1.00000000000000000
 -0.00242891232617857  0.00951021960175565  0.01971517332358360  0.03014925194080540
  0.04066136523537823  0.05109962326734752  0.06170445984930002  0.07218334481077859
  0.08274422026867620  0.09331307888321849  0.10391873161805854  0.11451498763984273
  0.12504839728383355  0.13550467515937101  0.14597785105643124  0.15648738058091513
  0.16700962914496600  0.17759939238993422  0.18810950090928835  0.19865396326253990
  0.20907685972377893  0.21964102178072059  0.23017524457742572  0.24070273682316132
  0.25112109741224775  0.26162461428848932  0.27213454479133359  0.28271192905659120
  0.29327020825015360  0.30384279024123156  0.31435953755079443  0.32486843398106746
  0.33537772891766748  0.34586413759248402  0.35633253184709551  0.36681569136579217
  0.37735783563185760  0.38798315412557294  0.39859036953160770  0.40915311657314185
  0.41965536194430042  0.43012418360583093  0.44064904579468717  0.45111490775906032
  0.46161056542473006  0.47208762591342496  0.48258693585853224  0.49308000159851745
  0.50369564967801239  0.51432555655981704  0.52491740194376446  0.53542322782109264
  0.54595373903402644  0.55644159742801957  0.56686194225378406  0.57728822656231094
  0.58779969689520561  0.59837238130963721  0.60895879003897246  0.61945410327254480
  0.63001315739442509  0.64053421438506875  0.65113750024833483  0.66169840376641698
  0.67229491717860390  0.68289602636000446  0.69341582363578047  0.70398838419050314
  0.71450160577602440  0.72502052389085092  0.73540005045624568  0.74589513569793953
  0.75638911557449529  0.76697836949227804  0.77750117516651018  0.78809709517288296
  0.79864599943876280  0.80922819410103308  0.81985658413573559  0.83052708110450613
  0.84116455073485064  0.85170270952910909  0.86231224420123986  0.87295407524584512
  0.88356592764752451  0.89406703349809558  0.90460812813100888  0.91518396243477129
  0.92570254464665469  0.93624844088479864  0.94691463849029223  0.95760192996992277
  0.96828107070863623  0.97883700196033974  0.98946277273095617  1.00000000000000000
 -0.00231942396125491  0.00931812465161878  0.01933768961064392  0.02987829819501086
  0.04041247537225193  0.05087341699681246  0.06138164699999354  0.07191978480411362
  0.08258062664080291  0.09321123815617108  0.10383674383118038  0.11439539659722592
  0.12497140908156240  0.13553968272563119  0.14612301730768909  0.15671371579716506
  0.16731104175418471  0.17780747295633351  0.18833350715719321  0.19885920420149239
  0.20940234981747452  0.21989895274323304  0.23046378674302143  0.24104026749672613
  0.25161921244894153  0.26209453152076984  0.27251645210636743  0.28296696311576480
  0.29352120449838565  0.30414855313780781  0.31469646948209179  0.32510872860914269
  0.33550956602579657  0.34589337570378792  0.35634036407793790  0.36682848532504919
  0.37730696926973611  0.38776045754161920  0.39820257219530303  0.40873092073137918
  0.41920765184677916  0.42967734558142323  0.44021700865771690  0.45084367607147702
  0.46149205206468813  0.47198228842914342  0.48252950425137725  0.49309132387392035
  0.50377686820174394  0.51436488990088036  0.52489810583962027  0.53538085504157018
  0.54587559466786684  0.55644713438767723  0.56705696164418551  0.57777835894327445
  0.58852304181588022  0.59925277745396621  0.60991432196771933  0.62045369037538256
  0.63099968786355332  0.64153957155473051  0.65206194046656751  0.66245265299330724
  0.67293057100330878  0.68358590286914245  0.69432517725131038  0.70506808311296110
  0.71581020387343275  0.72652726155266012  0.73715159350144588  0.74768053977789684
  0.75825767055256932  0.76875576577015570  0.77927942248092885  0.78972395201196888
  0.80018850525728991  0.81062037090221850  0.82113974746890750  0.83162442475570031
  0.84210768075092313  0.85259273746814268  0.86315226669051370  0.87377111251626682
  0.88431232971818508  0.89494908889689517  0.90546455799161707  0.91606644664884052
  0.92660390553101213  0.93705294769415060  0.94750298190624149  0.95792135956062952
  0.96839612571559708  0.97894564828688324  0.98944727586744996  1.00000000000000000
   4.9141774768375223E-008  -1.0000000000000000     
 T T F F F F T T
