 -0.00160071268629016  0.00595244995778417  0.01280673190835136  0.01956451081064895
  0.02664133983609001  0.03404423776772727  0.04176887646775787  0.04978181271587884
  0.05804538098794898  0.06650505348825218  0.07516430639844679  0.08398525422158500
  0.09296350725469173  0.10207212942268394  0.11128935699968515  0.12062003555849538
  0.13003261144785408  0.13949830184527018  0.14899326860772816  0.15850872732352653
  0.16810516515534760  0.17780463636655675  0.18758634193959486  0.19741026383544574
  0.20722876892671926  0.21709976614597523  0.22700756213865081  0.23694121589724071
  0.24689512870051364  0.25688443337594485  0.26691260155621099  0.27693752237793029
  0.28701485708735563  0.29717843209883243  0.30742573137876689  0.31768066426039920
  0.32787556460919770  0.33805029012233895  0.34821598303905005  0.35840563969360917
  0.36861260604968504  0.37884713271571868  0.38911253774195215  0.39935343807138091
  0.40962227501338339  0.41997230995693718  0.43041338821323405  0.44085323096763807
  0.45127956516852252  0.46173254724368934  0.47223254361788558  0.48274575202345632
  0.49325491256943893  0.50373557603041108  0.51420181712808921  0.52470355534425628
  0.53527133222906109  0.54592980919565681  0.55659255882704617  0.56725054288607191
  0.57789801510630723  0.58859386388325607  0.59937086371857218  0.61016661440674147
  0.62097468756507102  0.63181214152547882  0.64267874577143003  0.65352373465250391
  0.66433729462096858  0.67514486778374028  0.68597470349582468  0.69685337921417423
  0.70781538279738043  0.71882412249861838  0.72983945053124810  0.74086392750764318
  0.75193059839783249  0.76304386478043129  0.77422083395168484  0.78546176446295779
  0.79676919126989632  0.80813656491489461  0.81956999097004435  0.83105812904153653
  0.84264025788413899  0.85435741085048800  0.86622366885268831  0.87819229114923814
  0.89027270260061842  0.90251394137288610  0.91502538506307829  0.92795817669033764
  0.94154813043154062  0.95627209336361918  0.97485493939671397  1.00000000000000000
 -0.00228615795356113  0.00936564201703811  0.01949380755678669  0.03006330455735131
  0.04063355327812939  0.05121995361893815  0.06183357291925687  0.07245240124897778
  0.08302332088443683  0.09350671840553160  0.10401700306336896  0.11449816292122847
  0.12505852517153182  0.13561721678252792  0.14614962041174515  0.15664805515605362
  0.16706227045577843  0.17751945143100531  0.18800565014202592  0.19854442626023294
  0.20914259934245327  0.21958992488456242  0.23011342324404710  0.24065034731789947
  0.25127988909383991  0.26193289342588361  0.27259422168818692  0.28321989175608125
  0.29382458546103463  0.30433847643526835  0.31485392833422088  0.32531334298959713
  0.33581170286181322  0.34633733619760593  0.35684826034472344  0.36724887150818647
  0.37771701240786931  0.38818450026895246  0.39870172469753101  0.40922454599897967
  0.41968577145319630  0.43020461235627416  0.44072231691758273  0.45134391171284854
  0.46184265935820756  0.47229782389838604  0.48273843097707958  0.49332450330324240
  0.50399394775028239  0.51458831497531732  0.52518290313177896  0.53567745547959211
  0.54623156224932778  0.55676133093959168  0.56733091616971842  0.57795748216264720
  0.58848364034898903  0.59903687120129934  0.60956920689848060  0.62022533692480197
  0.63084211355388220  0.64151810269787279  0.65203384128418662  0.66261760513954615
  0.67315901974741810  0.68386080334224564  0.69444315107837218  0.70484587892941875
  0.71524104487239226  0.72566692081495099  0.73616768644224251  0.74676437541188567
  0.75738231013930424  0.76811152035607921  0.77871247632314999  0.78938419632022794
  0.79994254956230260  0.81051103284018289  0.82097684867953780  0.83143142108366774
  0.84194378585239626  0.85248509332204669  0.86309475596387020  0.87363005160977125
  0.88411000540386098  0.89461201183745154  0.90518086015568067  0.91581485214718328
  0.92644319650488927  0.93694087503407419  0.94742020058987597  0.95792098165076034
  0.96856169319832053  0.97908306781798349  0.98958803483741620  1.00000000000000000
 -0.00240347589684346  0.00945464268620593  0.01951786781979078  0.03004866741505682
  0.04056624309158536  0.05109094169355495  0.06156588588903489  0.07208798729976572
  0.08274275934007726  0.09329375347700920  0.10378594751618719  0.11414106803412982
  0.12459996895304191  0.13509869768305022  0.14565935387879089  0.15619483351984648
  0.16681580891255574  0.17742954683943379  0.18809152117384834  0.19864711069014673
  0.20923946106618274  0.21977509928877409  0.23041924436659000  0.24095171877156327
  0.25154854156714235  0.26210890941343246  0.27264626058265995  0.28310036853009629
  0.29357901809325271  0.30403834493419080  0.31446822831449467  0.32476047583958345
  0.33517728058480256  0.34566700484366414  0.35616883511462527  0.36669519359929575
  0.37723755549308369  0.38784033564846343  0.39838891584497577  0.40896057413957271
  0.41944482853428494  0.42993534062228922  0.44046053393151335  0.45109939942028587
  0.46173030041054380  0.47229663637250607  0.48284340762371014  0.49337639572042857
  0.50391886333765068  0.51452479407896956  0.52510082450181850  0.53568977400846840
  0.54617234241345114  0.55670457195499334  0.56726010920521519  0.57785299114611965
  0.58839425087876551  0.59888784393235839  0.60944876559275929  0.62002936522417806
  0.63065726257414767  0.64119632491115519  0.65174246352709242  0.66216843918173929
  0.67266228745117806  0.68320153958859176  0.69376745614596669  0.70420722739845665
  0.71461790010626480  0.72512457843024225  0.73570866381344269  0.74628121322541396
  0.75695089707735019  0.76754955026369820  0.77808705326685335  0.78857527035807407
  0.79916857053679380  0.80975461971557916  0.82032941293936690  0.83094106823359637
  0.84153946958361869  0.85204914809346211  0.86257656563266560  0.87314941772784671
  0.88382953483879689  0.89436650698470843  0.90498282041493605  0.91544645092330534
  0.92607560351517049  0.93671424990626784  0.94739181876130762  0.95795612628801818
  0.96846022115992580  0.97894538558485722  0.98946118945045902  1.00000000000000000
 -0.00230607817633055  0.00916961427765444  0.01919432723916926  0.02960178280864269
  0.04027852240431910  0.05097192520325062  0.06168757903155404  0.07222381047288799
  0.08268882759068595  0.09319967063338661  0.10370466766978088  0.11429686262546628
  0.12474262040370536  0.13522686807231307  0.14569451230538283  0.15626566380133919
  0.16674869772696010  0.17725073066323804  0.18773312370956693  0.19836355376503051
  0.20905405407389235  0.21968717516459865  0.23038726319200040  0.24097196371827090
  0.25152355919583708  0.26200765215371480  0.27255466303039849  0.28314086633256336
  0.29378501955895231  0.30439241554987340  0.31503583951929670  0.32560686271537070
  0.33623383228286408  0.34689335593127185  0.35756173515592155  0.36818380274668117
  0.37876307964536543  0.38933582485367807  0.39991452176707315  0.41049413831870063
  0.42108731031472929  0.43166457906879119  0.44216306518694409  0.45258192315878298
  0.46302328363803869  0.47354556235121581  0.48403989870970626  0.49444501905497701
  0.50484644995076178  0.51529423357229753  0.52586321470679487  0.53643773496467884
  0.54707010107568699  0.55765368360446421  0.56820944492556891  0.57875508864579173
  0.58933487794068751  0.59996400405971928  0.61057149901073160  0.62117696236905728
  0.63176674430100432  0.64238845812381329  0.65292495786655091  0.66345479212701619
  0.67401280830289190  0.68462297113571879  0.69519996945191176  0.70573090170606634
  0.71625339251078091  0.72681363634847784  0.73732362424974751  0.74786735404473093
  0.75831652650899617  0.76870297008901933  0.77911959905414263  0.78955880710294590
  0.80013160133314254  0.81054634750449739  0.82105786052789886  0.83151923955142526
  0.84208386867766472  0.85262300907291877  0.86318931729397264  0.87378145598753465
  0.88430726355765576  0.89486444297945056  0.90540701465566487  0.91598289656591558
  0.92647384788211928  0.93700654002652395  0.94746265865260060  0.95792099043200563
  0.96837435254914950  0.97889571314438406  0.98942115968558664  1.00000000000000000
 -0.00243068070844072  0.00938563900934624  0.01941131367527913  0.02990658267310343
  0.04040268380703269  0.05093981401924352  0.06147927322172671  0.07200285990331434
  0.08251689906153065  0.09299575538231319  0.10346564164168810  0.11390202108346002
  0.12437932256424486  0.13488252116677940  0.14540973225992532  0.15590460923697286
  0.16642430848117873  0.17705631447880804  0.18771539063010539  0.19847365119945959
  0.20910589598427926  0.21977090712108832  0.23031118194696468  0.24096153613953225
  0.25155503207577368  0.26226423063212789  0.27297799350133456  0.28370421188995476
  0.29429921046397506  0.30474190127141421  0.31520567438113517  0.32567830744133536
  0.33628728899220350  0.34690318204397480  0.35753538319358613  0.36807734298462808
  0.37855880791514085  0.38899848415264293  0.39941092018702984  0.40989047713720000
  0.42042729593527245  0.43106522033713562  0.44163077081384339  0.45216606471362270
  0.46283270250666897  0.47345085362872064  0.48406841386717753  0.49455563846874301
  0.50505307279209355  0.51552835055483548  0.52599572207139100  0.53651690825206533
  0.54702743783286667  0.55755279845633599  0.56808052810016030  0.57869909317715928
  0.58919089688597726  0.59966216415529294  0.61018636555696859  0.62080821902542938
  0.63139867042029185  0.64191534253557525  0.65253413889042444  0.66321279787277920
  0.67384745858994288  0.68435814985858823  0.69485664989437934  0.70526007772049637
  0.71577376137290916  0.72621354476270106  0.73667776409275687  0.74706818668430475
  0.75756314771565247  0.76806778055472691  0.77854688535761962  0.78905157410075333
  0.79972929694416195  0.81035043260314044  0.82099582733094678  0.83152119848805817
  0.84207223711047408  0.85254299111199805  0.86308050306688222  0.87375456749429703
  0.88435069343765360  0.89503053568378377  0.90558124575123577  0.91616463372033541
  0.92670743935846045  0.93713150736712492  0.94755786595947544  0.95793248436895428
  0.96839346698637607  0.97889831216273659  0.98937720200316659  1.00000000000000000
   9.1514445368914032E-007  -1.0000000000000000     
 T T F F F F T T
