 -0.00171937412955895  0.00613864936829485  0.01330977809597157  0.02040420394124893
  0.02784004281795712  0.03561746795511567  0.04367132642378065  0.05196050241735158
  0.06042103856943781  0.06909970352202333  0.07798514885279043  0.08703903309348922
  0.09629220358215398  0.10566972841813203  0.11512239557921583  0.12462361623017082
  0.13414136075606345  0.14371164279169990  0.15332731632642532  0.16303336403236846
  0.17273068113470383  0.18250711952965615  0.19231673368087340  0.20230389397337106
  0.21234344055873486  0.22240077492834154  0.23243784231144812  0.24249909963733352
  0.25260120798969427  0.26274831554645117  0.27287080462101854  0.28305075518584422
  0.29327198611282496  0.30351901600193704  0.31374287384154975  0.32397909284772941
  0.33427218618749144  0.34459499662125914  0.35490803611693711  0.36524218468258934
  0.37558933959909357  0.38597817782586352  0.39635334497801261  0.40680681731350560
  0.41727955185490501  0.42777240481232237  0.43819612256636264  0.44859436918942236
  0.45901423191000401  0.46948422379105970  0.47997557984033906  0.49046554574482026
  0.50097752645672389  0.51153491910198656  0.52212121554325353  0.53263322231155186
  0.54315504594459951  0.55371642230433127  0.56430187435626367  0.57488096036900305
  0.58546201733791126  0.59608541294660167  0.60667628677402274  0.61725782152367970
  0.62788840604071705  0.63861702027144962  0.64937556253249773  0.66006614304052391
  0.67069199942416691  0.68136749203263691  0.69215955133076290  0.70300870255523662
  0.71387024076254235  0.72476931122482013  0.73579649146166826  0.74686554529483240
  0.75789276209072054  0.76890006273587130  0.78002822928464288  0.79127004259189315
  0.80254774366535442  0.81379057461432436  0.82505467332929749  0.83633949742641100
  0.84774804397654824  0.85922381428895922  0.87085720282524681  0.88266563591170821
  0.89471562616415323  0.90690783319342438  0.91928845258976866  0.93199211736636067
  0.94526383658472501  0.95969529456469460  0.97738025099705061  1.00000000000000000
 -0.00247587006760700  0.00940081161360254  0.01962771045008934  0.03024576855334564
  0.04101327616671471  0.05176305892498834  0.06240864312754982  0.07293736691148296
  0.08346679453137382  0.09406337204654359  0.10451320218656630  0.11501184542043698
  0.12547624031080240  0.13608700892568559  0.14667512170181385  0.15718454204829926
  0.16776755681869937  0.17834129717120259  0.18902575922596460  0.19964746042674913
  0.21035930173612791  0.22100734784585743  0.23168442257529173  0.24227463230998955
  0.25283361772916013  0.26331599205805734  0.27385100094916526  0.28444214024381376
  0.29497918697281400  0.30543994044714073  0.31585859753131662  0.32641296003206766
  0.33691305954780681  0.34745527968523837  0.35790525342589324  0.36846571369978670
  0.37905777846757099  0.38966353922394198  0.40023587985293646  0.41075621545304530
  0.42126125937573722  0.43170533135172484  0.44217890408701177  0.45272462718513889
  0.46336415139664855  0.47402218065917079  0.48460396864274546  0.49522138384753617
  0.50579143697348006  0.51640990513392282  0.52690948808396099  0.53740128840476853
  0.54786400233383492  0.55832318125377911  0.56876372077997417  0.57917617037987901
  0.58961725756966821  0.60004804463548267  0.61050620374958486  0.62097365462217957
  0.63150042803278861  0.64211373254812665  0.65262147922183122  0.66304391061302104
  0.67346797639474831  0.68392719672662750  0.69448569370221480  0.70509950219954987
  0.71585808891758629  0.72663555277933134  0.73726484858358432  0.74778638448222989
  0.75822178782155436  0.76866043643553994  0.77910849955906036  0.78961811650169167
  0.80012657493100203  0.81065801329744747  0.82121885983789322  0.83171229816108405
  0.84226626924024461  0.85281057503640412  0.86344691713334931  0.87406528364105418
  0.88465102232097093  0.89517290785127923  0.90565035045315723  0.91615021846935785
  0.92662016014668036  0.93711117277498146  0.94751583757573532  0.95800712369380714
  0.96850522934310412  0.97893971241371858  0.98946148110176813  1.00000000000000000
 -0.00246613277722253  0.00962219794954312  0.01982611000285388  0.03031400925281198
  0.04091566211925021  0.05144243140065811  0.06195747878388552  0.07246223985389079
  0.08310046500790694  0.09384100848173897  0.10476911275982798  0.11549757668224765
  0.12626359306260238  0.13691054276410106  0.14758938203459532  0.15826073817699818
  0.16880249358413912  0.17943827366973994  0.19011324559211867  0.20092367963852309
  0.21175470824569034  0.22239491643442769  0.23306675930965859  0.24370901251560290
  0.25438974501250788  0.26504369075176021  0.27565823427655856  0.28630439178428246
  0.29685747259632012  0.30742860579627657  0.31782648895565790  0.32816075093979008
  0.33841225774036793  0.34878244989750462  0.35929294572822812  0.36977153802717960
  0.38030574890714641  0.39075728360056800  0.40133587052616249  0.41191092604645363
  0.42248048283332085  0.43306878397956200  0.44361283752972203  0.45427588110980893
  0.46490684148588601  0.47554953989577903  0.48608652659487761  0.49650955357205045
  0.50684122125498476  0.51709809362909231  0.52741891664966734  0.53772639901304875
  0.54809555644099528  0.55845575035978989  0.56889297596512678  0.57933694056406349
  0.58981328163350544  0.60033250885080480  0.61085635580923836  0.62136995237584669
  0.63182780217778889  0.64230093658345222  0.65276976602600290  0.66324847053210589
  0.67372584589701623  0.68412237460162584  0.69465857729235836  0.70523369393566004
  0.71591575223171533  0.72642201308069065  0.73695340545384302  0.74749528060266324
  0.75811698971724162  0.76876531301142081  0.77938065126295042  0.79000837239682642
  0.80055158894509670  0.81101781274791096  0.82142468483145703  0.83177108957365353
  0.84219798219609898  0.85262735114606836  0.86318405114177177  0.87372717528382626
  0.88429169659553686  0.89471669667319742  0.90513326046638354  0.91552162416041538
  0.92599990730001791  0.93645669252843677  0.94691485682535548  0.95743314536446444
  0.96803123706402794  0.97872230939013072  0.98933148893360301  1.00000000000000000
 -0.00249421507142867  0.00985725843180888  0.02020757070101253  0.03068472355029241
  0.04122082356551279  0.05168677311246038  0.06221351522827270  0.07255289959217544
  0.08296163588229516  0.09348309358822567  0.10411645544129443  0.11467586654405013
  0.12523737352910988  0.13594358139164922  0.14668841460542092  0.15724142830945001
  0.16759702491719436  0.17794564570428320  0.18830208024779874  0.19873994925808636
  0.20910700476626154  0.21960347362487495  0.22999885433182649  0.24052758865703910
  0.25102482173585383  0.26158744053535843  0.27220710638255974  0.28279724029173908
  0.29331958323949048  0.30377845945773113  0.31424765250527176  0.32479252814345311
  0.33527431358598181  0.34578835418614307  0.35630624484197915  0.36687677556110682
  0.37746063131985336  0.38813274566144262  0.39879198696263440  0.40937684613398950
  0.41988939326505548  0.43038419288998775  0.44100497080816825  0.45154068474742182
  0.46215160708460201  0.47261855149011411  0.48312686315931047  0.49352425883717888
  0.50395616920746600  0.51441909261862162  0.52493902942306603  0.53542444417773394
  0.54585412246395615  0.55622515571530051  0.56659411507148927  0.57697604351992249
  0.58740338486403443  0.59797652699872517  0.60850021490328543  0.61898291811792105
  0.62942043924223634  0.63986890751030634  0.65038367556493104  0.66082674186554735
  0.67133216504081794  0.68182605442300637  0.69235398393497760  0.70291841457721249
  0.71358892046700062  0.72423106936421722  0.73480210600300788  0.74535416289602108
  0.75600875681169699  0.76673423656056150  0.77736885710445447  0.78786494292940179
  0.79842912502985397  0.80898418594479948  0.81962642322947343  0.83025253952060030
  0.84088339287931357  0.85155677220956827  0.86214413863110939  0.87276596192768796
  0.88350533266855302  0.89414133129245676  0.90465706308027238  0.91503424969890412
  0.92556757438532455  0.93625045077424807  0.94689645693713131  0.95751319211908881
  0.96816900208976697  0.97885458861994790  0.98943776968640296  1.00000000000000000
 -0.00236410860424025  0.00981198376253110  0.02001719456618642  0.03047031214368501
  0.04073101474241360  0.05100487303467093  0.06128394535398044  0.07173649798384966
  0.08220849356949453  0.09288279524104130  0.10349435211453829  0.11416536631335658
  0.12473857104356892  0.13535984783593921  0.14589420099166786  0.15640414802227212
  0.16685508950906516  0.17730174688541059  0.18776973807794126  0.19833160636389061
  0.20893769252543093  0.21941942491167260  0.22983203594402199  0.24021054008817594
  0.25068007184812668  0.26121389611493412  0.27176023006418037  0.28226460640340822
  0.29283966999685268  0.30345802067006972  0.31410330181278068  0.32470235367549088
  0.33532639033638229  0.34600176945860861  0.35656266332941144  0.36711449757980957
  0.37763596678470840  0.38820682634999454  0.39874035525096962  0.40924773130780501
  0.41973907667764904  0.43026043539663866  0.44083011639533287  0.45136774847744709
  0.46184919095828403  0.47221429709685564  0.48271244194395208  0.49317471160864673
  0.50372480190158497  0.51418600260570335  0.52472421871225439  0.53529600911255626
  0.54594498081462628  0.55655349257554654  0.56707833779796779  0.57756693810786430
  0.58811129714817245  0.59867291539498158  0.60921458225223168  0.61972369079548650
  0.63024771100073085  0.64074894060535326  0.65129372628372750  0.66194681624116825
  0.67266018722255627  0.68336157151496513  0.69394111543978110  0.70450014593035160
  0.71498217602583680  0.72542147049953554  0.73582878739672997  0.74632944379014887
  0.75692070340772255  0.76754179209499296  0.77814831679435525  0.78874007678924096
  0.79928170207861293  0.80979349215650986  0.82026990301369962  0.83078204695554714
  0.84137221481413849  0.85190937572955949  0.86243783784881245  0.87297144520864733
  0.88363877020766157  0.89435655946033787  0.90497392296541801  0.91563544776230243
  0.92619103922770851  0.93687809705469971  0.94739756477949166  0.95794287423173641
  0.96835179843412689  0.97887886308879846  0.98942967988059460  1.00000000000000000
   7.3703314151517829E-007  -1.0000000000000000     
 T T F F F F T T
