 -0.00160235156507587  0.00593066266580257  0.01287309144250311  0.01961549666830131
  0.02668863013036644  0.03415091848731698  0.04195017571309953  0.05002912352446520
  0.05833125769652855  0.06683997826296022  0.07556689602102129  0.08444519898677819
  0.09344387203418461  0.10252594485819727  0.11170739168360767  0.12102325798469872
  0.13045803358994901  0.13998263050672269  0.14955335536602263  0.15919874004549095
  0.16892553049427067  0.17871250626635085  0.18852681469004390  0.19836368617084660
  0.20824594721644726  0.21817092337939425  0.22812725978684659  0.23812504765664375
  0.24815613218473176  0.25818350971098786  0.26818751748363834  0.27819852091137315
  0.28827024747249508  0.29840743529472541  0.30856105195576744  0.31871806882648651
  0.32891099622045161  0.33912201448958590  0.34933026142122636  0.35951565949545461
  0.36972153745706376  0.38000659425327538  0.39033897013981911  0.40067261429530371
  0.41100287371317817  0.42137161416241048  0.43178490184993040  0.44217277763286056
  0.45253667809568288  0.46292516376499698  0.47335807909310862  0.48380354125401021
  0.49423426175889784  0.50471089006977088  0.51527834671599471  0.52591973648032264
  0.53656595930379980  0.54719618007569393  0.55783700293382510  0.56849144603343649
  0.57914292068000117  0.58978697939345870  0.60045982167072198  0.61118899748109734
  0.62195957530426471  0.63274196578084541  0.64351290743502831  0.65425684236046588
  0.66502212141369033  0.67586063854132439  0.68679353271748000  0.69779142154917739
  0.70883396357689221  0.71986495027663555  0.73086622106407584  0.74185177533468194
  0.75286737997347375  0.76393105355729563  0.77505230244369694  0.78626075774942139
  0.79754092038539814  0.80887915945652344  0.82029580356788467  0.83178999896875727
  0.84336149743396016  0.85501206188297141  0.86679141696318529  0.87871992389193521
  0.89078818841008989  0.90305479449492987  0.91557785467407860  0.92853557366591577
  0.94212049596560632  0.95683183278266537  0.97527834847684292  1.00000000000000000
 -0.00237376963294968  0.00942422327543643  0.01939928914559153  0.02990437227701392
  0.04027905533668110  0.05078694220974844  0.06115548688750047  0.07164915733188278
  0.08209966663351558  0.09271060671652313  0.10327851764753807  0.11378178010406358
  0.12424551192755189  0.13480590657860955  0.14533300312455028  0.15587001255140043
  0.16636585858761491  0.17684409573279164  0.18738469236191108  0.19777196398774380
  0.20823325849390553  0.21871351674389500  0.22929923129874710  0.23992254615911757
  0.25057115204262870  0.26121586015159221  0.27188726699521976  0.28253713781670919
  0.29311185695423564  0.30365783175076039  0.31417003593853216  0.32466449390306884
  0.33518048192565908  0.34576676728702704  0.35643030550513277  0.36703896604453490
  0.37758616642941645  0.38819041816869881  0.39872791867352958  0.40924383387524527
  0.41961571353349864  0.43009458257563871  0.44060241503685288  0.45117205130376603
  0.46170646915595348  0.47219329807425992  0.48272470701822506  0.49328486936112742
  0.50380063209855985  0.51441135574644392  0.52494872052945452  0.53557860083045394
  0.54611125513453207  0.55662947680085872  0.56716116289360952  0.57777635986231957
  0.58847132152183834  0.59905640943029892  0.60968909657245529  0.62017262706319853
  0.63080731849345761  0.64134439145466693  0.65198583592094972  0.66257025053941199
  0.67309144097096707  0.68370754794490751  0.69425161400000224  0.70489964967386065
  0.71558586210101460  0.72634331095705873  0.73704490033604397  0.74765645097522260
  0.75821582277349098  0.76867719266534817  0.77903846493268547  0.78951572345535737
  0.79999329116129791  0.81051037448447660  0.82102105567831773  0.83154054584013970
  0.84216833779038569  0.85274583081825484  0.86334935668260326  0.87394699549333410
  0.88450457844472685  0.89508718642026008  0.90572577269893373  0.91636177218468617
  0.92691167417871201  0.93741504578586987  0.94785574980953569  0.95832059547519399
  0.96876764103118007  0.97914330528731708  0.98960887231409056  1.00000000000000000
 -0.00246463678972635  0.00956015434806085  0.01975100904517674  0.03040363401481010
  0.04088093485247024  0.05133345632319402  0.06174942843949601  0.07228514135693284
  0.08278655600363040  0.09333705071570883  0.10387604118830049  0.11435811756182905
  0.12480589686239328  0.13528895704200655  0.14572711816870701  0.15616953103470027
  0.16658018071517719  0.17708379124144491  0.18769719575500451  0.19824900852703864
  0.20895092840000618  0.21946707337557092  0.23020880117638451  0.24082837318261191
  0.25158080440402036  0.26217918302939597  0.27275003909728263  0.28331719599147798
  0.29386564432575868  0.30455457254953333  0.31521517875027610  0.32597380045955876
  0.33661064682635256  0.34713599816339913  0.35765741722944683  0.36814647451057791
  0.37870837904730786  0.38919026516881644  0.39962761659487406  0.41010806433297270
  0.42056687702286050  0.43110337770267620  0.44157788747917048  0.45206009533709635
  0.46247567207263185  0.47299711892569873  0.48349149169688022  0.49402472934943664
  0.50444801975571940  0.51496174984019194  0.52554309353091289  0.53606142698398396
  0.54662552740999681  0.55707057112064873  0.56758428700380581  0.57807786747914836
  0.58864822106285153  0.59927202145342595  0.60975101975203116  0.62027686713725916
  0.63074774862973992  0.64124801866747561  0.65178687888012610  0.66237587317609226
  0.67299448997085354  0.68356190821827190  0.69407707064060442  0.70462287361338827
  0.71512483028639073  0.72565724220441241  0.73613611043335603  0.74667361703353829
  0.75721402224750389  0.76778395379757813  0.77829330929315066  0.78876853582599260
  0.79916555531890365  0.80967586113515100  0.82026620082762913  0.83088093998817725
  0.84144167993987740  0.85198140744227868  0.86254362289941799  0.87308027872685179
  0.88371850611417735  0.89439199865284880  0.90504046573631347  0.91562745372465026
  0.92625452140648024  0.93690439402480696  0.94742578332543337  0.95793171913893849
  0.96844196531264515  0.97899026726954230  0.98947683273243059  1.00000000000000000
 -0.00231204613557587  0.00918441054806116  0.01916318489828760  0.02963328800406332
  0.04005298132272935  0.05040427391160962  0.06074046310257852  0.07116474790204369
  0.08164425824240634  0.09223843271251264  0.10278382543762607  0.11339659121963473
  0.12402725094088050  0.13466998714798892  0.14534263736630285  0.15595790145875260
  0.16661855408514509  0.17731390262640223  0.18794116501093627  0.19858706810597340
  0.20911083022746488  0.21966849297641777  0.23017343679138136  0.24078434275853031
  0.25144465522041443  0.26208497685798493  0.27260807908316831  0.28309348611667640
  0.29355734102206998  0.30411779964957225  0.31470368128068887  0.32536799549599837
  0.33593476366017794  0.34637982912847920  0.35688918593114838  0.36743997608231316
  0.37805960654146364  0.38853610428243879  0.39906549279441611  0.40962142167898874
  0.42014382738448830  0.43070711095586600  0.44120168871701881  0.45177050641418437
  0.46228165259989745  0.47286328660011856  0.48345231193261101  0.49401159848551962
  0.50458523767332264  0.51513624412565517  0.52569916730403354  0.53631001456093885
  0.54692993800198952  0.55757538320339495  0.56816820614012342  0.57866879386370895
  0.58925585546024506  0.59985889137493753  0.61050151403439545  0.62107618513581164
  0.63168588673765769  0.64227934566388944  0.65281338603311889  0.66331883984477102
  0.67380440349242554  0.68425414757301073  0.69469510278863500  0.70514118085124344
  0.71553264647029524  0.72590245851497692  0.73639661009569868  0.74696534560946215
  0.75753624707978862  0.76805224823851925  0.77854863308675426  0.78907041720402449
  0.79954221065457387  0.81002815153551011  0.82046801418218474  0.83088179562593689
  0.84133063669242869  0.85170215636410862  0.86217983029750334  0.87274526374833616
  0.88349704428176468  0.89415413535502364  0.90476145772728567  0.91534702377855670
  0.92599938700046214  0.93669033679846569  0.94719008913391811  0.95776256754015132
  0.96821051233029720  0.97879744359441812  0.98935954524143144  1.00000000000000000
 -0.00234863763020749  0.00933074591179347  0.01945409659364238  0.03003385432908980
  0.04060609004236240  0.05107532319455389  0.06161053597976499  0.07236822308277326
  0.08311680989761000  0.09382994329421560  0.10441859275701239  0.11506964645017422
  0.12576806724180570  0.13626498273123760  0.14680872918974824  0.15730541239024798
  0.16791882073529008  0.17843845666489910  0.18891405725274329  0.19934086785231062
  0.20976960547476683  0.22022464466297639  0.23077531588357997  0.24138056942904362
  0.25190205574354474  0.26251638880256611  0.27317043366574800  0.28381915808651687
  0.29444859012932628  0.30492032375062189  0.31547885446093160  0.32600638933825116
  0.33657925041452352  0.34717386549430834  0.35773416322803275  0.36833080451535277
  0.37898150792826507  0.38957537734896946  0.40009985147361493  0.41056040777905151
  0.42110931028001769  0.43163300375180852  0.44216164143436598  0.45265545853842443
  0.46314550585117586  0.47357973765325817  0.48400214750186343  0.49439557605476681
  0.50486649735809319  0.51533668500543883  0.52594496364140586  0.53649787830719076
  0.54699350559494975  0.55756212402095273  0.56813282940694121  0.57878539333048895
  0.58922297200216445  0.59964661701563327  0.61005739424663274  0.62049987290620201
  0.63089737029388893  0.64143806255556013  0.65199936555816718  0.66254591809153907
  0.67296077333491122  0.68339286875262784  0.69397790647924396  0.70456765622383855
  0.71522547807094994  0.72587839010365096  0.73648379105091288  0.74709406774409903
  0.75766093152706315  0.76824885862310555  0.77875967392836765  0.78923609191267163
  0.79977236156839748  0.81027952123529456  0.82086689425548498  0.83134510002553852
  0.84197621130575129  0.85256318977379852  0.86320396093374474  0.87377633151392864
  0.88428750115591137  0.89478826410955459  0.90519848032177086  0.91561915141275019
  0.92611085039306795  0.93661826104316315  0.94719412409305725  0.95771263469262513
  0.96834373068140989  0.97890623577966596  0.98946826106455854  1.00000000000000000
   4.9546476105413725E-008  -1.0000000000000000     
 T T T T T T T T
