 -0.00151600459448905  0.00565515374693070  0.01251740054332868  0.01929569374209673
  0.02640524580036746  0.03388536183773290  0.04167410416737121  0.04973814154281573
  0.05801942799274836  0.06649272805597024  0.07512868388504682  0.08389674645462565
  0.09287215285480205  0.10202136792161863  0.11130968506551511  0.12066638060816795
  0.13007174665275040  0.13954686426077803  0.14907464991417255  0.15863623214571682
  0.16824544717944145  0.17791318465922606  0.18766246722620866  0.19750725042314884
  0.20742625828649713  0.21738585853181877  0.22736591613820645  0.23734744816299058
  0.24731432004725218  0.25729435455696503  0.26732557195076245  0.27742681394844981
  0.28754315885373238  0.29764233667275841  0.30774518861811456  0.31791259961349527
  0.32816108418009277  0.33847049152113456  0.34876347028760057  0.35897292351996846
  0.36915736732313009  0.37935648711799475  0.38956576686092698  0.39978327451120599
  0.41007003146705395  0.42050643760787820  0.43101870288022237  0.44152194827047431
  0.45197229666167504  0.46238802646622384  0.47281296136884643  0.48326739507498695
  0.49375524739374832  0.50428343122945707  0.51485172612094465  0.52547455814027377
  0.53612406458802253  0.54675533754448546  0.55737427411304663  0.56799464157545609
  0.57864700243473854  0.58930430662643818  0.59995717707502227  0.61062598057170137
  0.62136787138025218  0.63217444855708060  0.64302725778168135  0.65383663054802632
  0.66461812568365553  0.67539887613227501  0.68620931908762928  0.69706697595865208
  0.70794987469631698  0.71890045006526027  0.72991389304450116  0.74097152633188468
  0.75207711387070342  0.76324925261283849  0.77445708345408293  0.78566354087138057
  0.79693989004224708  0.80833831699770842  0.81984497939427781  0.83142299389790475
  0.84309391896057562  0.85483431322301506  0.86664669559108531  0.87857077947277362
  0.89065679564327327  0.90293285540463730  0.91543220418380788  0.92830999380320567
  0.94180559934668329  0.95655611284482500  0.97522967928742399  1.00000000000000000
 -0.00224787194177972  0.00928998756349644  0.01941322098544965  0.03004619675319282
  0.04061902586272510  0.05109359560247026  0.06161086315746298  0.07213218733843361
  0.08267875012634289  0.09316094103193748  0.10356365848979748  0.11400260945832620
  0.12450843549156922  0.13506775994509815  0.14564845781018820  0.15617776951830040
  0.16677912322080157  0.17731740366570928  0.18782905857998558  0.19839103196102170
  0.20890107331243618  0.21945666286410473  0.22999763379958504  0.24060103620464596
  0.25121873425844221  0.26181655162123679  0.27239316565117583  0.28300202905385946
  0.29368454139895023  0.30438417450195510  0.31502025442408360  0.32561493321269747
  0.33621644596264405  0.34685871918657851  0.35745978070022827  0.36803214915654314
  0.37855520293747946  0.38902623625525551  0.39954448628251810  0.41016628562857749
  0.42066920560276388  0.43112389622735892  0.44149470766042503  0.45206314733729913
  0.46257588026222268  0.47312036858818940  0.48362038316901901  0.49410304792919474
  0.50455067618346527  0.51499799429323057  0.52549556286762644  0.53596436164812433
  0.54646583831403017  0.55696983256580157  0.56760636169904966  0.57816371747747675
  0.58874349488209554  0.59920083789999978  0.60983917996860526  0.62040481130941894
  0.63109535668026229  0.64156620870126768  0.65213486396012288  0.66263817054988294
  0.67316521912449623  0.68369390211951175  0.69420072411099487  0.70479382956567127
  0.71541570045932257  0.72601056258332020  0.73654418607294647  0.74698670109753673
  0.75752708334051921  0.76800814981526933  0.77856456501316229  0.78909557357750504
  0.79970716715189272  0.81032317633805906  0.82083319271333388  0.83132660466499297
  0.84183716313828461  0.85240307103243862  0.86309283972764439  0.87359251572217456
  0.88423614116194160  0.89482508461873334  0.90547160278939931  0.91590062087596136
  0.92626607624521573  0.93669455831293769  0.94715154533039536  0.95767769049005713
  0.96822567572001872  0.97885799737966817  0.98944980738952371  1.00000000000000000
 -0.00230485497316469  0.00963318224286225  0.01990006637488259  0.03048479278088198
  0.04104256375541105  0.05146044078540866  0.06193539066164452  0.07241776633345852
  0.08289017966930659  0.09350437188369665  0.10402176546268019  0.11467589670892919
  0.12531578783151534  0.13607109119098432  0.14666936505484676  0.15715118188853666
  0.16760753872818018  0.17819913645746502  0.18883012011532274  0.19954051455577512
  0.21021740532875363  0.22089323101272654  0.23146297180541012  0.24211522436790392
  0.25270134181656156  0.26337375390457135  0.27391220093418206  0.28447419587946765
  0.29510521753114932  0.30573896308642606  0.31629980128638574  0.32675799886475726
  0.33731827155683769  0.34792463487371333  0.35849189667140380  0.36893949131195919
  0.37941258917929288  0.38992188724504123  0.40048452809746976  0.41103532147586652
  0.42149124935460042  0.43190549064378836  0.44232306024088097  0.45281959343095113
  0.46337254747576978  0.47398951838427705  0.48457992021742152  0.49514256947656149
  0.50570760297899131  0.51620796512370848  0.52670433122903360  0.53715132345852701
  0.54771553216551694  0.55834213084385176  0.56899459635446836  0.57962169917743600
  0.59014062411373802  0.60066612863201907  0.61117208568680315  0.62180045128331374
  0.63234932049813286  0.64288470172046841  0.65329953194882029  0.66374549858260534
  0.67416820385587162  0.68465467028476767  0.69517205695809614  0.70575402114405872
  0.71638699781494131  0.72708149798865085  0.73773795019956068  0.74829831403054392
  0.75881297019161287  0.76928917287979659  0.77983695137133602  0.79030031352142138
  0.80085203737209210  0.81131358401710940  0.82181886305958285  0.83242883138554657
  0.84290847834581795  0.85349914536049065  0.86389722342656783  0.87443323799745254
  0.88486797156405683  0.89534623903199329  0.90583394436850340  0.91631182270381761
  0.92672875986118020  0.93719826108479742  0.94762129794912597  0.95805993357935926
  0.96854710674092859  0.97902709256763876  0.98954027759729735  1.00000000000000000
 -0.00232931110638214  0.00923824791075469  0.01923512424764889  0.02972010766279731
  0.04018438034276959  0.05070139356573838  0.06110811051553951  0.07159172344094375
  0.08224132741296666  0.09294955429098195  0.10362508105694562  0.11411793464699038
  0.12456858566582159  0.13495188865821692  0.14526715748167049  0.15568795298089827
  0.16615366181278782  0.17669763037120526  0.18728503130514426  0.19785745761478007
  0.20850285032230581  0.21905422770807625  0.22967045666730285  0.24018311956299074
  0.25080840610328931  0.26142887955940458  0.27206293855661351  0.28272506553604110
  0.29328314996407207  0.30388156337890926  0.31445660868407732  0.32504983953026301
  0.33563595482706127  0.34610213234101100  0.35662921450357388  0.36712161147321376
  0.37772565036590766  0.38834853994812968  0.39896061444434772  0.40955672331290865
  0.42015055192891426  0.43067801032842468  0.44118041540126485  0.45160481107284156
  0.46209188865162754  0.47265412964109060  0.48321431033445938  0.49371901170582955
  0.50423009338048030  0.51485317339882586  0.52550878581387583  0.53611230026367274
  0.54676095016883486  0.55746793302373798  0.56813855620766252  0.57866218069781583
  0.58920855126645322  0.59971112076251532  0.61023773313731366  0.62069882889375527
  0.63121066382189206  0.64184655351766984  0.65244140093752434  0.66306920631966215
  0.67352506409990176  0.68402266655585198  0.69458120595899608  0.70514734640910570
  0.71570528019785984  0.72628019934898169  0.73681873329111247  0.74734176054891421
  0.75777619669536300  0.76830262270096616  0.77881025136914872  0.78934070084498797
  0.79993304610939986  0.81048581586257307  0.82096292797130443  0.83136409056949212
  0.84177753692490709  0.85230088792300263  0.86276449774413611  0.87338858827243648
  0.88398318604475046  0.89451592703733573  0.90506717381639468  0.91558286668598532
  0.92612847941337595  0.93666139695203621  0.94732666460107662  0.95788990105408112
  0.96843979364681476  0.97878451403393307  0.98943369596174213  1.00000000000000000
 -0.00232326409484724  0.00928571701043709  0.01919708795947432  0.02968986966732423
  0.04003447895439776  0.05047981106309794  0.06086610606284123  0.07135252118111267
  0.08176449809993398  0.09235075235493236  0.10280529989929162  0.11349906824276218
  0.12404176482459908  0.13469766032661962  0.14516083902421317  0.15572378599740566
  0.16633788961360391  0.17700357397508584  0.18770897469987055  0.19831568049462900
  0.20897778371933867  0.21950785147776752  0.23003884898417529  0.24057933587695315
  0.25114138221163446  0.26177991918674576  0.27238002868657779  0.28308972827231854
  0.29377999719866388  0.30442832101395478  0.31503345813824846  0.32556008187061253
  0.33608121384225953  0.34659664552614466  0.35718740178906899  0.36775590459486290
  0.37838609829316328  0.38891249180030035  0.39949471061829206  0.40996776656518996
  0.42041861827513938  0.43089356296879183  0.44133182551847638  0.45186491436743037
  0.46237709656377557  0.47298614726892740  0.48355565756236429  0.49417074469970534
  0.50474282087468858  0.51540187592743303  0.52595777558074663  0.53644441618850258
  0.54694129806362490  0.55743511839481064  0.56797929996686602  0.57843555797449164
  0.58896796149404596  0.59948878889234347  0.61008310262486054  0.62065892903645037
  0.63114690875524415  0.64166468014015676  0.65221266658447297  0.66289706354700084
  0.67357050673529295  0.68425853137470438  0.69485497031325594  0.70543084202606532
  0.71597111793239643  0.72653521980566793  0.73717097164497292  0.74778863773558346
  0.75836210152378070  0.76881801412158335  0.77926572802496319  0.78979990543056477
  0.80033746446306919  0.81087922149697567  0.82136311261032380  0.83183824638481907
  0.84223091551143348  0.85276805547238954  0.86327575723924077  0.87383627364949490
  0.88429067635310610  0.89484800680908494  0.90549365128621684  0.91611581733265324
  0.92669763129559335  0.93727398096018322  0.94773690513129627  0.95811235093824965
  0.96849927214162412  0.97898364772029223  0.98950909537747012  1.00000000000000000
   8.9959687756318631E-007  -1.0000000000000000     
 T T F F F F T T
