 -0.00165427620896141  0.00611745704325591  0.01332558637741104  0.02047117030020234
  0.02792851815173284  0.03569939885133581  0.04370832509400197  0.05190499851635670
  0.06031784090711712  0.06903351093357192  0.07798698940259406  0.08705699148090583
  0.09618424481365764  0.10533397558603465  0.11456578395758125  0.12384407958278386
  0.13323572076925361  0.14275077771569142  0.15241185854291042  0.16220810428711271
  0.17209887019207079  0.18208294395030594  0.19222256562534562  0.20232420541828655
  0.21234898912337274  0.22231256468303626  0.23240241352001248  0.24258708069710241
  0.25281545103749320  0.26307527505050821  0.27330024053848473  0.28340188264960919
  0.29344180135209030  0.30355077447169487  0.31375086418646414  0.32403412829473111
  0.33436385989765582  0.34483258168127751  0.35528940232255002  0.36571633313431517
  0.37607881953085737  0.38649142347339849  0.39681471719874134  0.40705238619385242
  0.41726971742299429  0.42755865621773853  0.43782145089569252  0.44814611709674540
  0.45845848720235993  0.46886115592626909  0.47928728145854727  0.48974443341147483
  0.50027035208179249  0.51079828209180334  0.52125265246690011  0.53165710269979938
  0.54215167364842221  0.55280780330100043  0.56359522875523238  0.57433612615093654
  0.58497186767159270  0.59546202076112087  0.60584412448031644  0.61627092877679346
  0.62676312693189018  0.63735914973639507  0.64800072916558515  0.65870442224199044
  0.66945237405723546  0.68029345177571410  0.69121194458998492  0.70218265985411377
  0.71323309754659348  0.72411947926243536  0.73502755120805052  0.74593121378452809
  0.75700836762900481  0.76799199465540502  0.77893441669167907  0.78988123426998991
  0.80088013542504033  0.81199531757218857  0.82332121063419061  0.83478190440890354
  0.84619750302767782  0.85763844183488036  0.86924082214565390  0.88099386519966072
  0.89292532187692364  0.90515477867141769  0.91777247901115844  0.93080449057628578
  0.94437721294596610  0.95909221962036195  0.97711521878696461  1.00000000000000000
 -0.00250000118775263  0.00950053271942236  0.01979795515119617  0.03061957195884328
  0.04143017410717755  0.05235697233849482  0.06324268236599770  0.07397563025109909
  0.08467500248525853  0.09536410898363872  0.10594839113135605  0.11627905181183359
  0.12646398572584874  0.13661925596314523  0.14695148654665061  0.15745060997330648
  0.16810419642712110  0.17872260773874157  0.18924652174293638  0.19971578676890550
  0.21032834343147391  0.22096311547554609  0.23156711622837528  0.24204059748454468
  0.25248764864630174  0.26302288618345127  0.27357143366515030  0.28423986511833260
  0.29484723333453444  0.30541815275914630  0.31577680879122649  0.32622403423721019
  0.33678297537487872  0.34735160278789440  0.35794971097911527  0.36857741938120503
  0.37923064990858429  0.38983446775709413  0.40051989584146896  0.41117889058393708
  0.42165168205920395  0.43194774282172571  0.44231635243213868  0.45266390078588065
  0.46301886237061002  0.47342252921341182  0.48398560188323969  0.49450194425139282
  0.50499674331016486  0.51543803760298501  0.52580155291904707  0.53618083630354829
  0.54668128531560545  0.55737484957063310  0.56822833121011129  0.57894088974193003
  0.58941048121325268  0.59970079777156127  0.61005720075941106  0.62056534366117810
  0.63102520687523755  0.64135989852810615  0.65169527198887234  0.66210878395682160
  0.67266498961322085  0.68325774388325466  0.69387180860005526  0.70451735623484368
  0.71518794407648023  0.72598399791817303  0.73661381193185749  0.74727554718868938
  0.75774569003268399  0.76823696188930379  0.77870965645355827  0.78924899289483486
  0.79973740682560124  0.81021039878137613  0.82065843800500826  0.83119210154079981
  0.84175657268697679  0.85242034870956396  0.86301230810505891  0.87350500259116082
  0.88389145836535488  0.89426214120650871  0.90477582279585844  0.91516121265760764
  0.92570611039957706  0.93619635072767449  0.94692018369234154  0.95767869571802300
  0.96810499984834919  0.97877781033327793  0.98931726747829063  1.00000000000000000
 -0.00239042094238424  0.00961634286337743  0.01973278938694215  0.03021774071641265
  0.04063080379089706  0.05104503146407942  0.06154485469902195  0.07209769535901309
  0.08245353009057912  0.09293769137031792  0.10336648228002207  0.11422453607660003
  0.12491194326488014  0.13579438131297891  0.14658786019403497  0.15745465032663880
  0.16823636976255646  0.17892782483447242  0.18955554273441114  0.20017556219924393
  0.21073749027499394  0.22116040874862358  0.23149753029042910  0.24177667227957247
  0.25213559641358096  0.26276041043811887  0.27337154011287690  0.28401220776259789
  0.29450887852430496  0.30511484907660091  0.31561305766944281  0.32587155649209648
  0.33602916244032632  0.34619133789177142  0.35648066085781344  0.36689854276130635
  0.37734442648206884  0.38786520549963560  0.39837687457445281  0.40881952292888935
  0.41912381374144253  0.42952060775712236  0.43999499236196726  0.45052068926955574
  0.46101670574942100  0.47152293909254506  0.48206313675689116  0.49265874604013871
  0.50328840699605359  0.51402739763518768  0.52469243701831192  0.53528027295658098
  0.54577528568769251  0.55630045959240781  0.56683402680342532  0.57742397182472260
  0.58793994030765739  0.59848742766930552  0.60898490661266624  0.61948457640312915
  0.62990019992532709  0.64032711987583046  0.65079089176232252  0.66135467500892520
  0.67194434900095434  0.68238931743806897  0.69274405593044697  0.70311559926947809
  0.71372087740625434  0.72435277436777867  0.73502527147434826  0.74557429812170828
  0.75622874053138422  0.76675571560859546  0.77731546659750272  0.78784913113710620
  0.79838237513433263  0.80888698983217222  0.81957986201455468  0.83014308193232922
  0.84076733227532696  0.85122361368288180  0.86194192241753886  0.87266694141780554
  0.88333301087187144  0.89402573100830929  0.90452383318439822  0.91522718504947986
  0.92587022191860635  0.93646165876624354  0.94698127661873999  0.95729828603355571
  0.96787033302760217  0.97848498736030787  0.98925128602294188  1.00000000000000000
 -0.00218207310635434  0.01004032902723603  0.02054057905126042  0.03109550456571429
  0.04178364744038062  0.05249167134105061  0.06334800933683199  0.07414662933634487
  0.08504893948557730  0.09571050503572422  0.10638870335098094  0.11684100281506432
  0.12747036291241540  0.13802686645158704  0.14857104096215376  0.15898146752907863
  0.16938130696863185  0.17974919348896085  0.19021300361890842  0.20063600841394805
  0.21106256206273824  0.22150430197607487  0.23198282026800462  0.24244226274449993
  0.25288548435927305  0.26334476799426132  0.27389114294754063  0.28444041952437632
  0.29503092052388313  0.30564218880557303  0.31644091021048049  0.32729713618193335
  0.33810313680049658  0.34878184560810122  0.35944637637036020  0.37004507401909803
  0.38066024389241010  0.39135033556132781  0.40212451655214826  0.41293221418719667
  0.42369075463378597  0.43451177156383097  0.44514562516039130  0.45590492201353172
  0.46651901429643899  0.47714026178018365  0.48742429941827820  0.49762819783444573
  0.50796887406135360  0.51847542413692693  0.52907632557839390  0.53962135431307223
  0.55028278188838831  0.56093464422270900  0.57148699902266609  0.58208389157637974
  0.59263522388506817  0.60327272604522753  0.61361097903339490  0.62399407736629042
  0.63432335310976495  0.64454296338391370  0.65486191555005457  0.66525117336710549
  0.67596705765573784  0.68672040244733568  0.69740769983916107  0.70812020711035817
  0.71877995959898977  0.72943380072052111  0.73990004251572628  0.75044363802259650
  0.76094539825358409  0.77135280004122919  0.78174292742286988  0.79207991672139155
  0.80252818235143608  0.81299515439158820  0.82359363884469405  0.83410453090617387
  0.84450282031411950  0.85480555577231565  0.86510741379564360  0.87542327081156024
  0.88588930226810203  0.89636714118227878  0.90687258790675507  0.91737879120280885
  0.92790424865953780  0.93839953814747579  0.94867498493752189  0.95895861509139646
  0.96915760267571993  0.97939224998047847  0.98964051232767580  1.00000000000000000
 -0.00255669637251044  0.00960028701994178  0.01982626027365464  0.03026581988972335
  0.04067253363525422  0.05124357021825751  0.06175928625603936  0.07234039759879571
  0.08276274722695015  0.09351208639418356  0.10426812111498414  0.11507098135861185
  0.12579823709142929  0.13636304769697233  0.14681079051770238  0.15721793153314312
  0.16763621339699830  0.17814635752248961  0.18857090325822903  0.19910733734090263
  0.20961717638861285  0.22002409393432296  0.23052704081380959  0.24112625057194878
  0.25187937300909452  0.26249840390271434  0.27301885263002057  0.28354350615154778
  0.29409782380999583  0.30472474282893403  0.31535762639730563  0.32599615402178400
  0.33657273510997160  0.34711566812149380  0.35749354321892662  0.36775169479905323
  0.37802197634825380  0.38831079077516562  0.39864203102416113  0.40883955462039717
  0.41924678786500530  0.42972221950761680  0.44033356140927499  0.45081205181124973
  0.46132958641968469  0.47190243464477644  0.48260221860555985  0.49337637444438392
  0.50400526674247170  0.51451899447542826  0.52496348953192373  0.53542298021407120
  0.54582720409803753  0.55621620987685838  0.56669438619173196  0.57723753822092094
  0.58777955227345935  0.59827613617025632  0.60880203164572522  0.61918191025295499
  0.62956845456331989  0.63998982616855882  0.65046918905083451  0.66103641853828321
  0.67162737488410118  0.68232773029311000  0.69293173325588153  0.70345112916828234
  0.71409779968698162  0.72465558019987830  0.73522052199257582  0.74577459035258742
  0.75645970097876380  0.76714923150628200  0.77776097049044646  0.78839840963955377
  0.79900482606320911  0.80960670484904251  0.82013752070323209  0.83070465088501355
  0.84112981607304582  0.85159841464777963  0.86216687490898580  0.87271159081499150
  0.88321729879094391  0.89360618126917768  0.90427833711079608  0.91492122385977004
  0.92551550856531306  0.93596448625166129  0.94660503512653327  0.95730264383727692
  0.96800406082260904  0.97864744327842024  0.98932451839724600  1.00000000000000000
   5.4384413219728869E-012  -1.0000000000000000     
 T T F F F F T T
