 -0.00168499698453330  0.00633799989097468  0.01350568145724864  0.02054968152931158
  0.02793996587281021  0.03571554106115565  0.04379749412630488  0.05216172156569733
  0.06071216148708296  0.06944333933309726  0.07830256000519401  0.08725531492508724
  0.09632337882505389  0.10555450655854993  0.11501104851397659  0.12465430052321821
  0.13442265373487178  0.14423502217427203  0.15402214612813558  0.16381639134331510
  0.17366180803839359  0.18353272079041139  0.19346836872002635  0.20345489989754270
  0.21352475208684982  0.22360752704391823  0.23370151066733821  0.24375049384120648
  0.25382078918932011  0.26386706157364026  0.27396073557351974  0.28411646879108837
  0.29431197427706779  0.30464576542569316  0.31501897454723732  0.32531505305319841
  0.33548322207366876  0.34555507726486839  0.35569566197336455  0.36590051131415491
  0.37614915948464361  0.38646333431232582  0.39683803066331080  0.40726348035072291
  0.41768839487695658  0.42807253254283056  0.43843324212100981  0.44888276057529219
  0.45931253367318986  0.46982579765141641  0.48044593784151812  0.49112611080663537
  0.50175130452062611  0.51225765739249995  0.52287345837390609  0.53357760646152341
  0.54422117530383873  0.55482353364841275  0.56536811532249809  0.57597642567286078
  0.58651212705639699  0.59715237048960201  0.60777019649636144  0.61832196954909668
  0.62880645258835866  0.63939804912392573  0.65017663844963192  0.66102848207157061
  0.67186001997907496  0.68268430487296394  0.69356203791619009  0.70449632309686017
  0.71541700144708020  0.72627421491664634  0.73706854788818421  0.74787443997830172
  0.75881609137453254  0.76993919588748183  0.78117570543199222  0.79233055817915177
  0.80339555287866238  0.81450661349132825  0.82568650572024793  0.83693143248890300
  0.84822648831810377  0.85965069936008742  0.87121191552789146  0.88283007276442682
  0.89469747247098219  0.90684508861107127  0.91934810307188741  0.93210548920095826
  0.94530568876436583  0.95965566687349668  0.97741008369094651  1.00000000000000000
 -0.00252859906403871  0.00948006614306456  0.01976877168790865  0.03045147881131783
  0.04110368851199490  0.05158819399294011  0.06210694859982264  0.07236189349184530
  0.08264746558235744  0.09287980728743038  0.10318123322547165  0.11357382034335248
  0.12408001254551644  0.13476895147032442  0.14538945174590984  0.15577344841182572
  0.16620045344002493  0.17660094549650840  0.18700780895822480  0.19756640597196412
  0.20815149049591869  0.21879755679518836  0.22928683174523465  0.23973520917036364
  0.25018419339134884  0.26077012108187414  0.27134627768177771  0.28211146746949334
  0.29273222427903778  0.30352714698005517  0.31419430944592824  0.32479208911917168
  0.33537731842636476  0.34595734188361094  0.35661926811895367  0.36725952924867583
  0.37791273938576181  0.38847995528990381  0.39892722757025051  0.40936563748270816
  0.41985208939110907  0.43019570128434703  0.44070490770047632  0.45131584600771996
  0.46211867378310245  0.47267546321626486  0.48321588888555300  0.49373430778620986
  0.50430014359818953  0.51479004862259270  0.52555208004630616  0.53624085191074811
  0.54703587262009623  0.55765969820181982  0.56837007943611539  0.57907728713048834
  0.58969122511277761  0.60027299303210224  0.61095338991249826  0.62168641788841905
  0.63250610913222305  0.64322042053857131  0.65410262569152577  0.66491134455403200
  0.67556321361823901  0.68607031819358200  0.69666373848708829  0.70724661790014343
  0.71774633413758893  0.72824650266528534  0.73863203810568090  0.74907391422751379
  0.75949324299938392  0.77008627744626257  0.78066949846124667  0.79119814367322072
  0.80169003491464252  0.81222292437589483  0.82273319472457285  0.83325259947050767
  0.84384099382332789  0.85442698175712728  0.86502827804970406  0.87565512162197179
  0.88622897579607829  0.89680693256356747  0.90723335789789994  0.91760145413733518
  0.92800302178195249  0.93854051651317094  0.94903447812135988  0.95946206967481229
  0.96963584852207596  0.97978569498353052  0.98986060725501646  1.00000000000000000
 -0.00238795119737291  0.00967399964626379  0.02000824408648294  0.03054791496788412
  0.04105870390868595  0.05141719145850174  0.06189422088636305  0.07235939000540934
  0.08287860134358187  0.09340829724263221  0.10396570085153102  0.11465368866492927
  0.12524236933430904  0.13576919879155880  0.14620788584954764  0.15682925604784942
  0.16755101569255393  0.17830136096326593  0.18904014707880173  0.19974961445471096
  0.21037815396871848  0.22101547533475960  0.23158573884675501  0.24217640327638318
  0.25276064528237385  0.26333667916536696  0.27387216652388530  0.28427155183556324
  0.29475045938869832  0.30523936605088670  0.31576288680585146  0.32624258115123828
  0.33672594555560581  0.34722315274643067  0.35761492385784260  0.36806235898959483
  0.37839273682315538  0.38894386406938558  0.39949207177464868  0.41028155418965045
  0.42111153984154759  0.43188714209664048  0.44255669479218629  0.45307777536430577
  0.46358008262518435  0.47415203792211424  0.48471009088415562  0.49523015261829118
  0.50565266744414705  0.51614139893835564  0.52671989206360392  0.53726613075261065
  0.54779474293795094  0.55823038291713190  0.56859542893899784  0.57880861342120893
  0.58912500085518282  0.59943292383797864  0.60996729274072936  0.62062213222363760
  0.63128956520844037  0.64193599091856257  0.65241664278212197  0.66307114324442340
  0.67358982186129002  0.68419442613969861  0.69472758513561883  0.70527660977054452
  0.71569860278890074  0.72611602974880540  0.73664933492072171  0.74744596702239541
  0.75819331357675723  0.76880950870687692  0.77920764014319266  0.78959708656279526
  0.80016198818643192  0.81083412252582587  0.82146969182403817  0.83210551163985691
  0.84237528869273448  0.85276137077450298  0.86304338263554048  0.87364102300213564
  0.88424279886770674  0.89493546663876267  0.90573731849473316  0.91663250578635080
  0.92747060911449342  0.93828628907111677  0.94885461303019258  0.95931655639437530
  0.96963477078607141  0.97978941360684135  0.98992618146131772  1.00000000000000000
 -0.00149161919145644  0.00991415078609782  0.02020095214581853  0.03077497406494571
  0.04134078083681219  0.05185204780348550  0.06249880658638023  0.07277925705076185
  0.08312803541772479  0.09341278959074320  0.10372045473152038  0.11405744398022624
  0.12438516616242719  0.13504577714818461  0.14560975604880447  0.15605744207217104
  0.16653951625466210  0.17700885055340379  0.18762088844082422  0.19803588724348462
  0.20852838109085362  0.21920257879732077  0.22992037882617294  0.24059301055628443
  0.25115830967089031  0.26182635108750424  0.27247341054718621  0.28310776546546262
  0.29359744205723781  0.30415851118379250  0.31477978621896724  0.32555332818082400
  0.33618960950802990  0.34674314434723602  0.35727295590048763  0.36779465775974196
  0.37828049458072133  0.38887793850886743  0.39950657273088358  0.41012372462298502
  0.42069313218039600  0.43128164834852095  0.44184492743212866  0.45232144736848190
  0.46261995372091141  0.47302500099777395  0.48350139658215074  0.49431251210273619
  0.50491073192092961  0.51553132441742000  0.52626047304396917  0.53717799899624830
  0.54792201102645610  0.55844586576514232  0.56900452512586464  0.57940781991926216
  0.58996933486570979  0.60060793211129260  0.61128024461998010  0.62191005031998137
  0.63239671900553995  0.64304793623977363  0.65362198415286044  0.66430871706562189
  0.67498397466861570  0.68546138946598223  0.69580065242662759  0.70614043887324451
  0.71676461281629889  0.72759437509333680  0.73837569722369067  0.74906517181071686
  0.75972782803366445  0.77032711708004220  0.78079804399810027  0.79100734057573308
  0.80129202842785452  0.81169097035160431  0.82208237601708045  0.83258033537703213
  0.84298264842660164  0.85345388354967033  0.86387604581614297  0.87429364377393060
  0.88468452670443343  0.89504758364362791  0.90534545390098542  0.91548700357743673
  0.92580158650442645  0.93621579736283300  0.94690848312040610  0.95757619131577010
  0.96815124858959811  0.97873278795153362  0.98929187758604353  1.00000000000000000
 -0.00220600975789375  0.01004112305975935  0.02034269681374314  0.03104108847024016
  0.04157013343276052  0.05217318664019735  0.06271055343888821  0.07332274231985753
  0.08382420506065008  0.09422189219763732  0.10460065812725959  0.11511616847068339
  0.12563256442450330  0.13616858916201829  0.14665522547527168  0.15713666971540177
  0.16768550923061901  0.17834153539984096  0.18897467331519235  0.19953398659861502
  0.21007962555697973  0.22057784630614394  0.23098198158465438  0.24136390557373735
  0.25186841286211931  0.26244083998080919  0.27315380990704652  0.28402305209034029
  0.29479779564067521  0.30558648131664551  0.31636941962209897  0.32734006656854897
  0.33819053369487156  0.34892857267564009  0.35947181497154634  0.36993239404283546
  0.38035145875746806  0.39095415410964718  0.40173117583063034  0.41249049499861279
  0.42320908843431981  0.43386256438790932  0.44451097744286533  0.45507608684213519
  0.46545447626206893  0.47585321323805890  0.48621691336935363  0.49658800767859407
  0.50687087941059195  0.51714645626467148  0.52748786067448550  0.53806061609191669
  0.54877973180799733  0.55959606929627037  0.57020605743236064  0.58063289596214973
  0.59093604169423786  0.60129853672804134  0.61177744056594119  0.62246675415246766
  0.63287812405185928  0.64329507428902966  0.65364884017329794  0.66410186609945276
  0.67465181520412587  0.68510223007162141  0.69572711676721444  0.70627914129252811
  0.71698759347700602  0.72755197501064439  0.73801674639583648  0.74848869840957011
  0.75919528073396592  0.76992200258276544  0.78062282762246360  0.79128295332501009
  0.80184748280276819  0.81236032745262687  0.82278014101997465  0.83323850074170958
  0.84366353250969084  0.85408406380578683  0.86431299827342067  0.87448013478221620
  0.88475869416251196  0.89514910958150395  0.90567596474896439  0.91621228034464675
  0.92693533351380508  0.93757395202966254  0.94813469442813225  0.95854011165112696
  0.96895271453473630  0.97935210554588792  0.98974504234434935  1.00000000000000000
   2.7088532777138784E-006  -1.0000000000000000     
 T T T T T T T T
