 -0.00154967637615728  0.00592370462942482  0.01281027990793202  0.01950112898036584
  0.02651379379218485  0.03390622434507343  0.04166110784822259  0.04972611075171594
  0.05800874296000044  0.06650514450727231  0.07519417686565696  0.08403615378152429
  0.09300669087184722  0.10211609330795150  0.11135640550444424  0.12069571528415073
  0.13008326086323310  0.13952259386557558  0.14904644882689402  0.15866643221538851
  0.16833691210439344  0.17804615583823169  0.18778767744470309  0.19754696217414855
  0.20733907681509317  0.21716955990829689  0.22705862192745158  0.23700284679363481
  0.24701162515738151  0.25707329568946480  0.26717480285000883  0.27729915035537001
  0.28744030120618247  0.29757994522999365  0.30770739857898322  0.31783051675340235
  0.32798744573020838  0.33822068852189824  0.34849787649570729  0.35880341306584790
  0.36915280608671602  0.37957662547656129  0.39005255065577527  0.40052871696457926
  0.41096994044726698  0.42137521271551759  0.43179413355454160  0.44227069179874429
  0.45278995892243573  0.46328347827653471  0.47374151519345015  0.48419202923304866
  0.49466523960524039  0.50519867631792847  0.51579423361570598  0.52639619779961755
  0.53696096269239146  0.54752428256969521  0.55813420459720520  0.56876512797012424
  0.57939656929095273  0.59001681559464125  0.60070745286127458  0.61147576653160252
  0.62227772894746203  0.63303254787296726  0.64376686753535872  0.65452913306871330
  0.66532261610141619  0.67614547163981265  0.68700503409584379  0.69792733357614845
  0.70892482779325139  0.71996636356767030  0.73103918899235043  0.74210094560800421
  0.75311928657660321  0.76412646984128352  0.77519060090199299  0.78628951484494491
  0.79740495251507204  0.80860070256349026  0.81996700922130694  0.83148813548611933
  0.84311750361159044  0.85485538507161529  0.86666252923541787  0.87851044106785514
  0.89051436885099988  0.90281644152002061  0.91545291619418978  0.92847088182876902
  0.94202357599018149  0.95670113410065538  0.97509606254789594  1.00000000000000000
 -0.00234920955230013  0.00927871390022304  0.01937627682884252  0.02986503785361880
  0.04048859398830552  0.05109097086675086  0.06155773032985783  0.07213483615537598
  0.08269060850106447  0.09312261198066216  0.10351275740719534  0.11386459284191069
  0.12434177866169592  0.13478190672079507  0.14517388143077942  0.15559919474361036
  0.16602162781668131  0.17649457676480843  0.18691902989269829  0.19751791811535283
  0.20816931666625388  0.21885704398306083  0.22941885610241231  0.23999844365078024
  0.25070337622810601  0.26140406877522571  0.27196443464496889  0.28247160569338337
  0.29304838390830823  0.30360511909528776  0.31425163499416631  0.32472661758884791
  0.33518889627794929  0.34554907519495504  0.35597879185767045  0.36651981766675251
  0.37707753753683487  0.38761918226692482  0.39818760479451576  0.40870773494868928
  0.41922683755623830  0.42970324080942179  0.44018625562735347  0.45078076782248389
  0.46137071019955944  0.47206215451644234  0.48260753854603705  0.49327244120267666
  0.50394391862016652  0.51455544638585404  0.52518797887879753  0.53570508933069672
  0.54635260873186375  0.55693550563437388  0.56751743616617467  0.57808701203263413
  0.58858522446661032  0.59914316759239739  0.60970458070694389  0.62036674504600242
  0.63103583122192031  0.64171338327918370  0.65229331068688712  0.66277986208205819
  0.67323744320732148  0.68377112473408908  0.69435724293674095  0.70493956396064006
  0.71547569527995269  0.72600368262838233  0.73651489226386690  0.74692825689997888
  0.75741126977630358  0.76795281874959120  0.77851716459167031  0.78903353153410027
  0.79952318981741599  0.81004598376515435  0.82054876199661220  0.83108223438875728
  0.84165899723747417  0.85223088545728032  0.86273554349988912  0.87318016928567033
  0.88362540760897446  0.89408392873380926  0.90462433753807692  0.91519945276261605
  0.92577440511013709  0.93637582209927184  0.94698361631879691  0.95750232172997918
  0.96806365037880837  0.97866002699643417  0.98936531654663606  1.00000000000000000
 -0.00232975573117412  0.00921808606761587  0.01928471093182670  0.02974488608755070
  0.04024413485765858  0.05076114916155108  0.06126564993309155  0.07168065147567416
  0.08215170635627929  0.09269175738773562  0.10334233803756447  0.11395153582008435
  0.12449634939356413  0.13498018623420832  0.14550379011450079  0.15610903558777456
  0.16668496067312533  0.17728205385749868  0.18781827054686287  0.19837711625256391
  0.20887065905586263  0.21946314231579567  0.23005980081643487  0.24069514134177808
  0.25130901662890331  0.26196516992993751  0.27259894717316602  0.28305973777037069
  0.29357770597965260  0.30399250433604580  0.31447620572016893  0.32490802383590228
  0.33538199487752568  0.34599055088493924  0.35656050293241315  0.36712608134825286
  0.37769708455619583  0.38826278828670630  0.39889508752459318  0.40944118510895600
  0.41996444312049708  0.43040179138776291  0.44086778033722807  0.45133990844128508
  0.46181830023074377  0.47236722709922196  0.48303310833548402  0.49379808351492471
  0.50440471750961446  0.51496316911954909  0.52540795814291852  0.53592019365767074
  0.54650329962008992  0.55719591370164245  0.56797169642203660  0.57874552909656185
  0.58946109961945448  0.60013754678169773  0.61067235073710002  0.62119980328083191
  0.63174724904726576  0.64229113786525360  0.65277491068344951  0.66315153587040176
  0.67360044858951196  0.68412174572543527  0.69471302660450263  0.70525008983442339
  0.71575895400299694  0.72623679522843820  0.73674525791751622  0.74730890092802760
  0.75785112349376094  0.76836267195880448  0.77883883150491162  0.78931364253405523
  0.79978133444272204  0.81036751053854805  0.82097179423911182  0.83150660175320978
  0.84189910620175701  0.85244115185566127  0.86304602564894073  0.87381178972065121
  0.88441158322094715  0.89509807687780196  0.90560730718025095  0.91606064542969634
  0.92649988256355231  0.93696408905447182  0.94747303463919641  0.95795357916377621
  0.96841799074104740  0.97890635417400196  0.98944452233556890  1.00000000000000000
 -0.00240953906890759  0.00926933791741582  0.01946515156389038  0.03002268607848887
  0.04064346920786010  0.05111804119590964  0.06164249386835135  0.07217232614959097
  0.08268165036067153  0.09320533498957592  0.10371758071220391  0.11436827947846361
  0.12496643690864635  0.13558022702559455  0.14613977794358760  0.15675711689720662
  0.16734186274727081  0.17786348827725368  0.18840180118639094  0.19884219341131326
  0.20936020838686406  0.21993449418814320  0.23056821607432051  0.24117274523585666
  0.25180994450614025  0.26244792662056077  0.27308388621621277  0.28365899202816686
  0.29428462313293791  0.30491606396584314  0.31542709601732555  0.32587873545633633
  0.33630139010142163  0.34681398599176683  0.35736984303975056  0.36793748423865347
  0.37852916446263080  0.38907168302039474  0.39964073340266221  0.41013872773696319
  0.42077429387643461  0.43137364443625187  0.44197127555842985  0.45257076781161709
  0.46315504796202439  0.47384895632969687  0.48435933059576602  0.49494735708194704
  0.50555957146238673  0.51618703217505879  0.52672056650348698  0.53709874587989503
  0.54754187516978814  0.55799926307373182  0.56857428712184210  0.57918533733848554
  0.58990873184346448  0.60061728091982503  0.61133822875750099  0.62186856346386699
  0.63243494148295953  0.64295433567725502  0.65350282021678541  0.66409424395341043
  0.67473619588891232  0.68546932030821772  0.69602702293059948  0.70655901592420056
  0.71705805694604086  0.72762881961113290  0.73818137928119820  0.74868326298240429
  0.75922594886178640  0.76974709765270988  0.78029447860287904  0.79073149316349156
  0.80121317605902187  0.81166235233321182  0.82214728291561767  0.83257676393391500
  0.84302236203156311  0.85350078115880246  0.86393402119655238  0.87441238478064875
  0.88490288612477952  0.89545463202241282  0.90593271141026022  0.91646052510866649
  0.92672269860696643  0.93708934856639770  0.94753295502782009  0.95813414672273389
  0.96861664532008596  0.97895464126726306  0.98947356390925956  1.00000000000000000
 -0.00233873783975062  0.00934475043459702  0.01940299577544904  0.02992395880742620
  0.04037129145532240  0.05074303985662591  0.06111360051408465  0.07159545349093353
  0.08201274027874443  0.09255719650804357  0.10308232168958495  0.11376091321697247
  0.12447253908942982  0.13510109470455581  0.14580576872523951  0.15637958733265853
  0.16698421123119297  0.17746986905328221  0.18801226309948399  0.19842005018868342
  0.20886244329555381  0.21925861153309395  0.22975615908793343  0.24023420704746312
  0.25076240549739431  0.26141156124585369  0.27210468908613195  0.28288779026660055
  0.29354129613674168  0.30412482023496412  0.31462105827759196  0.32509376168106108
  0.33554254984182064  0.34594988381467662  0.35640505642867076  0.36687106862518287
  0.37726838488240011  0.38769467354722503  0.39817279996202759  0.40875671920448192
  0.41934966520126182  0.42996293553580645  0.44059754825146730  0.45125333971190768
  0.46189360736229695  0.47256346704858410  0.48320003125135275  0.49382555332029615
  0.50441103386070507  0.51498676799226129  0.52558894067982520  0.53615747961990767
  0.54671206135449502  0.55725272673141113  0.56784786250271813  0.57841696800346931
  0.58890949190645736  0.59940936522270316  0.61003511309549840  0.62066193087122334
  0.63125227688808450  0.64180263402117654  0.65232395628982243  0.66287615512720632
  0.67339388707575298  0.68400145327307105  0.69450649624579930  0.70505384117912973
  0.71559039548976910  0.72610305260197772  0.73650223727581532  0.74682529832486244
  0.75730542423452585  0.76781407721480821  0.77841497151980743  0.78892961842198428
  0.79951658444815299  0.81009318487401927  0.82063729980692579  0.83110646021120826
  0.84159679962792622  0.85219439960713206  0.86273317344529532  0.87334293765906934
  0.88382323476309887  0.89435992725595082  0.90488518255210604  0.91546896330463756
  0.92603600885118798  0.93656947307491079  0.94706597356090216  0.95758247683967035
  0.96816878504348369  0.97876363996870164  0.98938891308076660  1.00000000000000000
   9.1541270932012964E-007  -1.0000000000000000     
 T T T T T T T T
