 -0.00148848746409871  0.00674186842906113  0.01382069562380408  0.02098591713544918
  0.02843497638089588  0.03615382151300599  0.04416304472461178  0.05246153374489490
  0.06098994674894540  0.06971950876936187  0.07861347464421740  0.08766020701128997
  0.09685354152688289  0.10614298404626842  0.11555204696987811  0.12499889169214747
  0.13459070079775257  0.14422036849363390  0.15387717382221597  0.16358707599858333
  0.17347758770206956  0.18357750285880450  0.19365394014153056  0.20364169901538537
  0.21353765162218558  0.22340324952485990  0.23331558301950289  0.24324737000561295
  0.25324409167205009  0.26334212577095151  0.27346521863072998  0.28364775827686600
  0.29376187924522817  0.30385357557429477  0.31400494723286243  0.32423274247809203
  0.33458120879167585  0.34488839215911360  0.35517451928519644  0.36548765726488835
  0.37587427190288786  0.38627768341586571  0.39663985133390395  0.40703026095383121
  0.41746546082328656  0.42797450455248331  0.43851203745517514  0.44910448825417687
  0.45961123745382249  0.47001084645266294  0.48029775017088228  0.49070178982001572
  0.50122381496168966  0.51181628218834385  0.52247200172211983  0.53307622811099975
  0.54369900844304353  0.55425489400934136  0.56494154818749220  0.57567927082336701
  0.58646386345405688  0.59710830325974840  0.60771941570198784  0.61833024686644755
  0.62890782864148609  0.63961154211908022  0.65027062825173509  0.66094899770184723
  0.67157188965837855  0.68226505485859990  0.69311770238309456  0.70391930956708981
  0.71477572027594261  0.72570403940434136  0.73676394671122636  0.74785757784227491
  0.75886466951238662  0.76985947088797702  0.78098545474968084  0.79223377641500659
  0.80341310953002432  0.81447654155241589  0.82559622468425786  0.83679615222379000
  0.84812372368254729  0.85956041963403684  0.87118348619536667  0.88298051924911580
  0.89491176462591049  0.90694319983895944  0.91917403136953124  0.93181669021340119
  0.94514116965981498  0.95968336264090581  0.97743658093056451  1.00000000000000000
 -0.00256715000212987  0.00960612979303989  0.01973262204365206  0.03034309842134521
  0.04097185511034300  0.05162084895508556  0.06217690656938814  0.07277809459065891
  0.08331084845111661  0.09398784549888012  0.10464930837275886  0.11543718740185877
  0.12607745537070111  0.13677031365389442  0.14751328668951921  0.15821948493252500
  0.16889705781334038  0.17943811671197885  0.19010052932065782  0.20074604968599255
  0.21147875060220875  0.22219571716808084  0.23274628265830175  0.24315604747202579
  0.25367357511595573  0.26432335229783077  0.27497279852429174  0.28534587263175565
  0.29581811581569062  0.30634680500570810  0.31700100235146389  0.32750337641211053
  0.33793896825746411  0.34833981207896747  0.35869453153114100  0.36901514986258027
  0.37939388023366810  0.38986167049986026  0.40024816510345729  0.41058224847560287
  0.42080976344897397  0.43125390310541722  0.44165886583011393  0.45228301113709618
  0.46291985363400384  0.47363691056149809  0.48431349936981649  0.49505325062452621
  0.50566430791895522  0.51625118514343116  0.52667047125696875  0.53694439071854161
  0.54716915383462728  0.55749693469643691  0.56815193040710210  0.57884500689334650
  0.58943033040761295  0.59989148233659129  0.61050556023691349  0.62119386633551055
  0.63198767380997845  0.64270939278233152  0.65344456782769000  0.66399698666859541
  0.67447794151639562  0.68485851813056497  0.69529316550195508  0.70594977581259266
  0.71664046498641598  0.72732850436071572  0.73770111087113532  0.74809058685340635
  0.75855719710460179  0.76919575693787234  0.78005692751308453  0.79069382301979463
  0.80138299389975876  0.81187728663565073  0.82244581528558303  0.83274342922939393
  0.84301901339551433  0.85325528838469500  0.86365067149447683  0.87407238595231329
  0.88461301110386570  0.89510015633454254  0.90569354391879953  0.91640154129156848
  0.92710266799180907  0.93774459307866054  0.94814880163162762  0.95851107086934373
  0.96867173555143704  0.97903283214350245  0.98944744804079665  1.00000000000000000
 -0.00224383175580045  0.01015805837439389  0.02067520726691769  0.03130813631456719
  0.04198238729101538  0.05256692204560892  0.06312841343456058  0.07357461003187181
  0.08404174111439855  0.09449946871297016  0.10495553381814005  0.11526271892960346
  0.12558183625071151  0.13582022730539503  0.14621615879506200  0.15661259962171920
  0.16717970835017870  0.17766141754268386  0.18819409454030953  0.19874039358088824
  0.20934343956020152  0.22000685429878913  0.23063499487768133  0.24125193072553469
  0.25185379174086941  0.26249839157370269  0.27312531332237661  0.28368687559735778
  0.29416244557604526  0.30461556836911352  0.31514352576250976  0.32557724789859516
  0.33615986931509845  0.34671807367055113  0.35728016424354664  0.36786170888564151
  0.37840986851823571  0.38902933437984816  0.39948026830884431  0.41001171793608820
  0.42062943827013993  0.43118560593424005  0.44173998157512862  0.45223702507952268
  0.46284410000439430  0.47324241725551180  0.48350964447035183  0.49373986268102266
  0.50416324123415213  0.51480007675666373  0.52542953203079601  0.53607105047288417
  0.54656943509349531  0.55699246752370024  0.56737731260912405  0.57786872780292253
  0.58847346053388905  0.59909992882170626  0.60972610580670072  0.62044192752930738
  0.63099605855158147  0.64151494331370384  0.65193941552322177  0.66251077232094224
  0.67309360261530748  0.68372382865774350  0.69443539501059037  0.70515777011779468
  0.71583379935159774  0.72649576610598288  0.73702967864712010  0.74774065634992415
  0.75830724375301151  0.76899230885645087  0.77957311172481358  0.79011364896484759
  0.80049123157848912  0.81080970813090869  0.82132844485461287  0.83196404681869851
  0.84243907459971024  0.85278916143515748  0.86331262196577807  0.87396022577574439
  0.88449294721174798  0.89496049769388708  0.90538961647269423  0.91595257962670196
  0.92646685689580333  0.93704327534365173  0.94762445926515393  0.95816355193503311
  0.96875606303390616  0.97922223100055183  0.98963894239018013  1.00000000000000000
 -0.00198057403697874  0.01019319641061968  0.02062512324262187  0.03112603520068334
  0.04177949986016211  0.05238775805029075  0.06306677028663900  0.07372833158841600
  0.08415595438227559  0.09450836765244044  0.10493454430104704  0.11539719803360755
  0.12575870434693293  0.13613756255589546  0.14655233729832409  0.15717606465368547
  0.16779385971289884  0.17845593771087739  0.18905248223291890  0.19954200564583552
  0.21011891983985939  0.22067105443084656  0.23117035009642625  0.24151696731174335
  0.25192450633134683  0.26242662034845932  0.27311389549469367  0.28361478715053434
  0.29398998705756790  0.30426613419478027  0.31447821759290034  0.32481076235275441
  0.33505822813219599  0.34565807072761023  0.35609090897399898  0.36641695827903514
  0.37675274737472025  0.38731646513579127  0.39807696998320835  0.40871310468131250
  0.41917570601583470  0.42958939515591832  0.44008686662964863  0.45059558899536190
  0.46105782768195308  0.47135966159323556  0.48180101760511895  0.49246650732126612
  0.50314764425683167  0.51377079380514656  0.52432399262157370  0.53493936597018044
  0.54554786648774700  0.55617587721220818  0.56677953200439846  0.57747791064004261
  0.58803474111754417  0.59852836555573141  0.60890083939515605  0.61936036583359433
  0.62992279081586000  0.64051604705966714  0.65110084721556116  0.66175677769403851
  0.67234861706307458  0.68297203349232072  0.69363476963926485  0.70434412660841306
  0.71509387029949567  0.72566883067551735  0.73624529391018712  0.74672624698978307
  0.75740080871545989  0.76817738423449922  0.77896147594926846  0.78958386950125892
  0.80008912990218473  0.81074811282917136  0.82144528074535461  0.83216218041388512
  0.84267475178532991  0.85308883519589995  0.86365795833692260  0.87411393494712830
  0.88459444867365433  0.89493084537439826  0.90523053262694908  0.91557480048591622
  0.92594803531582648  0.93647972090548015  0.94699641431065940  0.95761724902994305
  0.96832378208509284  0.97909431060980101  0.98964034049961691  1.00000000000000000
 -0.00251959461967312  0.00952758970374540  0.01979620174697881  0.03038568727239381
  0.04096769672435528  0.05151549798560180  0.06204369570066608  0.07230713164335562
  0.08257929216785712  0.09291741479886939  0.10336742428097051  0.11382220292392151
  0.12433788806109566  0.13496496558627077  0.14546833225842903  0.15596230057599289
  0.16645103557620586  0.17708523217560104  0.18757242931849194  0.19809889509129300
  0.20859962527744538  0.21921999419444177  0.22969792302243966  0.24042085794583784
  0.25118953339817063  0.26201580798006058  0.27270343727629615  0.28351717072367350
  0.29427660408229039  0.30488797150234470  0.31532174628184462  0.32576752527923863
  0.33617744196351368  0.34663173853353246  0.35713549574929748  0.36775015118886312
  0.37830172782653176  0.38875641886088408  0.39920696042400022  0.40956474821331806
  0.42005560408089176  0.43052082615521986  0.44097255516559958  0.45142405731336271
  0.46193297552668922  0.47261233761182314  0.48335556839530902  0.49408314072554993
  0.50465746110332688  0.51506759145417935  0.52544716711163864  0.53598563871772609
  0.54645078016233251  0.55699814167802919  0.56751925539120018  0.57807077837919640
  0.58858693493883907  0.59908657967228784  0.60960877911890154  0.62016250271232998
  0.63069557081096028  0.64122459031804679  0.65162576099174385  0.66198406943974075
  0.67238647588156741  0.68276292931697768  0.69315296564166817  0.70353815142598142
  0.71401248795501537  0.72459217665252484  0.73528421970541669  0.74602048412899769
  0.75660696494580504  0.76722591799668172  0.77781336316220107  0.78841683714592570
  0.79887517547132358  0.80930925930500486  0.81969721547215646  0.83010593404557698
  0.84063777963121911  0.85115800334445568  0.86158938208401081  0.87195276999451776
  0.88256923702612278  0.89322839243081864  0.90382146028654520  0.91431733133312143
  0.92497918369454724  0.93576506574316931  0.94642374040708521  0.95714186259875544
  0.96770340260366694  0.97839736477063188  0.98910242746681598  1.00000000000000000
   1.0226761689050887E-009  -1.0000000000000000     
 T T T T T T T T
