 -0.00160398943596690  0.00579605620917313  0.01273084445751435  0.01949815739342130
  0.02662191313615298  0.03414614442785496  0.04198762061587613  0.05005058243503592
  0.05828857862649310  0.06677691170634972  0.07553016114202406  0.08446471552927308
  0.09351030770636096  0.10263533643003121  0.11190011216607827  0.12130618963645437
  0.13079158112261635  0.14029676900555138  0.14982428048434257  0.15940290388897682
  0.16905297627917945  0.17875998431467199  0.18848356862520646  0.19821847539122650
  0.20798171393289369  0.21783353102809147  0.22779284362727756  0.23781711160167057
  0.24784327832241473  0.25785322993740806  0.26792589638069053  0.27805293572906059
  0.28819325467074397  0.29830837753147971  0.30840885041407717  0.31856789003281838
  0.32874859134087048  0.33894407291475659  0.34913456787361680  0.35935404193249226
  0.36961648091590082  0.37986707312834772  0.39010939139001649  0.40036469906320160
  0.41066259928404147  0.42099419263764315  0.43135390456137718  0.44175058866646166
  0.45218133155311735  0.46261359414107150  0.47302988313175059  0.48345064306466767
  0.49387842983650804  0.50435402638519333  0.51490009560132077  0.52549369965320281
  0.53608966637310584  0.54665245253935291  0.55722560033190049  0.56782542724709228
  0.57844923131281367  0.58910450831025818  0.59981611202030927  0.61057531537098442
  0.62133712992285550  0.63210822433820169  0.64293218041798839  0.65381268502284640
  0.66469465007119077  0.67552193534150407  0.68631920241579725  0.69716020416460067
  0.70809024106843932  0.71911067004154638  0.73021146890754030  0.74136402366815091
  0.75250845119114618  0.76357961067033819  0.77460692945546339  0.78570466135524497
  0.79691812263799144  0.80828627390993912  0.81978101209691356  0.83133595548657568
  0.84287424668068078  0.85443467356490288  0.86613247920403047  0.87804179604434740
  0.89014350188764746  0.90241272255472471  0.91497289788631742  0.92799255052111618
  0.94167380559045555  0.95643944751015453  0.97507063903953028  1.00000000000000000
 -0.00242813823291264  0.00956767765785232  0.01954304082094141  0.03000212578980526
  0.04046640568784649  0.05109813053812578  0.06166527630637182  0.07231656318778303
  0.08299911707784162  0.09374295474274377  0.10433303071537907  0.11504526787632703
  0.12563356482868054  0.13622288458540241  0.14674402688747420  0.15740989644719455
  0.16809522433358001  0.17861768994507768  0.18907787075699908  0.19956304670772645
  0.21009406188662280  0.22069602615376244  0.23130771040185558  0.24192869721631161
  0.25252663558349536  0.26311671117008323  0.27377874074537828  0.28430117157932439
  0.29492927595094892  0.30552244270557499  0.31615724013641172  0.32673321455266618
  0.33733503538311294  0.34795213450043228  0.35851403723975117  0.36908250255887864
  0.37965189914259190  0.39020566975302745  0.40070712010915738  0.41113576707408600
  0.42161622310205393  0.43210686244218394  0.44261090859295776  0.45312547559981409
  0.46365116600539386  0.47409430519828499  0.48457898426685753  0.49500319385569824
  0.50562052003297642  0.51616301442119639  0.52680918360125506  0.53740693492364999
  0.54809825789991595  0.55884557611427788  0.56948126152682255  0.58002493881201445
  0.59044748590220519  0.60083946792943999  0.61128782493954337  0.62176593215819531
  0.63234047317620345  0.64294848126520665  0.65356475682323645  0.66419739845841608
  0.67468776789553575  0.68524150216517998  0.69557549257105977  0.70598020338062839
  0.71630533600205815  0.72669788372289978  0.73706185291783455  0.74746946065921105
  0.75798446841891243  0.76841066926160539  0.77891449162992965  0.78942340544988654
  0.80002802756209768  0.81051615833671120  0.82104120052788487  0.83151445503869703
  0.84197378075959672  0.85241209419237551  0.86292407743439392  0.87347428813396755
  0.88405090626469451  0.89459052220842805  0.90513977596171691  0.91565036502596686
  0.92624288128484900  0.93683312624542692  0.94737450933126877  0.95801137274588632
  0.96842673445776128  0.97897243143831791  0.98935396195739334  1.00000000000000000
 -0.00235058720235169  0.00932131749689641  0.01931286050107878  0.02981456212455546
  0.04029903609896672  0.05077121954723143  0.06126325093412507  0.07182508204774829
  0.08239488606221246  0.09288043957746825  0.10341636416338949  0.11394691119448967
  0.12466229622949175  0.13512694265223513  0.14569288297980168  0.15611641488166794
  0.16650518493101682  0.17682576981927722  0.18719834340037805  0.19776498523988159
  0.20839357886175872  0.21894714542189314  0.22949436253326935  0.24004864656352698
  0.25060773605202280  0.26118646234443993  0.27177197932927449  0.28243794719070553
  0.29308396475896392  0.30363152130709836  0.31417066457800524  0.32463186729645943
  0.33516432171004695  0.34574357485952317  0.35633987431740816  0.36697611017362047
  0.37754171424665983  0.38813660364453623  0.39866597153081412  0.40928188490288853
  0.41993085647460426  0.43053864066679493  0.44113405837313674  0.45173902805702920
  0.46239079749100620  0.47293986403307614  0.48352368909001003  0.49419306125863777
  0.50485286776064076  0.51536453691881368  0.52586257657489621  0.53635809719864236
  0.54687029325614755  0.55731632767589134  0.56780459598527189  0.57826173929659996
  0.58870349630407548  0.59920384437366059  0.60977236481859032  0.62032558006122362
  0.63083242337852707  0.64131712941060126  0.65191971440118068  0.66248204712513858
  0.67312759210409800  0.68366673179266901  0.69420173695108967  0.70461185541476012
  0.71519097112245344  0.72576493334414283  0.73635401625750940  0.74685664046741695
  0.75737230341850426  0.76794682207985299  0.77840596753829705  0.78893372885154023
  0.79944567759272511  0.80997329035159216  0.82049197220850834  0.83105320070392996
  0.84165537091667975  0.85226796119419246  0.86280487810566731  0.87328997234668326
  0.88371255562615680  0.89425532791519413  0.90487524098426408  0.91554052382859086
  0.92617084304187713  0.93676587301823411  0.94725813499729572  0.95768360041778888
  0.96818239868798694  0.97883555358966512  0.98947354749347949  1.00000000000000000
 -0.00230275221679992  0.00920578059493851  0.01918567430788065  0.02963423456292543
  0.04014643967154283  0.05065923931551573  0.06118818308370576  0.07170900483019997
  0.08230387278471404  0.09289297610829694  0.10344432557793472  0.11388772431586756
  0.12434434534139001  0.13488118777694702  0.14548658927060659  0.15604321555128872
  0.16652410773264367  0.17695409180365951  0.18743426259166923  0.19803789692506543
  0.20865363219745742  0.21922516013735149  0.22976610051079779  0.24028729958028605
  0.25088178302768860  0.26146776948836903  0.27204060820052001  0.28258289186620245
  0.29313594065561993  0.30373816518574565  0.31436295981573925  0.32497278723446799
  0.33553796433992811  0.34608636453330227  0.35658211891622621  0.36720886766905619
  0.37777331249933738  0.38830257431333914  0.39880514158948199  0.40934014658877799
  0.41984074236933833  0.43033259858241057  0.44072543941219489  0.45123064187330214
  0.46171391581727939  0.47222202139202984  0.48273885987376869  0.49322176943319135
  0.50376550393520980  0.51433531675445587  0.52498489392474301  0.53562610761247609
  0.54616779883264377  0.55666028206233897  0.56717487597678540  0.57776494384312194
  0.58834610731468018  0.59896110558519500  0.60941728230865155  0.61986841081650024
  0.63028729600449906  0.64085932235633836  0.65142037121896135  0.66194163296909680
  0.67246578047197869  0.68300567494366560  0.69357645590349559  0.70420732712544853
  0.71484494918852570  0.72543996137339428  0.73598037796685312  0.74655388870684702
  0.75723238418719263  0.76787846278361094  0.77861559903499833  0.78929566473641388
  0.79999294966035472  0.81063858758221108  0.82125073019461836  0.83188060872704606
  0.84240973211219394  0.85281737711235739  0.86320266391651856  0.87359711973079224
  0.88416152523284153  0.89458102001216022  0.90508781508579539  0.91559032144481978
  0.92621964019301384  0.93675726686270433  0.94727283466766365  0.95771860749092608
  0.96831354705421468  0.97883533063469441  0.98945547750065821  1.00000000000000000
 -0.00229613771981486  0.00929671349586400  0.01932809484904653  0.03002908565630071
  0.04075684283179178  0.05144586961663813  0.06204960596396599  0.07253495427473404
  0.08304489237735579  0.09357766743122478  0.10415441797929963  0.11474395769761724
  0.12519913262199822  0.13569259323262503  0.14620788942513707  0.15691137001580632
  0.16754050335513482  0.17803910901021136  0.18853555162580252  0.19912008882773205
  0.20964898298348375  0.22011831492191766  0.23059880183670403  0.24118117582357224
  0.25167130112036074  0.26214813815136850  0.27261512346805261  0.28308157120359695
  0.29353554959938422  0.30401680240865964  0.31464256660719814  0.32519751074914877
  0.33571926428994470  0.34620065026650315  0.35668200241374687  0.36710657109205963
  0.37750868464028658  0.38795418541136129  0.39852339673127918  0.40907651346905632
  0.41955628115557853  0.42999527060690473  0.44044439223536574  0.45093424040287938
  0.46141288420017623  0.47186949455391075  0.48237131757247842  0.49285587022429217
  0.50336170083734844  0.51387866055627884  0.52445345778803987  0.53504313376612223
  0.54561737827947376  0.55622423978814739  0.56685175710645230  0.57744415156283835
  0.58806867477871994  0.59863913892626819  0.60910764446229815  0.61950379316643067
  0.62992025293394860  0.64044480493375699  0.65092577444584210  0.66144662058132397
  0.67194577033843983  0.68245967819631048  0.69294343460822583  0.70353216874184465
  0.71421496304806542  0.72495514005025519  0.73563732646865809  0.74622770838086994
  0.75676372605381148  0.76727749736741224  0.77781211524991201  0.78844708249476225
  0.79914780565703980  0.80987537338492921  0.82058429649496911  0.83134180285835069
  0.84199010063018642  0.85261368610430033  0.86299358905610168  0.87334636588916170
  0.88374026743165335  0.89420950424742307  0.90472286226672471  0.91506009921371301
  0.92555654407952503  0.93605721561535282  0.94680757057991738  0.95748420353364561
  0.96820500413255817  0.97877161857159745  0.98942245090939784  1.00000000000000000
   9.4976150754986564E-007  -1.0000000000000000     
 T T T T T T T T
