 -0.00157074167271946  0.00561572650110932  0.01247914445794593  0.01916471577333002
  0.02619227615506107  0.03357232966240326  0.04129446781043555  0.04932075597919792
  0.05761362981096797  0.06618651471748860  0.07498783982999227  0.08390689229127915
  0.09291388677346479  0.10202469767955716  0.11123310033520571  0.12053189340876176
  0.12990590194192803  0.13937430374766710  0.14893422462162023  0.15855350904806331
  0.16823248934627574  0.17795594667915124  0.18772895173516099  0.19756464310139635
  0.20745963616394086  0.21737080943796686  0.22725759228923420  0.23715121992076954
  0.24710399512412679  0.25712032094004011  0.26717945321420139  0.27727182223064517
  0.28740020619108625  0.29754607291116980  0.30769171553643504  0.31785602215174302
  0.32805362754694323  0.33828356521629144  0.34855906535508713  0.35888969036257284
  0.36921585897838738  0.37951279570465718  0.38977995526654885  0.40008622038432551
  0.41042889419370060  0.42080158259780065  0.43120628701702174  0.44165664022083023
  0.45214542836328636  0.46267549419899884  0.47324509499845635  0.48381255024475028
  0.49436253329586932  0.50487866232863199  0.51536443729315040  0.52586042201372607
  0.53641493507025451  0.54703720834725744  0.55767144636894761  0.56827849305286116
  0.57887888965579304  0.58953098247262647  0.60024973389352387  0.61103042939119645
  0.62182710873922653  0.63256957733173957  0.64327502909404322  0.65399443536184554
  0.66479028016339847  0.67565241851471436  0.68654647929702317  0.69748057194216639
  0.70847120183602252  0.71947275220477602  0.73049229503279844  0.74151151441309271
  0.75260139723120922  0.76376296860153947  0.77499611560447390  0.78626656335805267
  0.79754328803373098  0.80881951132022178  0.82008798032853814  0.83142281491926717
  0.84288965498923007  0.85449255839888061  0.86624206186314545  0.87816536206330309
  0.89029447930495642  0.90260960805058466  0.91514869657020559  0.92804860439426551
  0.94160222300833296  0.95629850510127212  0.97488417439990294  1.00000000000000000
 -0.00235089383264209  0.00926783784279005  0.01926120572768406  0.02982775277568549
  0.04028226338762571  0.05092133353303305  0.06152352433005454  0.07207569324470992
  0.08252341246703102  0.09299406801231924  0.10347811784760896  0.11405420700136927
  0.12457165376157175  0.13515212810151622  0.14564866751400710  0.15626587305379719
  0.16687853902972061  0.17748290799019922  0.18808152369574554  0.19866286114718412
  0.20923620404200957  0.21981080400186362  0.23038571883615386  0.24090466898537855
  0.25132128699942796  0.26176852053069422  0.27217664812478271  0.28266448733955529
  0.29316837472507140  0.30380636242613457  0.31438235982164170  0.32484711096910707
  0.33525309024485361  0.34573647713082406  0.35633004979868332  0.36698581493772126
  0.37760567414125285  0.38817435986385407  0.39874075114475288  0.40917925343270506
  0.41968956213868974  0.43025917233856309  0.44081246928567203  0.45134740661466743
  0.46182557563166382  0.47244811693149152  0.48299192917703965  0.49349374131348611
  0.50402436561436736  0.51461675436629883  0.52527294618118481  0.53593225375479414
  0.54651339379944286  0.55704410535198701  0.56765322859106848  0.57834255170610627
  0.58890184183513383  0.59940639768263848  0.60994545775867270  0.62063265583853378
  0.63124603733383089  0.64173202762319159  0.65227170491596420  0.66280926939465401
  0.67341747129955876  0.68403681758319934  0.69472815934405208  0.70539163196312060
  0.71593341013339018  0.72647054845533798  0.73704479868435835  0.74752795752005585
  0.75801293271951486  0.76851873118092529  0.77909547969188209  0.78966351862184325
  0.80016646042011719  0.81067500436033324  0.82116778491874121  0.83168762967067555
  0.84217787417948387  0.85266893892324169  0.86324440786719081  0.87386126631869243
  0.88446919778535271  0.89507228876927947  0.90555282001261583  0.91604953414085977
  0.92643869825907854  0.93684798199489783  0.94725015373759658  0.95759712520643470
  0.96820134477202879  0.97877356372278279  0.98943867750463832  1.00000000000000000
 -0.00224330039706218  0.00941404810249858  0.01939140706904577  0.02999115259893648
  0.04054989195021298  0.05097586460156636  0.06123567825640445  0.07153410560453484
  0.08194248798880348  0.09238455068741649  0.10281998459466377  0.11331285715090768
  0.12380955988841591  0.13431383008020881  0.14484599898950812  0.15544336801256212
  0.16607782364768395  0.17653750734688181  0.18692547231032400  0.19733463144874430
  0.20796008664636051  0.21863947452730789  0.22930175844121414  0.23988538333028450
  0.25046951512239307  0.26105914771071770  0.27176575144337495  0.28229049970315806
  0.29285524649486905  0.30335730987338899  0.31399600124412130  0.32451209664969427
  0.33505880791268078  0.34561742714336230  0.35624171437203961  0.36683330381395557
  0.37750012118288823  0.38806443270636881  0.39858857593402613  0.40910493459129826
  0.41966772042951045  0.43020955978252290  0.44071886345545974  0.45112478353931756
  0.46163786990297806  0.47212009682115946  0.48275254156070568  0.49338599740392391
  0.50407663681798109  0.51473599080555055  0.52535682235310877  0.53606324618297707
  0.54664354696371220  0.55725759127355290  0.56778568902684290  0.57845841683973065
  0.58902578578154385  0.59954131944050693  0.60999579099141810  0.62041027455186204
  0.63087171953437537  0.64129799569607482  0.65187279967784639  0.66241781474201467
  0.67293138288723464  0.68334258000873827  0.69376456575688150  0.70424046027576792
  0.71473245723198964  0.72522431030952361  0.73584092552287272  0.74644854924717874
  0.75716645045916720  0.76783069384912295  0.77846347850433517  0.78908008723109058
  0.79965169996868968  0.81032839949992397  0.82087865165131735  0.83140915646941427
  0.84182905232531569  0.85226887521552419  0.86278249306311194  0.87317955247985002
  0.88366981323075977  0.89415132702124378  0.90475143302543914  0.91523604170630135
  0.92577631936707727  0.93638392293644945  0.94697413066521330  0.95759164571123545
  0.96826317807675510  0.97890188562640301  0.98946527713679600  1.00000000000000000
 -0.00239777140997075  0.00944972939547893  0.01970096738000230  0.03026978063234833
  0.04084047112209422  0.05133271623087143  0.06189502144727629  0.07241933385578150
  0.08298242273456331  0.09355110814535700  0.10428036612614180  0.11504305728918890
  0.12574085751893299  0.13622739909806725  0.14675636465815972  0.15727988078721516
  0.16782716731761088  0.17824208418997131  0.18858896177059889  0.19896176513859926
  0.20942034036896906  0.22002707860791063  0.23061114476312783  0.24110713229956787
  0.25159962701942840  0.26219373645997085  0.27276712146064636  0.28329990189519683
  0.29373456600041792  0.30424912656156539  0.31472696566130359  0.32516461886130615
  0.33558241097132246  0.34604862558634497  0.35661053675628845  0.36718296101233011
  0.37776109222579946  0.38838448531726161  0.39896770963396755  0.40965345996455355
  0.42020834427379722  0.43082264847920837  0.44129849107655672  0.45191694221923712
  0.46247851555561009  0.47311586290968360  0.48369517172023835  0.49423509996058396
  0.50473049618194277  0.51520313999088774  0.52571394424280082  0.53626509374613263
  0.54684829477353847  0.55749972789342284  0.56807354668103971  0.57866269265491610
  0.58916044155573655  0.59967904466940902  0.61015276589386247  0.62057599517520434
  0.63098491537629964  0.64127456525631554  0.65159429137976488  0.66194608028499036
  0.67257809534686652  0.68321878944130687  0.69380142788899379  0.70426444296695490
  0.71470472754285175  0.72517529097986255  0.73568916372295168  0.74617291184774359
  0.75668900198992706  0.76710160416986972  0.77770298993500697  0.78829370360025663
  0.79894757813782502  0.80963402538874940  0.82030429276626826  0.83103498174145496
  0.84156478381360067  0.85209076893243318  0.86258252720540352  0.87304780813703731
  0.88355354505131367  0.89400258972254343  0.90457534901204673  0.91512393519286805
  0.92571125959703771  0.93623159994819227  0.94681047618588321  0.95730027216433944
  0.96785211188011788  0.97839364194413270  0.98916553129966212  1.00000000000000000
 -0.00238810377562289  0.00930980226143447  0.01950767507474617  0.03018711191459274
  0.04088492709307846  0.05143414610054737  0.06213425707888600  0.07267034525131354
  0.08333771993094866  0.09391893327234005  0.10455736265972999  0.11512271647857834
  0.12562524722581012  0.13615989492272870  0.14669274306323249  0.15725651685835929
  0.16779571082388700  0.17835707928861333  0.18893071995353775  0.19951141232129763
  0.21009666316476558  0.22073663907657357  0.23148079230432783  0.24214644034535088
  0.25268670624274958  0.26322702004046106  0.27382251102390087  0.28446944449170353
  0.29507822525476879  0.30568779835458887  0.31633858780044333  0.32697784683917042
  0.33756454985320533  0.34805144473658073  0.35864502226025347  0.36924148891742015
  0.37985511896400870  0.39035013001165386  0.40086684474216511  0.41145664855313935
  0.42204789541734267  0.43264372426397907  0.44316179914154802  0.45370294370274383
  0.46420620809930163  0.47471092742697518  0.48516297767173711  0.49564887573814803
  0.50606706478204599  0.51645416592704629  0.52688798536756842  0.53739372444697886
  0.54782888462922041  0.55823965455719105  0.56873455673233364  0.57925895300212948
  0.58982734413990889  0.60032273183612872  0.61095879669368924  0.62146444677212664
  0.63204824017706873  0.64263621396039905  0.65320697580688314  0.66386434847538722
  0.67434891729796853  0.68490706209629870  0.69545715318220769  0.70607050569534147
  0.71666219445596524  0.72712227433144827  0.73765782143200109  0.74824957485288901
  0.75897121957215896  0.76958732975624833  0.78009563015621142  0.79051850570934945
  0.80096147285801500  0.81138379735446220  0.82194455654738430  0.83255504987433582
  0.84322222213460984  0.85377155127484805  0.86423669012795856  0.87471151012885684
  0.88512305051142681  0.89563847353096881  0.90615664803330653  0.91660398520306552
  0.92697078201819350  0.93741307220227343  0.94789801431992016  0.95838575651893954
  0.96878783857128592  0.97915674137315012  0.98958276236416398  1.00000000000000000
   9.1116614502474836E-007  -1.0000000000000000     
 T T F F F F T T
