  0.00000000006147500  0.00000000008902761  0.00000000011787436  0.00000000015252658
  0.00000000019461377  0.00000000024678674  0.00000000031181819  0.00000000039353349
  0.00000000049602538  0.00000000062341587  0.00000000078141936  0.00000000097941775
  0.00000000122943921  0.00000000154523428  0.00000000193878815  0.00000000243576237
  0.00000000305422435  0.00000000383495264  0.00000000480094489  0.00000000603096110
  0.00000000758024166  0.00000000954073814  0.00000001198768762  0.00000001505136282
  0.00000001887128298  0.00000002370088673  0.00000002977879037  0.00000003746679503
  0.00000004700325667  0.00000005894777874  0.00000007395553985  0.00000009294541190
  0.00000011685207274  0.00000014681567785  0.00000018437299558  0.00000023197185472
  0.00000029187088069  0.00000036707601102  0.00000046133368217  0.00000057969076116
  0.00000072812016936  0.00000091313792778  0.00000114399979340  0.00000143845654183
  0.00000181248308397  0.00000228293906285  0.00000287214337584  0.00000360950017298
  0.00000453884065975  0.00000571104558803  0.00000717986848214  0.00000903568547700
  0.00001137933486356  0.00001433126456611  0.00001804264140278  0.00002269195414819
  0.00002851819013292  0.00003580393165669  0.00004494957656920  0.00005650635810133
  0.00007106900602548  0.00008931023845902  0.00011221427590760  0.00014106791909707
  0.00017739654597347  0.00022277237400992  0.00027928835625575  0.00035035139012210
  0.00044005171010035  0.00055304935992035  0.00069460947081626  0.00087189798193435
  0.00109557416555123  0.00137834285080568  0.00173428126504592  0.00218174448181953
  0.00274589021648704  0.00345994540643376  0.00436296708625993  0.00550250954761465
  0.00693546242886955  0.00874032946869996  0.01102060507820217  0.01393047975184195
  0.01768096548264352  0.02250643248046943  0.02872032200211799  0.03673715778263328
  0.04719314184480285  0.06111543756734582  0.08015432711568225  0.10709998955281917
  0.14735593549161108  0.21413098337835698  0.37102950539481716  1.00000000000000000
 -0.00238048406271796  0.00944661035120212  0.01953084523817923  0.02998167312839881
  0.04049366647867860  0.05098531614745406  0.06153268760158326  0.07208780097557616
  0.08261527385232141  0.09314506577567952  0.10368658549789170  0.11436796531133789
  0.12499758030248066  0.13573402436272733  0.14637448302017073  0.15704028795719843
  0.16758221929312039  0.17816851596462788  0.18874784301700923  0.19935537571116271
  0.20999613966929137  0.22060786846795885  0.23123064647528727  0.24177303953771057
  0.25236807858427263  0.26295411045965644  0.27351153942290279  0.28415596726371856
  0.29473961285331157  0.30539237176037110  0.31586257387086081  0.32641699953733272
  0.33686095759346751  0.34733556955985967  0.35775170572563780  0.36820425780269750
  0.37867234328547145  0.38916339827170532  0.39968075111795720  0.41030158244757670
  0.42094738891503664  0.43170333817252671  0.44233250733331103  0.45302579768891571
  0.46363338084657135  0.47425227076479509  0.48477059506696973  0.49522379355657004
  0.50571973478126242  0.51628888842056175  0.52684387274216138  0.53742706957949604
  0.54790443722252324  0.55844494347613738  0.56896394179490251  0.57947262463570315
  0.58990892511916060  0.60035582815153421  0.61090219690964098  0.62154624465510777
  0.63219820960722395  0.64280027042438992  0.65331280471702646  0.66380922059008263
  0.67432393245151456  0.68492196040698772  0.69551887684937463  0.70610059896147015
  0.71661584654620636  0.72719017750515336  0.73766873317249393  0.74813536825117333
  0.75858838604575651  0.76905622978053767  0.77957876008284743  0.79004507090707843
  0.80050536353407953  0.81098863486264050  0.82145248270065485  0.83203629762444942
  0.84254042458201728  0.85303636409403827  0.86349561767708449  0.87393619556858559
  0.88438647258992020  0.89479410654060365  0.90530486079363170  0.91583608546513029
  0.92627674005535110  0.93676105759817130  0.94726573586930529  0.95795376142282640
  0.96842333161355254  0.97891606273449316  0.98941806593954151  1.00000000000000000
 -0.00234176463567594  0.00948111905493575  0.01949926351083413  0.02994764231547339
  0.04041675112169748  0.05102908574788092  0.06172651896978820  0.07237323221339106
  0.08296586087843830  0.09348893381598999  0.10410430603863018  0.11466070508230544
  0.12525207461342155  0.13572371580154452  0.14641237732379175  0.15703082775995056
  0.16774357389923150  0.17833122715333571  0.18892323186933119  0.19945032957492018
  0.20992319925680136  0.22046239168265019  0.23097757999012553  0.24151713492132029
  0.25210356487581659  0.26267180751702313  0.27316023443069459  0.28360640503911672
  0.29406170618765132  0.30451738473093953  0.31503613900238120  0.32565016030723215
  0.33634267848833177  0.34702590785789011  0.35766454887824517  0.36830446240863646
  0.37876136361877882  0.38920519472847986  0.39966644716743538  0.41024058081296350
  0.42080291621874649  0.43137752118770023  0.44190372104072784  0.45247170640115747
  0.46301591840672779  0.47370388245421019  0.48429953601957149  0.49492454195142160
  0.50537211992777920  0.51587548947728501  0.52636742475733544  0.53682882935032972
  0.54735107447232889  0.55777593857620045  0.56828410860672962  0.57880332277528812
  0.58946537107961583  0.60010007907926910  0.61069382995180788  0.62126950820065407
  0.63183004864034598  0.64231669123519053  0.65285765406554919  0.66337675562547038
  0.67383697679723420  0.68419123787672631  0.69461765566187217  0.70506891425073992
  0.71549140858711924  0.72586365880201664  0.73642546360348360  0.74704471967511177
  0.75775294379733393  0.76833348362604992  0.77885673843078351  0.78925640310543410
  0.79961188013334528  0.81008356702946449  0.82057579688791971  0.83111349229283771
  0.84158223363225515  0.85198312026861156  0.86251114539520402  0.87298976514969773
  0.88363378282413108  0.89419267517854339  0.90474814058404041  0.91519902138491815
  0.92578813038569741  0.93632141466299601  0.94696167572306222  0.95749721346831040
  0.96808470085236920  0.97874084572812103  0.98935959768259119  1.00000000000000000
 -0.00224105870622391  0.00922933001104577  0.01922962731020102  0.02967888417224139
  0.04022329998797256  0.05064736001084980  0.06114422810311629  0.07165505362912170
  0.08216815303840007  0.09259533968024158  0.10300379491000017  0.11354187980843897
  0.12414359112092599  0.13471579703480926  0.14529932839593360  0.15577111080097028
  0.16621191459687959  0.17661564365768226  0.18707784739675651  0.19754739748989730
  0.20810610824768980  0.21866391822678358  0.22918183017787999  0.23978242018517631
  0.25031561658168372  0.26085774103557602  0.27133983639671683  0.28197417204587027
  0.29266858576632282  0.30321513894673979  0.31367853809978341  0.32408385519169858
  0.33458131975501731  0.34521089531218324  0.35591549728920724  0.36657958765796672
  0.37719062206752707  0.38784057328855365  0.39847573687003995  0.40907135983806098
  0.41955865915420321  0.43005935883570540  0.44054578592992394  0.45107894807856652
  0.46161165860280057  0.47215592591678307  0.48271857506735477  0.49331029202387411
  0.50396914649726354  0.51457726780197333  0.52515686830489938  0.53569747942306989
  0.54625195453838515  0.55687825957484272  0.56756319435595848  0.57833837557243262
  0.58900683126958397  0.59963003329885656  0.61019621432299287  0.62072178832460312
  0.63125760465812364  0.64173873334126863  0.65228701769470432  0.66279974532554320
  0.67332155860846010  0.68378039112424549  0.69430277931179851  0.70488640360880606
  0.71544689424950270  0.72600612583822410  0.73652091678411291  0.74709054830088872
  0.75756640969068290  0.76802273400541010  0.77840173109951105  0.78883540095051841
  0.79925031923136680  0.80977916222726543  0.82038795114222229  0.83108270519689387
  0.84173850691480423  0.85235397467797902  0.86300780933274024  0.87368516205082936
  0.88423870044088815  0.89469743675188218  0.90519972087874112  0.91576056043749343
  0.92628116979809139  0.93676968743270284  0.94732651326303341  0.95797207950801400
  0.96848753902215046  0.97902761082352963  0.98950382516397817  1.00000000000000000
 -0.00238787493435842  0.00947499517119492  0.01944500497528253  0.02999579049517848
  0.04046672040198496  0.05109586784797471  0.06169639145293414  0.07237443763788352
  0.08295944291090018  0.09346968753902052  0.10401097548739988  0.11451736567757285
  0.12505380402447894  0.13563823127759503  0.14620424530674189  0.15676084679209948
  0.16722718033190387  0.17775527320751625  0.18822289442932172  0.19876916258990279
  0.20933091838814172  0.21977371682616167  0.23016769348815910  0.24062553197624398
  0.25117099119596875  0.26168400522436780  0.27214760189278320  0.28266243923185119
  0.29327062920584895  0.30388509926100415  0.31450464172932924  0.32508938475054194
  0.33569454973921548  0.34634693558354790  0.35702289958715461  0.36766426957459647
  0.37823549038114890  0.38870819607860879  0.39927481354839733  0.40995464017643690
  0.42053349508647736  0.43105385590675110  0.44157562875104173  0.45228760093815140
  0.46291604652587443  0.47345338261829906  0.48395483166204939  0.49456865002449907
  0.50522015314473534  0.51585148443491113  0.52648315442217331  0.53707657990545954
  0.54762335601489409  0.55817533078630910  0.56873224696265490  0.57922775047344011
  0.58964850223944665  0.60003219156189347  0.61050743970665988  0.62099456862591229
  0.63153423072768478  0.64215465143811812  0.65272016948551026  0.66323743617201769
  0.67369737996331203  0.68414256189271738  0.69460178146764928  0.70501438788360027
  0.71545440421462458  0.72597608262887969  0.73653837956036783  0.74712556585159640
  0.75759935522234811  0.76803571012801708  0.77852333097780380  0.78900830656993393
  0.79954806913462029  0.81010321791023687  0.82067572479555306  0.83121434377005177
  0.84165944060401243  0.85215996142841033  0.86266798137233158  0.87329115547286718
  0.88385758971518014  0.89440827392328370  0.90485997999211998  0.91546679179921131
  0.92607171498921914  0.93671977786827776  0.94721140124878145  0.95775707174940550
  0.96829382203646830  0.97890183707690859  0.98943650473722444  1.00000000000000000
   1.0887483161925138E-005  -1.0000000000000000     
 T T F T T F T T
