 -0.00184986706321401  0.00612645123059995  0.01332895055167150  0.02045043748947126
  0.02788333427279724  0.03558387507435422  0.04357673752964027  0.05187661375786910
  0.06040126382437361  0.06916220899117052  0.07812963663698873  0.08723715056227239
  0.09647600280862895  0.10580636593017335  0.11522618525385685  0.12470762775041858
  0.13432117743319569  0.14406096507318469  0.15387307366699562  0.16365723846102409
  0.17348786703097496  0.18334429414367515  0.19324129556919878  0.20308208808616229
  0.21294496690513345  0.22285351237996331  0.23274259602910591  0.24265952861512657
  0.25266145808933571  0.26278872647531648  0.27294976293429224  0.28311699332360840
  0.29326694117389507  0.30337201819884374  0.31350302833321902  0.32370008849800719
  0.33401677008850833  0.34440404689627363  0.35472829156126318  0.36496920117507481
  0.37520397479472756  0.38558122778377990  0.39605929912193211  0.40652162934223135
  0.41698232965728410  0.42748668151452834  0.43799521654448498  0.44840095450698070
  0.45878966275340044  0.46917261073804384  0.47960500593302891  0.49008414582195120
  0.50063004720488091  0.51120465829493555  0.52174485782520841  0.53223049273085743
  0.54268721243393669  0.55320722929990152  0.56379875357133502  0.57446351676208729
  0.58502410522392190  0.59548473198868579  0.60595308830566075  0.61654237264505130
  0.62727289263853858  0.63798995596177299  0.64870797813413028  0.65935186445824290
  0.66996779429806930  0.68062793193092974  0.69140755071769111  0.70231939997529758
  0.71325738633859692  0.72419506729539940  0.73519968158512095  0.74629817125825382
  0.75749628394676483  0.76872140837655822  0.77984356438343772  0.79096032618735246
  0.80211417967677834  0.81347434119102269  0.82492132018714326  0.83638651273668174
  0.84781075041662524  0.85926592152371972  0.87081049989255799  0.88261986015157401
  0.89465723452304025  0.90690943838972071  0.91934422083993017  0.93208217422833672
  0.94535507329060342  0.95977779099778482  0.97755578203009175  1.00000000000000000
 -0.00248249499320321  0.00989769908098338  0.02017614838624551  0.03056555983819931
  0.04105714366833489  0.05148137670826653  0.06196661956905020  0.07246481455072415
  0.08301007870153904  0.09350442374319982  0.10386814786243306  0.11427684010954628
  0.12472641709884549  0.13514958953691625  0.14563973071024564  0.15622822771234518
  0.16686543654641434  0.17741155377720014  0.18781259603310796  0.19841055306468319
  0.20898831575983159  0.21954153653983588  0.22995560620654126  0.24045837928863900
  0.25096664664885127  0.26139094176468869  0.27197812191108184  0.28267430460661169
  0.29346010743726042  0.30411862517652055  0.31464888345520642  0.32507342343331891
  0.33545847541180718  0.34587384006919369  0.35634243356963735  0.36678305838231645
  0.37719726153797661  0.38769650820108853  0.39828110352048879  0.40901759147901029
  0.41964993003602169  0.43034947224778997  0.44108663606914145  0.45185463191005165
  0.46260330539854372  0.47329429679346308  0.48391352932525211  0.49436856836708942
  0.50480425227343628  0.51529795382532229  0.52598983456116544  0.53675736461589207
  0.54745950240163965  0.55814276577684196  0.56876471506379955  0.57941261702697933
  0.58991076225779870  0.60040530877090958  0.61092589226242733  0.62143222558832778
  0.63193254193123738  0.64244514707264000  0.65315375975255607  0.66383124318904496
  0.67449546250219816  0.68481975232882342  0.69518752219439928  0.70564071639756898
  0.71628016248437321  0.72707578020960550  0.73761140518371682  0.74817400033980230
  0.75858025177989519  0.76907738632796740  0.77949238071195681  0.78992268276318367
  0.80026084717175994  0.81056239078790404  0.82081347180112407  0.83112438490807661
  0.84156844704699463  0.85212748844107966  0.86282443161146405  0.87332773839181743
  0.88387660888103514  0.89429906930145520  0.90480451559833575  0.91522557648273661
  0.92573846902767554  0.93613256514005150  0.94676491056414314  0.95734975631030073
  0.96801536154383072  0.97862205377750211  0.98929604785501513  1.00000000000000000
 -0.00239242248250667  0.00962057761799646  0.01977881064535508  0.03020795918324929
  0.04067357629577029  0.05128348300744846  0.06192806873327510  0.07249138216910173
  0.08296409381153841  0.09338320444199276  0.10372331507587638  0.11410458426136597
  0.12455393581764522  0.13506230489983784  0.14542000989095358  0.15578869161089282
  0.16626183412391343  0.17705132505063895  0.18787058119598471  0.19862410848461645
  0.20927402885063409  0.21983335237308066  0.23036891464023823  0.24084027440694838
  0.25138907536035471  0.26200427641901347  0.27256950984795025  0.28306786857353322
  0.29357559104101311  0.30416643869003152  0.31479900674582295  0.32536717862588060
  0.33592234742814475  0.34645117604748088  0.35698291380177771  0.36756403342088412
  0.37821198847103565  0.38889938770977639  0.39941903430613784  0.40971610406849979
  0.41988384297034426  0.43008150997519984  0.44060309624681188  0.45127092428362264
  0.46191581951030253  0.47239603148931086  0.48287429498663664  0.49343792592947622
  0.50396909013835078  0.51454785827751981  0.52514969484422291  0.53573408814300505
  0.54630524041125827  0.55682206514731836  0.56734128726554778  0.57781290814138153
  0.58835192698634364  0.59904802297153148  0.60974846570576291  0.62053784521094324
  0.63131970998781373  0.64222621574967276  0.65296890445349276  0.66372970035701229
  0.67434254255140835  0.68508335925587904  0.69572770547477780  0.70630329606560982
  0.71684899025872417  0.72742120794650211  0.73809657235740656  0.74864389695331346
  0.75919785547224850  0.76967222623603637  0.78018634948225607  0.79077787878637584
  0.80133646106028444  0.81185944420928002  0.82219512056663446  0.83256928519937690
  0.84298411586694355  0.85348388643022866  0.86393005119312027  0.87424260216320360
  0.88463201772193600  0.89509449487248616  0.90561682552932776  0.91607351904680445
  0.92659051572944007  0.93716619161871750  0.94768640840398866  0.95826606242708812
  0.96883946849544567  0.97934661684802182  0.98966935800417144  1.00000000000000000
 -0.00236253483829189  0.01013766633858463  0.02043740767831540  0.03104704897383302
  0.04152981337998295  0.05211516800026109  0.06264008643949918  0.07325528670671443
  0.08368962083696381  0.09411077367454690  0.10439193401590485  0.11470769986449840
  0.12489042388619320  0.13519649730632319  0.14559884486162752  0.15633593881082111
  0.16720452539177943  0.17809500025852773  0.18882135314342657  0.19964568707443855
  0.21027591984791721  0.22086127667490085  0.23140489125986499  0.24189273558551547
  0.25235182643989146  0.26270423225340483  0.27313722357530268  0.28349848392401389
  0.29383151369148092  0.30419097870936657  0.31463323062824516  0.32518423089336074
  0.33591536507389264  0.34680401016989165  0.35759684634782818  0.36840205799600029
  0.37904784095654437  0.38976676785072129  0.40029793600874536  0.41064832502734999
  0.42098716758926297  0.43127868641533634  0.44153965470733686  0.45170589735543870
  0.46206475264374913  0.47274131069595815  0.48359107278474012  0.49443915087049878
  0.50511460849682821  0.51582308292548862  0.52643574798004011  0.53715519915639187
  0.54758689418251616  0.55799994685045018  0.56838181629985296  0.57888943512983726
  0.58942175795605134  0.59987544053483799  0.61040778694440023  0.62092168674251869
  0.63145883123632951  0.64202278213990005  0.65242619894202980  0.66287206129178089
  0.67337503522288500  0.68412515216323366  0.69481233552753308  0.70537172381100255
  0.71583353521519599  0.72639198823112494  0.73701823854772264  0.74766967638286796
  0.75826394151235932  0.76894812420011205  0.77956947041247182  0.79011386433904085
  0.80041041138512981  0.81070960333364028  0.82098545562386682  0.83132743441044343
  0.84160044653267729  0.85208031888145774  0.86258921883324302  0.87322999258718981
  0.88383742091890105  0.89442374300312799  0.90493820117583146  0.91545159016494138
  0.92603129593571654  0.93672463377973469  0.94726529858518460  0.95784356072509147
  0.96840780218136424  0.97904631939118114  0.98952757139473357  1.00000000000000000
 -0.00254385886775046  0.00950715016039731  0.01981339285391878  0.03025074421882390
  0.04075173557870933  0.05126666410010184  0.06194849583552833  0.07259724106919305
  0.08315744174831703  0.09375047929954627  0.10435117961566970  0.11507107518832717
  0.12579934189142186  0.13652290612240914  0.14722036532372759  0.15779410786458084
  0.16831551809504935  0.17883821095899466  0.18940124437207057  0.19985606856542784
  0.21028847800564474  0.22067439396749144  0.23097290845926774  0.24128050248585567
  0.25170804935808327  0.26241524219715312  0.27315014344905714  0.28373462273026340
  0.29424944351294807  0.30467609887202673  0.31518962909945825  0.32562961909768634
  0.33610393943123973  0.34670925914612200  0.35731447439132175  0.36792071234902135
  0.37837297635213962  0.38891050297623264  0.39930768576139525  0.40966448030924713
  0.42003119441139269  0.43055731187836177  0.44110653691055957  0.45157307810619218
  0.46197302558362147  0.47237519678353462  0.48278999311994558  0.49322285066673793
  0.50367964070025129  0.51421688728932802  0.52480746788890109  0.53537872394852326
  0.54588003311054412  0.55636769218615278  0.56690292712590185  0.57746325690530687
  0.58805705756526694  0.59854666084694330  0.60896481794713031  0.61933372822968402
  0.62980649948255973  0.64041457076678021  0.65097207704990845  0.66137732460873488
  0.67172372818370807  0.68212024792481407  0.69250917301228720  0.70296964849701837
  0.71349240542869385  0.72410944833512503  0.73472760368860857  0.74531410091320316
  0.75591392120569489  0.76657968009335586  0.77722363353467205  0.78777134533062632
  0.79820491570563623  0.80864706605563230  0.81922083508647181  0.82990908562574739
  0.84065482593692686  0.85126682308330803  0.86179166905294269  0.87230406064841526
  0.88293490914857120  0.89360423365416608  0.90423564247235200  0.91489368926844783
  0.92548606921594212  0.93610381912242469  0.94683216036387396  0.95761450831141293
  0.96822760712966605  0.97877122833758678  0.98931667821992442  1.00000000000000000
   2.6924146391975201E-006  -1.0000000000000000     
 T T F F F F T T
