 -0.00156884026016097  0.00569962694635462  0.01263483810786581  0.01938006539084987
  0.02641295455798887  0.03382528735196497  0.04159033051382886  0.04967200322371423
  0.05800473370264656  0.06654462075244323  0.07525107116311815  0.08408058112923041
  0.09304736310138893  0.10216380197924892  0.11143903464300496  0.12081638025233021
  0.13022355688556772  0.13967715285666185  0.14919142970522725  0.15880213871401067
  0.16850250256402449  0.17822604672383194  0.18795103686589737  0.19768332721571491
  0.20750298670685854  0.21743834022279121  0.22742133971514708  0.23741050397545707
  0.24740700197738916  0.25742633479788518  0.26741734787275651  0.27736848973645789
  0.28732789683146098  0.29733997802024892  0.30742349236396155  0.31755252583871307
  0.32774526203012805  0.33799694653125673  0.34830044006725663  0.35866977280100010
  0.36908648613307438  0.37953128233886496  0.38992564279851766  0.40026230270092272
  0.41059509278243866  0.42098572332308659  0.43143075046511414  0.44183926659719663
  0.45219826998695456  0.46256586347480377  0.47298824284483998  0.48340130320303931
  0.49381638023573654  0.50425269372291548  0.51474682347960699  0.52527034158017172
  0.53584802404403420  0.54647709341213657  0.55710600440788605  0.56773684998671747
  0.57838061195388624  0.58904560160828479  0.59969574618641919  0.61035374476320992
  0.62109007702816788  0.63191244050235329  0.64278824125808387  0.65363970160844964
  0.66445238706625342  0.67528410073655176  0.68614637687451041  0.69704492717109012
  0.70797721103713229  0.71897351827350497  0.73003600769267785  0.74112328824604945
  0.75226045879684988  0.76348682184232541  0.77477858464907978  0.78607218360559916
  0.79736339414487711  0.80869381465769818  0.82008332824518859  0.83152500692669040
  0.84299969159211052  0.85456304124294558  0.86627382152875332  0.87819140384271488
  0.89031409325135169  0.90263979622200818  0.91520771963631131  0.92814857495492797
  0.94171252518957116  0.95642727163333086  0.97500462631964946  1.00000000000000000
 -0.00238037109599274  0.00934425423246536  0.01956293279525460  0.03008915523591648
  0.04076535848937897  0.05132308640615505  0.06188581353636603  0.07236663553660228
  0.08294995783078897  0.09356343559713844  0.10415817662033698  0.11468033195373838
  0.12522442420930371  0.13578846081558488  0.14636114765098113  0.15687433228378744
  0.16737010010712897  0.17787309521747893  0.18833610012564481  0.19885567499138718
  0.20931269646307160  0.21991556051887859  0.23045556969818859  0.24103428448340691
  0.25151275808549123  0.26201362318113480  0.27256812705426753  0.28320181893494123
  0.29381491243310071  0.30432356039246355  0.31483423404653410  0.32540078256119698
  0.33603783573271750  0.34666133714804509  0.35724208469114255  0.36780872577918955
  0.37833477668029508  0.38898754754887244  0.39960838381080038  0.41026391572409271
  0.42082510071845686  0.43136529403232099  0.44182816929635754  0.45230537490298106
  0.46281213289752837  0.47337593161154667  0.48389983405158177  0.49446497220919561
  0.50498154830709097  0.51550556827565197  0.52595187840657520  0.53643846044720167
  0.54689960664541704  0.55744965681617042  0.56789097368192420  0.57839334478580517
  0.58886092733129614  0.59944186171885028  0.60996701253220320  0.62049578348762169
  0.63102187929404696  0.64155332749762917  0.65214899300398432  0.66273955414609276
  0.67330003493365087  0.68385797240161494  0.69440684231021166  0.70498656828142481
  0.71553330861634790  0.72608697244465281  0.73671602100888889  0.74719252057041663
  0.75759393837632361  0.76800272194823715  0.77856573976431709  0.78911688073389230
  0.79960430443008590  0.81003530678445357  0.82058795010539820  0.83103757800333422
  0.84153914431748511  0.85207111411889525  0.86269145228339328  0.87321350365151218
  0.88374388859649355  0.89420870055116308  0.90471668557525720  0.91522891522306926
  0.92577086151235166  0.93632367334801370  0.94688166176497957  0.95746802726643687
  0.96813856045645597  0.97875632405995039  0.98943596950760604  1.00000000000000000
 -0.00238130920598366  0.00925296502753273  0.01927742514457068  0.02978035686643298
  0.04039685925014293  0.05102166150969447  0.06162108196227740  0.07224515785522594
  0.08283425196658419  0.09335998351471882  0.10387894651822041  0.11440002747248229
  0.12496310145814468  0.13543326299172495  0.14600445209822716  0.15656241796561510
  0.16718477323237671  0.17779706227272793  0.18837640501084654  0.19897144630095767
  0.20958491952852631  0.22014587107766972  0.23066931980441541  0.24112599653863148
  0.25163322153292855  0.26206657510685016  0.27256665796320523  0.28303065495131141
  0.29356122668544343  0.30400313896296294  0.31443469759798448  0.32487780622376183
  0.33533417553555495  0.34583222909267830  0.35629937024219166  0.36677116998571879
  0.37724102522989311  0.38781808144193325  0.39842178806931450  0.40908324185318362
  0.41968323428738330  0.43032409821021222  0.44092980085822503  0.45154956149474840
  0.46208555751773556  0.47262467619918458  0.48311630665718708  0.49365951346228021
  0.50435360431517184  0.51498657416129245  0.52556333413386114  0.53603437681835830
  0.54655469353025021  0.55713608645080348  0.56773179421736963  0.57845374570755836
  0.58915641068030933  0.59989810504553365  0.61052609803627900  0.62116052197074756
  0.63176502432769033  0.64240502626919294  0.65305021611519087  0.66369940977186648
  0.67434022591121268  0.68493883417332313  0.69549704176822436  0.70605014132411403
  0.71655443643584094  0.72708823941485767  0.73750998366315779  0.74806048203521291
  0.75849941849396330  0.76902606520118089  0.77943354028379053  0.78982424706514520
  0.80018051222509978  0.81054658554342318  0.82099895295406167  0.83150024231455877
  0.84195347357563888  0.85243065359541670  0.86280975038354280  0.87331442787347502
  0.88386814141569880  0.89450776373323226  0.90510952235206521  0.91568086256159797
  0.92622242813564093  0.93675624047505091  0.94728272095409582  0.95780968946701484
  0.96841690438795258  0.97892387796513924  0.98951564392857727  1.00000000000000000
 -0.00241046451461857  0.00963772220971085  0.01980651640091051  0.03038473837616909
  0.04091665542051169  0.05153840856360219  0.06216504679005717  0.07275750654540541
  0.08330845885284467  0.09409333695522212  0.10481374018528820  0.11554356696604332
  0.12613573843625997  0.13674142151434507  0.14739112539274610  0.15790404336856007
  0.16835211085123084  0.17875224731439912  0.18913517924394946  0.19958547628544590
  0.20998677983297881  0.22037418990691221  0.23077567193527201  0.24117912074829884
  0.25163938323073265  0.26221337712397136  0.27280660928572398  0.28340738528394033
  0.29392146116266082  0.30440674224029646  0.31494336913526882  0.32545626962173535
  0.33595988647945957  0.34639340082619802  0.35682903671696858  0.36730235714824538
  0.37781413659888502  0.38841276743022551  0.39903809170294852  0.40963387535470691
  0.42021676933827484  0.43077803396944575  0.44137732947084579  0.45197707910428786
  0.46255020818742820  0.47311228853250648  0.48363639174103762  0.49416973552419935
  0.50466318939566346  0.51522019892344439  0.52583404662237510  0.53647184167409012
  0.54698447736288691  0.55737485548733035  0.56775783609420283  0.57826629437672739
  0.58882169569261822  0.59933918550935406  0.60984538483207873  0.62031430225176476
  0.63087411023511863  0.64140170290820575  0.65191765727994855  0.66246377517815425
  0.67289186558380454  0.68338544412412439  0.69384006718319213  0.70439136555666426
  0.71486621173357556  0.72541410511558591  0.73586107009807333  0.74639096490121559
  0.75693331527597152  0.76754850388126517  0.77810587656035990  0.78852728741041023
  0.79904161251280836  0.80960681317415650  0.82010297191379422  0.83052282468212479
  0.84097644820048545  0.85146469876852493  0.86204211520891172  0.87262735266487368
  0.88322580830501707  0.89380373695733539  0.90441357936219613  0.91510748494464789
  0.92579121527288688  0.93644939643277769  0.94708377400643617  0.95771889799148802
  0.96819950158974155  0.97879450718410255  0.98934521318373536  1.00000000000000000
 -0.00243632405417433  0.00958521542515897  0.01971762001427294  0.03024242461736866
  0.04075644741423789  0.05125733403950062  0.06173012207711315  0.07227119661100972
  0.08281994909504746  0.09334587516851815  0.10392720883619416  0.11456860693966189
  0.12518783460098504  0.13570464183455044  0.14613861826087177  0.15667312442673922
  0.16715394938597372  0.17772335351586965  0.18834519039957026  0.19896280714561806
  0.20943864426150366  0.21983385503213188  0.23021159189721124  0.24073958921817601
  0.25121576805436985  0.26174023701079474  0.27218844711217477  0.28261559554440391
  0.29306686212349992  0.30354457089130088  0.31412523055690655  0.32472328220303220
  0.33530302747976243  0.34593389416195924  0.35644194375586685  0.36693434566177890
  0.37737503268039868  0.38786080782922344  0.39856840450504499  0.40924913950011821
  0.41991663023013021  0.43037193057989070  0.44090556797409070  0.45154849875742264
  0.46223014092530795  0.47285475538356758  0.48336330609616390  0.49382943570942556
  0.50427462304397874  0.51478368630115734  0.52534381126496732  0.53595698366436062
  0.54649658617327657  0.55708087534491213  0.56763361118059674  0.57821160121623050
  0.58873518840657335  0.59918748230572016  0.60975053774617660  0.62026676595917551
  0.63085789223776856  0.64136011960353534  0.65197668551342147  0.66262718058055803
  0.67334863115033416  0.68400372885592031  0.69468876010050273  0.70526507185977849
  0.71582955658934999  0.72639375192347111  0.73686956345250365  0.74737440481526751
  0.75779249792585257  0.76830279055856432  0.77896356683611512  0.78963094460148087
  0.80028221292245061  0.81073539276535955  0.82121974143737353  0.83167979872578757
  0.84223482474061295  0.85278876108618940  0.86338733180163851  0.87389633422605817
  0.88431970551891781  0.89480867052980828  0.90526647828063300  0.91579298690957300
  0.92621352623633990  0.93676592085175914  0.94723136713667555  0.95777173051874553
  0.96825364248203960  0.97884882405987816  0.98941515843966810  1.00000000000000000
   4.9190540533943457E-008  -1.0000000000000000     
 T T F F F F T T
