 -0.00181395162004053  0.00618946231646379  0.01345964657573800  0.02054618434731816
  0.02793771547777850  0.03562841909877314  0.04359289656481061  0.05186273636267305
  0.06033519648388260  0.06905362361876367  0.07801569675622542  0.08712971139804046
  0.09634449200375807  0.10561797334341379  0.11502885471075340  0.12455600680089682
  0.13415508705442383  0.14376329431864335  0.15342547228873685  0.16313868625377698
  0.17294347238171393  0.18273692342217532  0.19253200921646735  0.20231870848681011
  0.21222600035282457  0.22222176104443919  0.23226449135945029  0.24228788669664078
  0.25232439421114905  0.26233989540294372  0.27233011627487635  0.28232815466522876
  0.29240713457281509  0.30257653960413622  0.31281354311292769  0.32306596336797760
  0.33329662352305972  0.34349626136498967  0.35365750866996198  0.36382527321799318
  0.37403238823746571  0.38434462472058317  0.39477095491325370  0.40526458613352151
  0.41575069728704389  0.42619786214428773  0.43659714933272503  0.44700981582087512
  0.45744983785289051  0.46785928056961179  0.47820766809912130  0.48853907428576387
  0.49900541504837737  0.50958186796444738  0.52022232166794347  0.53083082025758566
  0.54144558697305289  0.55211784561096577  0.56284082310489936  0.57355879496173567
  0.58426093396593515  0.59494799001608611  0.60566109396213141  0.61632481245832227
  0.62695530612220962  0.63760908274649819  0.64832310385399095  0.65910993618841685
  0.66997898711089054  0.68092638338501399  0.69191868665415879  0.70288084902819459
  0.71385328547906646  0.72489396725826361  0.73596502619176007  0.74701428580120133
  0.75800925088211824  0.76902716200146060  0.78004624536861755  0.79107758042450005
  0.80213792680033191  0.81332772158815381  0.82463248375802645  0.83597979230008013
  0.84741300577212109  0.85902343433432959  0.87080983462781103  0.88263116802764185
  0.89457150328789015  0.90666424891616393  0.91906510762065252  0.93189250651484368
  0.94535135360450473  0.95991375862669559  0.97757493528680084  1.00000000000000000
 -0.00254230641107505  0.00958770431692046  0.01984661747762708  0.03044742928851130
  0.04095742411486110  0.05147088490511067  0.06189637189893388  0.07235368203760950
  0.08277656108560368  0.09342474344081034  0.10412759858947156  0.11475792557482749
  0.12525077955592037  0.13573282738424181  0.14632804080066003  0.15699863297580097
  0.16760373019636993  0.17824464707542520  0.18891222904170207  0.19955159207452910
  0.21015835756687948  0.22062499078749670  0.23111855227378994  0.24156938132580069
  0.25208013570772286  0.26262745425890455  0.27320792875220556  0.28382776142638111
  0.29444818319180122  0.30515405664698619  0.31591257912943704  0.32666000209267698
  0.33727477556245483  0.34784074591314001  0.35833122545877699  0.36887794038329802
  0.37928186025036564  0.38971099587747987  0.40013730259235691  0.41066184249033350
  0.42121788854609576  0.43174161539874978  0.44225391328755781  0.45277064494403146
  0.46324119221120558  0.47366102396642884  0.48402189699237724  0.49438585586528044
  0.50481827110599986  0.51535339905315058  0.52588900272034855  0.53645760040899870
  0.54703800954272308  0.55764963898551179  0.56819871276447065  0.57873653726085073
  0.58927637291983537  0.59987657502249547  0.61043482963369999  0.62101460103749218
  0.63159147522889514  0.64221722026774719  0.65280599833884145  0.66335331480685611
  0.67387490312431642  0.68444659109753403  0.69500492347725373  0.70558234944707232
  0.71605420873890180  0.72664128249042315  0.73716203946927061  0.74776680387760164
  0.75831805036623678  0.76883217209909538  0.77932208994515295  0.78986086552441959
  0.80047070634667694  0.81109294527578391  0.82155034097061119  0.83191244419943766
  0.84226127643927406  0.85264931926869636  0.86310513113369702  0.87355196811533131
  0.88414912332577777  0.89477473110916961  0.90546666719967073  0.91606756533112421
  0.92660625928144291  0.93712331930246739  0.94775668781905154  0.95832740005728256
  0.96874750800747822  0.97907077955123745  0.98953581744220998  1.00000000000000000
 -0.00249248885001610  0.00943351420084188  0.01954041419227521  0.03004202586487309
  0.04049413790319472  0.05094970289798434  0.06135520035941686  0.07185800223158996
  0.08238394416458091  0.09294907914415439  0.10346984356954164  0.11398846964486022
  0.12437909140488820  0.13480802861733013  0.14517362723339713  0.15568163795918091
  0.16615017648996439  0.17669846748947385  0.18725704174839819  0.19770115465737093
  0.20814145996701169  0.21862790928568746  0.22926902434687671  0.23975579775379849
  0.25019518564791715  0.26054151254421959  0.27096686262278141  0.28136600977708914
  0.29183932267124268  0.30242824442079813  0.31296952531619832  0.32347739428142419
  0.33401081350754785  0.34460286762346592  0.35528330918480600  0.36599198818158635
  0.37668430990382895  0.38732689305058521  0.39788557303451172  0.40841152215996596
  0.41888146882859034  0.42940547782379807  0.44000905113071825  0.45064570237984169
  0.46114459565735344  0.47172156762792405  0.48235582687508682  0.49311173246474105
  0.50378510433604351  0.51438239979168421  0.52494441102394485  0.53551671213706320
  0.54608414899549895  0.55659226196458345  0.56715740550827709  0.57773858289083579
  0.58833853009760906  0.59890852678764761  0.60950554511363619  0.62012422249915977
  0.63071410494175306  0.64132434239510805  0.65199426877786315  0.66260476869597917
  0.67326673773516188  0.68388967574766923  0.69455417565570421  0.70508606273979646
  0.71562953532498297  0.72612034881234133  0.73657832411930702  0.74697460068688282
  0.75743641978340126  0.76805546192527119  0.77881179415474899  0.78956984809219033
  0.80022083708733982  0.81083491613445402  0.82147376302018449  0.83217761470983642
  0.84268122809081070  0.85312768117557403  0.86355369973311491  0.87420223417732290
  0.88477404950732308  0.89541013850905371  0.90587126026885800  0.91635617424699323
  0.92666337660163123  0.93700934232682820  0.94731535322711047  0.95781482739960921
  0.96836161974893620  0.97900764544638819  0.98950598033296067  1.00000000000000000
 -0.00238880258827326  0.00944973863147772  0.01964479202038338  0.03013374501103768
  0.04066694222888213  0.05123214015439860  0.06182758541391411  0.07244536320284650
  0.08299600947384562  0.09355637884249383  0.10411269098413435  0.11461013823938797
  0.12502188667005648  0.13546156287133698  0.14593381543031395  0.15642470510814827
  0.16677818035564881  0.17715018845203234  0.18762985383111930  0.19822889357988099
  0.20878847536551026  0.21923272355793250  0.22969814239656006  0.24027926277374784
  0.25090512456485048  0.26149647188782915  0.27208862375323584  0.28272024307028315
  0.29341027366862804  0.30399848653384015  0.31452176354560962  0.32489359391724087
  0.33529093942679772  0.34568400072763622  0.35618217713629008  0.36672634472275872
  0.37731130515867661  0.38793729754328149  0.39854678232368695  0.40922642637792100
  0.41989814568849748  0.43051446342564498  0.44105697272497385  0.45156780539542202
  0.46204221890863473  0.47239494234656143  0.48270829090883732  0.49308462043856699
  0.50353202347144987  0.51416161404945004  0.52482572211033229  0.53544073027747296
  0.54602026356554101  0.55658592958680064  0.56723079708912549  0.57782803864950139
  0.58836733054689594  0.59882770457719348  0.60930794923821485  0.61983736042555171
  0.63052171418372271  0.64112148246167755  0.65170324157538317  0.66226797760207967
  0.67289470870763934  0.68360301248335309  0.69425114260242393  0.70486194868012808
  0.71538934505961904  0.72601113376087356  0.73672342546344716  0.74743553544880459
  0.75806456428234559  0.76863434399666086  0.77921478814416523  0.78980301167774614
  0.80034012850907199  0.81089688815570249  0.82134239774405182  0.83185125730562370
  0.84243014802352068  0.85295349442547241  0.86347732589042991  0.87392113020481055
  0.88464927726779041  0.89535500195986917  0.90598887517161875  0.91655328021769999
  0.92707595328089243  0.93765597730257677  0.94811542555951211  0.95858708473099585
  0.96902568085209506  0.97935865251261900  0.98970652872414178  1.00000000000000000
 -0.00253264014795284  0.00983504978487295  0.02009332247453941  0.03053749987812559
  0.04114374306953034  0.05180867103017742  0.06258002172589376  0.07320342582406615
  0.08378495164412396  0.09435187999540952  0.10497469241556676  0.11560406654117032
  0.12617519887489420  0.13669367535103716  0.14718277765537857  0.15765647538922770
  0.16821479589100796  0.17871637370685611  0.18934145077369061  0.19992972826375324
  0.21049715175215439  0.22101688886280735  0.23159599805490441  0.24224123972655739
  0.25289502663633551  0.26350683118019386  0.27407253837746254  0.28456126543919430
  0.29495795123879986  0.30548395393494165  0.31605140045429503  0.32658492507284770
  0.33710307615854707  0.34759854385324873  0.35815306318396167  0.36872966314050493
  0.37934427825282246  0.38998709712239787  0.40059056989582992  0.41121386683314032
  0.42180163726912512  0.43234592145480749  0.44280114009872118  0.45329405107709259
  0.46384305428153455  0.47437711594436160  0.48490121806862740  0.49535610545691011
  0.50582396677209951  0.51633863145394099  0.52680133996909817  0.53718806715630607
  0.54752482839454220  0.55784312240255673  0.56829048454871645  0.57872630292752025
  0.58915258165904982  0.59961239428265145  0.61015437630471425  0.62078043225065416
  0.63134609675187059  0.64189431947831566  0.65235259146556546  0.66269578434200771
  0.67302354745823878  0.68341353771051472  0.69386792476051062  0.70427658169808538
  0.71466827812564104  0.72508563689998629  0.73568552019902878  0.74634409478099850
  0.75704427897901849  0.76770522494120630  0.77835580332368537  0.78906422815146260
  0.79965324394949078  0.81016028420465669  0.82066911498553075  0.83122907618348452
  0.84194189860470081  0.85254816177376391  0.86311557698502772  0.87363504129315916
  0.88415141389815666  0.89466871059522501  0.90523653539681592  0.91581339533754325
  0.92643921288619591  0.93696585668037380  0.94744002492384216  0.95793061564021798
  0.96846194993480339  0.97909046950803991  0.98957255417778522  1.00000000000000000
   1.8309048637047448E-006  -1.0000000000000000     
 T T F T F F T T
