  0.00000273831805765  0.00000340767905265  0.00000399427885968  0.00000460494124686
  0.00000526690602783  0.00000599363179008  0.00000679638003676  0.00000768467372157
  0.00000867440547716  0.00000977209653796  0.00001099207538407  0.00001238351092933
  0.00001394585140668  0.00001571907828276  0.00001771210966248  0.00001996429493247
  0.00002245949010972  0.00002529501431667  0.00002848491877618  0.00003208815486892
  0.00003612237442420  0.00004064525844674  0.00004572828583380  0.00005144496891493
  0.00005790928355460  0.00006520202472597  0.00007330210671484  0.00008233951370249
  0.00009245624339940  0.00010382778528124  0.00011666806531292  0.00013127953469178
  0.00014786809784369  0.00016659141126077  0.00018755372732977  0.00021079662599895
  0.00023635788220706  0.00026505407639575  0.00029772417230550  0.00033453263890979
  0.00037600162504576  0.00042237950772785  0.00047429733461662  0.00053295225959092
  0.00059951978855498  0.00067472485663161  0.00075866231131925  0.00085217853011871
  0.00095662919927881  0.00107582827062647  0.00121216118097996  0.00136525813520422
  0.00153659728667845  0.00172777254562224  0.00194406144161393  0.00218752025840629
  0.00246192622801775  0.00277058981127258  0.00311589623881015  0.00350502423116328
  0.00393974123505845  0.00442647355048392  0.00497459568217577  0.00559052776472443
  0.00628061792134163  0.00705690361587088  0.00794155365515341  0.00895487269502985
  0.01010354892795852  0.01138699558275124  0.01285186403670631  0.01451934475490944
  0.01639138395902366  0.01849051602433439  0.02085633972006779  0.02349630190041889
  0.02657266131906385  0.03010169345264540  0.03413017910108655  0.03872643309228204
  0.04400899417944274  0.05010023959007536  0.05710835552891652  0.06514162881256599
  0.07452796423106502  0.08558404087269800  0.09870178074400242  0.11430556531198796
  0.13298851744173890  0.15588608700074677  0.18428873670248302  0.22226377697718802
  0.27513720838687766  0.35465461644214047  0.50631844139421767  1.00000000000000000
 -0.00253096717466148  0.00953246862539925  0.01970860365064477  0.03037427837756383
  0.04085009219808283  0.05120171776436430  0.06159048733305082  0.07206653441859316
  0.08246872918092342  0.09287816311678700  0.10341421141905197  0.11409003458185160
  0.12504112995196040  0.13580974733417592  0.14658269204221036  0.15695947606216434
  0.16737296057959281  0.17778234463705261  0.18810860375819080  0.19868134559495684
  0.20926926674880675  0.21995562955265410  0.23042899577163631  0.24096270218731072
  0.25148973614785120  0.26217413307381915  0.27284422769052324  0.28367456714306000
  0.29430861298594535  0.30491422007860214  0.31544265977375502  0.32607937112093710
  0.33676724425437632  0.34742865561470254  0.35808556828531624  0.36872331992080021
  0.37930101631634955  0.38977830228556887  0.40012445397206375  0.41054256628780833
  0.42097898094527619  0.43137944537783224  0.44188665310228004  0.45250994022697161
  0.46341122975059634  0.47416551653884503  0.48501176692780779  0.49580665970505888
  0.50659547340659150  0.51716901914421820  0.52782146363188187  0.53848014517688791
  0.54922147946729416  0.55983324126367451  0.57047315677143662  0.58110264162085257
  0.59159191792400245  0.60201216307001093  0.61247627677511629  0.62300105302346587
  0.63367634816813601  0.64429174320110039  0.65501954378064742  0.66566300265374911
  0.67616489528309021  0.68655676500732554  0.69697719198400843  0.70739374655806531
  0.71783933220784235  0.72827549625317201  0.73860661782993398  0.74899398970909248
  0.75935238378423953  0.76980048174720228  0.78032068028745449  0.79068007324508405
  0.80111152171280609  0.81150267857453340  0.82195798752275451  0.83242741658246533
  0.84300636359192160  0.85360451748766375  0.86412845830749163  0.87463864829897331
  0.88519217980129361  0.89582557517285399  0.90629627469572482  0.91668659406980846
  0.92705700580729922  0.93760901751118642  0.94816458399510151  0.95867559543271252
  0.96898153321103098  0.97923430929015542  0.98959346551606264  1.00000000000000000
 -0.00237505708383459  0.00961573811005396  0.01979423083356044  0.03034258898666099
  0.04088864182097016  0.05138021599581475  0.06189574546251034  0.07244021012434232
  0.08310275459939873  0.09375736039616633  0.10438337065712006  0.11498158794361066
  0.12562551704532177  0.13616313451274209  0.14666745367027550  0.15711325250574365
  0.16769271257277538  0.17824624051055307  0.18884296529788841  0.19945381832386172
  0.21006412335023281  0.22068363955623269  0.23120108951633844  0.24184353467071143
  0.25238535042768628  0.26292877268769133  0.27342148398726440  0.28384690244889360
  0.29441710308985569  0.30500373861266278  0.31553603464577978  0.32589528912083349
  0.33623434280105402  0.34664004500010848  0.35707897354784046  0.36760994500851846
  0.37812220487381931  0.38882223781316699  0.39942047327345476  0.41009433860485373
  0.42077881207376416  0.43144879339526998  0.44199596091858895  0.45245473808520376
  0.46288467649953352  0.47344335781802682  0.48397061734039326  0.49454261690635032
  0.50502436845169774  0.51549275549925766  0.52606248883631956  0.53665610624854632
  0.54717998446485128  0.55758494824309457  0.56791370260489960  0.57822034358669649
  0.58859255942040700  0.59893557507702155  0.60944693160118291  0.62015677454468177
  0.63077955396346252  0.64139400610383701  0.65181491426380311  0.66247962329579690
  0.67293601272487258  0.68351965879411958  0.69408640212085193  0.70467224377618654
  0.71497532229972083  0.72528375616944341  0.73578881753296532  0.74662463778035215
  0.75744421369151715  0.76811048762646983  0.77859443581667076  0.78897837556746386
  0.79948368371146861  0.81001457452142611  0.82049637641674189  0.83104921671237275
  0.84138497002440593  0.85182692521511139  0.86214437751104089  0.87265025870587343
  0.88330045413619152  0.89390203686031033  0.90471101135219323  0.91566438581778986
  0.92683979619995183  0.93790590163160881  0.94859051129354532  0.95912382058236145
  0.96955889438867027  0.97975937129604473  0.98996275779782428  1.00000000000000000
 -0.00151555102548052  0.00997188193447318  0.02041471145923460  0.03112029889583990
  0.04194632073422147  0.05260269501197476  0.06339545036776378  0.07369762460620966
  0.08411806586188586  0.09450284727672317  0.10482875796410687  0.11520100792113884
  0.12549553051722126  0.13609362012049908  0.14657000390519523  0.15714410996221945
  0.16774391461564586  0.17831329781764876  0.18900559332759961  0.19953499672221781
  0.21011155720589184  0.22053527635224557  0.23111909696009464  0.24170591280907427
  0.25224424338780621  0.26298157367547709  0.27366754434433649  0.28438638198071159
  0.29493049711053188  0.30550825156584799  0.31616154933308854  0.32684302430810913
  0.33730665294148504  0.34771531263873406  0.35812193148081467  0.36866439117406291
  0.37908050389586645  0.38952204835786375  0.39993825517974829  0.41044239650780856
  0.42097182414914630  0.43170071571306617  0.44238680851676299  0.45304378286863317
  0.46347093167923470  0.47394363476896934  0.48451911646873713  0.49534251615538444
  0.50589909984172099  0.51641536324138859  0.52697433481827605  0.53764326285920250
  0.54807706037885107  0.55832162805991525  0.56876351283025262  0.57910415981341645
  0.58965953517895264  0.60022564801431766  0.61081317161247339  0.62127860186797101
  0.63158676591021212  0.64201064234217442  0.65249384864466009  0.66313995094092959
  0.67380689639349478  0.68430714586871522  0.69466820307811394  0.70505584653277664
  0.71561353290380336  0.72632315760944710  0.73696992706684694  0.74749773658799479
  0.75808297130936653  0.76862736361785100  0.77911842200511650  0.78940231486652601
  0.79970407180904801  0.81011238408333863  0.82045602737253009  0.83087482618754760
  0.84124198266320405  0.85170064296538417  0.86220325804033926  0.87276319506100242
  0.88335048443622133  0.89391067377507971  0.90439003098751414  0.91469609279993302
  0.92516149331971753  0.93572227099954641  0.94648258338493152  0.95729948062574621
  0.96801942651352135  0.97873224946891790  0.98931436193250488  1.00000000000000000
 -0.00214971495057290  0.00981761495506045  0.01994548532560553  0.03060909170772055
  0.04115031276910414  0.05175528331265820  0.06221918119246516  0.07275201118464708
  0.08319542972398414  0.09362024217522644  0.10392927357026033  0.11439806198961501
  0.12476612094435557  0.13531080827299433  0.14581142037356140  0.15633167410983875
  0.16682700530002248  0.17741348247468458  0.18802079700442953  0.19857007164670817
  0.20897762913869419  0.21931621206102417  0.22959080617246555  0.23994692592443306
  0.25039191216701434  0.26092075999841707  0.27150480543613986  0.28225844174553044
  0.29285937341978791  0.30348650185203735  0.31415514565862412  0.32512680129764249
  0.33593916177948147  0.34653298319274645  0.35702329177968384  0.36751789209133950
  0.37803089258335720  0.38865740507071267  0.39943884175917510  0.41036184002821852
  0.42119765644651791  0.43182461883802858  0.44230017422508822  0.45265724967062271
  0.46304448378236029  0.47340524638859549  0.48385699860794201  0.49433809421028768
  0.50484536523937174  0.51532350614141542  0.52584209294905637  0.53645976484858127
  0.54722512302166082  0.55801975593480757  0.56863214141270058  0.57907937498617890
  0.58945645097211119  0.59993716309361245  0.61041085475306633  0.62108784885811275
  0.63157630522106312  0.64215352633154366  0.65253171269493571  0.66307016272217623
  0.67367456602974729  0.68427255807469733  0.69478324953398463  0.70528401088783443
  0.71591790300924285  0.72650756617922652  0.73689080704556775  0.74728390232707953
  0.75790720334109529  0.76850731257196059  0.77906539045912815  0.78965679837715652
  0.80025171566626452  0.81083432445891868  0.82136189236902646  0.83195314019727151
  0.84241922792649748  0.85283462991933023  0.86322806386681239  0.87355535958094632
  0.88387852735487826  0.89435533198923878  0.90501035265435026  0.91580873471261726
  0.92662191895446788  0.93739854038545645  0.94789942843817632  0.95822204555593982
  0.96859070313882489  0.97903595585748548  0.98956396234694299  1.00000000000000000
   4.6822231319845250E-005  -1.0000000000000000     
 T T T T T T T T
