 -0.00157025619739569  0.00562057209608709  0.01248442621952804  0.01917368483896538
  0.02620398550927031  0.03358972139935951  0.04131842638985937  0.04934795722183003
  0.05764304550435449  0.06621395479722877  0.07501575482759482  0.08394027075297761
  0.09295322060971034  0.10206259557446150  0.11125947819755548  0.12054046255509275
  0.12989575087588634  0.13935290586716270  0.14891122080956740  0.15853673065547810
  0.16822616103375490  0.17795422143141315  0.18772230716265959  0.19754846547601138
  0.20743801067057713  0.21735140666297603  0.22724789309063065  0.23714946798850745
  0.24710405017844894  0.25711837869600557  0.26717094506121231  0.27725960166085162
  0.28738763092373382  0.29753559497668808  0.30768534148335547  0.31784996323878084
  0.32804311596460289  0.33826498370239078  0.34852883615915303  0.35885069654243640
  0.36916423985940616  0.37944561283604100  0.38969854521601449  0.39999674090333615
  0.41033631714353058  0.42070226745250261  0.43109802474357495  0.44154004855628404
  0.45202120051706790  0.46254452276391411  0.47310912079621958  0.48366464213835569
  0.49419794506981762  0.50469953064832140  0.51518607281229689  0.52568732215816849
  0.53623682899408964  0.54685077963780904  0.55747569993306267  0.56808082424726736
  0.57868074298220906  0.58933514162381062  0.60006333190152072  0.61084769505084935
  0.62164760574348088  0.63238054546377187  0.64308068656708173  0.65380727629080648
  0.66462111511196609  0.67549740213911014  0.68639148949389750  0.69731034668396286
  0.70828498593641831  0.71928016780027881  0.73031159314960647  0.74134449205389252
  0.75243909230746109  0.76360404120522685  0.77485573322139634  0.78615466604693862
  0.79745475640986319  0.80874078153315632  0.82001007557563876  0.83134242110250212
  0.84280334222948217  0.85440368093986641  0.86616062486728163  0.87808804751128011
  0.89021870886320431  0.90254200448083710  0.91510231850624268  0.92801781842861186
  0.94157780666298296  0.95627626344479633  0.97486430741304320  1.00000000000000000
 -0.00235082205367625  0.00925657911947891  0.01923972887803741  0.02978587500016210
  0.04025421636235282  0.05092342550373218  0.06157331731110545  0.07212355483468880
  0.08256859697991856  0.09302156082556338  0.10350172213808398  0.11407089802280698
  0.12458899185980252  0.13519779166829637  0.14571547416966107  0.15635584012215983
  0.16697863460850754  0.17759219769515064  0.18820968926022077  0.19879707505913397
  0.20937303696893708  0.21994810497820355  0.23052449528369395  0.24104899471074981
  0.25146877787327632  0.26192166837339409  0.27232278001700999  0.28278917805196435
  0.29327149834233518  0.30389897452687337  0.31447076532238316  0.32492943990676582
  0.33534548524453706  0.34586491863413571  0.35648731360155123  0.36715001748664611
  0.37776621314423287  0.38833596768734546  0.39890337523412278  0.40934121239983684
  0.41983900594623796  0.43041483504137662  0.44097609558028605  0.45152799686195078
  0.46200882864680060  0.47261860795898997  0.48316499174723559  0.49366444671791876
  0.50419862041057018  0.51478907678306141  0.52544419477136572  0.53610316809760294
  0.54668315254006106  0.55722337949568035  0.56781900416424236  0.57849627880627430
  0.58902711856626178  0.59951739633819279  0.61004484856632457  0.62072437148092430
  0.63133823670296518  0.64182165922398504  0.65236267973376982  0.66292210138491503
  0.67353153381466302  0.68416527963318452  0.69484653798254603  0.70551361785840960
  0.71606131304457676  0.72660430852293678  0.73719574025768042  0.74766745062866180
  0.75816437481798626  0.76866765867549514  0.77924258326844109  0.78979718903553142
  0.80029996484265498  0.81081846243110145  0.82132003473944060  0.83183187833421035
  0.84231742386718433  0.85280045327065401  0.86337994817529240  0.87397455175131722
  0.88456049187875840  0.89513506806020560  0.90561532417710600  0.91611115761432482
  0.92649475800038361  0.93690671926297175  0.94728559552450597  0.95761313072247189
  0.96819966029075322  0.97878202072393061  0.98944650513592280  1.00000000000000000
 -0.00224362002759554  0.00940117891078684  0.01936494446732361  0.02995729537900930
  0.04050441406505595  0.05093527396971872  0.06119764876812090  0.07149288909079811
  0.08189180896067316  0.09232736375109173  0.10276112268093414  0.11325843545897596
  0.12374726637100718  0.13424781131353933  0.14477489882917316  0.15536771124642568
  0.16599354498053651  0.17643593443668662  0.18681990217311939  0.19722648199850315
  0.20786240374654674  0.21854075447152552  0.22920122813552196  0.23978618742898813
  0.25038311438190358  0.26098918444108848  0.27170851430945975  0.28223254212527782
  0.29279312485883108  0.30327524487286817  0.31392737760315359  0.32446619343358196
  0.33504329267831295  0.34559023751095003  0.35623139024639755  0.36682840647063103
  0.37750521746080812  0.38805892508070067  0.39858226692456966  0.40909992751755569
  0.41966527187511615  0.43021059278504520  0.44073623665371936  0.45115133358001897
  0.46167319083756625  0.47216219371152124  0.48279931160441492  0.49344405409753422
  0.50414157417024630  0.51480137643291812  0.52541352967952093  0.53612066265407465
  0.54669151877497590  0.55729734733623093  0.56781261848114895  0.57847693771996056
  0.58904462171076089  0.59957185098690147  0.61003375775897595  0.62045307108362513
  0.63090898843064613  0.64133161457000654  0.65189843073293186  0.66243320502511549
  0.67294966851846383  0.68336100196084859  0.69377687602742422  0.70424082014125877
  0.71472304506531348  0.72520986974448487  0.73583083635912638  0.74644083823582985
  0.75716538831495983  0.76785520946344787  0.77850472504215507  0.78912240386175525
  0.79967214225158612  0.81033795274494191  0.82089620597504820  0.83142534040909533
  0.84183618427066120  0.85226237034767904  0.86278734863103557  0.87318615657594700
  0.88368567342935411  0.89416926580558553  0.90477924270463905  0.91527204102950466
  0.92581073156451932  0.93642292140806138  0.94700487397195521  0.95762306862859703
  0.96829411828357748  0.97893095363100524  0.98947961896010705  1.00000000000000000
 -0.00239703344133066  0.00943559442105896  0.01968347974969033  0.03026094072098057
  0.04083808265627047  0.05132767276513532  0.06189249066067807  0.07240576438684684
  0.08295907913703320  0.09350515360068086  0.10421577274263449  0.11497090360394470
  0.12565782885212318  0.13614954947818370  0.14667051320147625  0.15719826037234821
  0.16775653166901663  0.17817843048794954  0.18852080112047609  0.19887913315283196
  0.20933586406579294  0.21992803554424017  0.23051744464354545  0.24100761007905616
  0.25150306536826850  0.26208396768945563  0.27264814119066022  0.28316673065852077
  0.29358977177833490  0.30410342178283273  0.31459570954663685  0.32503837830521448
  0.33546124743394690  0.34592260717878437  0.35648980197739738  0.36706062463720246
  0.37764997574018194  0.38827872127646357  0.39886756716822547  0.40955546276690830
  0.42011626861109413  0.43071707213531957  0.44120052281120586  0.45183568204348512
  0.46243964216574573  0.47308622273740381  0.48366610520485726  0.49419720627100416
  0.50470403078259940  0.51518930924999284  0.52571362418162992  0.53626207055727670
  0.54685476738838878  0.55751825821396905  0.56810068707791439  0.57869055414243853
  0.58918670516076566  0.59969418176555733  0.61014735444967261  0.62055377523634703
  0.63094924968870825  0.64124079226958874  0.65155148653292505  0.66190436069771230
  0.67252991793545958  0.68317662501211607  0.69377215480189436  0.70425265219833255
  0.71470988565651428  0.72518656485292321  0.73569426022647222  0.74617282448820366
  0.75670089003170282  0.76712925340053217  0.77774675567222806  0.78833056016603753
  0.79898453994727947  0.80966649445318351  0.82035941289042769  0.83109620391693173
  0.84163856325717024  0.85215533193282311  0.86265856194468427  0.87312718365062070
  0.88362334080308913  0.89406588989233582  0.90462425282568204  0.91517744503905107
  0.92574877093245722  0.93626311386306560  0.94682965631910776  0.95731658293069810
  0.96785662564512143  0.97839803232009948  0.98916375702707915  1.00000000000000000
 -0.00239194945816113  0.00931418426240276  0.01953794754762581  0.03019536559184415
  0.04087269218243089  0.05140200770915406  0.06210017586137829  0.07263617156925158
  0.08329753508115972  0.09387735313819015  0.10451231018317637  0.11508528272215258
  0.12560015551389328  0.13616003822154982  0.14671576034212749  0.15727683383837862
  0.16780848529982359  0.17835695211210600  0.18894342698295918  0.19952129852774900
  0.21011042546796477  0.22075669295614836  0.23151208627646053  0.24217259876215566
  0.25272063617570539  0.26326035405480619  0.27387564238897255  0.28452480737811769
  0.29513550098280017  0.30574811552751957  0.31639799090699328  0.32704736069169693
  0.33763089117430178  0.34812279510983246  0.35871810103771723  0.36931936430352619
  0.37993080482298758  0.39042381024034700  0.40095065201212871  0.41156350176373591
  0.42216389145653421  0.43275884373186835  0.44327280584325129  0.45381054582502711
  0.46431568974159138  0.47480955404721581  0.48525616098477953  0.49571968277834899
  0.50613244863409079  0.51651352700268971  0.52696280491663439  0.53747215631138223
  0.54791914156040789  0.55833345709102922  0.56884371171308856  0.57936540398363168
  0.58993279159740064  0.60042056245912900  0.61107215843512430  0.62157610384154449
  0.63216069038492273  0.64273703607537536  0.65329382225669885  0.66395228817960783
  0.67441419759085708  0.68496477350298735  0.69551538203179875  0.70613721552749142
  0.71673223377247897  0.72719636763017981  0.73773975587697116  0.74833602941400879
  0.75903363223637732  0.76964614125474817  0.78015249588496660  0.79055750579000550
  0.80101532152149335  0.81143204445296557  0.82200375877818077  0.83258685805551524
  0.84324771100825446  0.85379820593354694  0.86426967877883676  0.87476671508126447
  0.88518300411459483  0.89570038032924648  0.90620732386282032  0.91665052330306196
  0.92700846275334348  0.93745327927207578  0.94791856442791977  0.95840553014967367
  0.96881178107465660  0.97919560196310107  0.98960854351218597  1.00000000000000000
   3.6295242199021354E-007  -1.0000000000000000     
 T T F F F F T T
