 -0.00154465191606394  0.00551146646560501  0.01239314069658301  0.01915554684903507
  0.02626658591769620  0.03375676618341662  0.04156884018362757  0.04967739148583807
  0.05804065075982030  0.06660110811941086  0.07530823281286785  0.08411148995614424
  0.09301200425497318  0.10203618868690426  0.11120230551076186  0.12049618364501681
  0.12987367599976046  0.13935712435556538  0.14893487089628091  0.15857275826310779
  0.16823837648755208  0.17789988607724702  0.18761239473421240  0.19735291449424694
  0.20711103044658374  0.21692594207774615  0.22681653048198419  0.23678095601229415
  0.24675819271712374  0.25672336757117287  0.26670142933605623  0.27672317685013442
  0.28680341545401583  0.29692473419670828  0.30707159607629292  0.31723055352509733
  0.32742661167018194  0.33767024169890342  0.34795424036966688  0.35826816487742019
  0.36857475322384314  0.37894005354471599  0.38930145835477409  0.39966765915676805
  0.41003818064561248  0.42047039424792049  0.43094706208312877  0.44141313371316210
  0.45188548487739133  0.46238194118956183  0.47292340522600079  0.48349474682932331
  0.49409550508633870  0.50469947267134530  0.51532476541462779  0.52598373395779174
  0.53664837302980750  0.54728351146224530  0.55788893718762145  0.56853753301385612
  0.57920658831974847  0.58987655957528629  0.60054776520151820  0.61126564424237950
  0.62204518642951534  0.63283788354097337  0.64358060665675310  0.65430502258622569
  0.66504901997202626  0.67584485897025826  0.68665330467390173  0.69747366297811775
  0.70839536731508823  0.71943456304476505  0.73054199810096976  0.74162694141314489
  0.75271348282963157  0.76386465973738871  0.77501428543141826  0.78616793257628703
  0.79737962211830082  0.80869816277205198  0.82008468902069520  0.83152376969013186
  0.84307654571355406  0.85472537592650366  0.86648699942954921  0.87836413950761649
  0.89039245306362391  0.90263095352245981  0.91514609903512023  0.92810539247524249
  0.94171352774066608  0.95648063277192297  0.97507714734886108  1.00000000000000000
 -0.00233440299466673  0.00944316416345709  0.01953376642742977  0.03004080103765170
  0.04055551210880246  0.05109363960785918  0.06169248725422547  0.07231144342515315
  0.08291340985017931  0.09348050042709065  0.10406719412907822  0.11465171672732771
  0.12524973477489953  0.13594866566895303  0.14662660952966863  0.15730255545208013
  0.16784547019847523  0.17843655266281733  0.18900013470894847  0.19963906556362454
  0.21025262009747969  0.22087103914203096  0.23141906487877048  0.24190832735461082
  0.25247449648059234  0.26308466462684715  0.27363706714298469  0.28419268804805903
  0.29472695953576433  0.30537291043463377  0.31585641080954585  0.32638340347114725
  0.33686533428044452  0.34737506499110560  0.35780382986011711  0.36826431394131609
  0.37880402660324070  0.38942006886168351  0.39998695571590465  0.41057222052861103
  0.42119447449520442  0.43193555367280528  0.44255253040522774  0.45311128110627397
  0.46365117379288762  0.47424539556950424  0.48475523251414249  0.49520035855347605
  0.50568675432282817  0.51623426346900114  0.52669612563865664  0.53718704695538089
  0.54771133381168280  0.55828067271817938  0.56878103523721091  0.57923419825436218
  0.58962573228261550  0.60005569832190386  0.61057494263884071  0.62119949856091483
  0.63181109615798159  0.64235334557107227  0.65285752442302147  0.66333221916701457
  0.67384977341330765  0.68443892860666444  0.69503311182808969  0.70568889624729292
  0.71625784217919541  0.72693322413916550  0.73750346784185361  0.74806772281439160
  0.75860573316465374  0.76910554970669909  0.77969652611397267  0.79027112929182575
  0.80079363882005827  0.81135157494774679  0.82179786252477938  0.83241336191770499
  0.84291910404315884  0.85343785716762821  0.86384990868221179  0.87425397348933664
  0.88458842316816444  0.89492634344415656  0.90537797094719885  0.91588364340317718
  0.92631849444205550  0.93673856398333299  0.94728064403489187  0.95799448808823850
  0.96853161745808980  0.97900239894771734  0.98947184473055438  1.00000000000000000
 -0.00232847240489241  0.00943635796521212  0.01938646065845194  0.02982147557276747
  0.04027639682852211  0.05090733309162336  0.06158338674024501  0.07222068006902121
  0.08281535246151842  0.09334427694459786  0.10395528940206744  0.11449327611046287
  0.12509041572826363  0.13562301976290786  0.14636416472893904  0.15699025834162475
  0.16763009071054075  0.17818159162749195  0.18873323967091551  0.19921657263661402
  0.20963963541597386  0.22010102113457514  0.23050974989154102  0.24096390135216628
  0.25150322420217602  0.26205705703800192  0.27251976974085007  0.28294747018821276
  0.29339912496101317  0.30384734256607138  0.31431000927999780  0.32493380057655691
  0.33560777650676699  0.34630832024558472  0.35689917576353486  0.36746667661323384
  0.37790341744205608  0.38827574526000186  0.39877893411120735  0.40936500281875293
  0.41998012132447204  0.43051169062653699  0.44103099138673296  0.45164362250103440
  0.46225116244968800  0.47292732317984004  0.48356674724993903  0.49427644902517898
  0.50486155941002653  0.51542026931971674  0.52596973558773152  0.53651227188419326
  0.54713353171499790  0.55756525256478795  0.56800907561900871  0.57847203054252661
  0.58911196197733651  0.59977012533766760  0.61036456882977441  0.62101418860377910
  0.63165014884610204  0.64219873237568914  0.65274033031677736  0.66327328558222487
  0.67376851089158196  0.68416703313704008  0.69464211977417145  0.70515546152207398
  0.71556113612679484  0.72592965853874758  0.73641604099610680  0.74704741606229386
  0.75774279129252819  0.76836626949264719  0.77897569176917558  0.78948160919101573
  0.79994500829911019  0.81052587603282322  0.82104299083865839  0.83162294986774543
  0.84207359154571704  0.85247234870650390  0.86295483419535746  0.87339579243132981
  0.88398598473100498  0.89452247590442546  0.90507623874444565  0.91554920516484972
  0.92614289595192789  0.93658429877975247  0.94719157221399963  0.95764787128846574
  0.96822371688320041  0.97881655914515397  0.98940122973691069  1.00000000000000000
 -0.00222753340804138  0.00921465690483540  0.01919617977339834  0.02961616812640218
  0.04015756030009558  0.05061097666996899  0.06116761402774806  0.07165431012050043
  0.08212708131089835  0.09255705727170516  0.10298491265056862  0.11354545048370024
  0.12413646892891390  0.13471587745487359  0.14533160790165461  0.15581483345763325
  0.16635867029482743  0.17682672088264728  0.18740130096059041  0.19791487684575632
  0.20846130777855232  0.21895151858514691  0.22943331905571940  0.23998974099499332
  0.25053228710432834  0.26104592304885976  0.27155968563002691  0.28220587217968429
  0.29291446174610691  0.30347865301207066  0.31394653260417360  0.32433516309641858
  0.33476948906401194  0.34539074167157524  0.35604912132597150  0.36667569540938344
  0.37728635320943921  0.38797270684082291  0.39867097686483399  0.40931237165214573
  0.41988448742040041  0.43045145130896234  0.44099688077949611  0.45147412527826075
  0.46200432600185681  0.47249649050397030  0.48310595513300153  0.49370766556479129
  0.50439464454110683  0.51502871194971100  0.52564614336808624  0.53617835281137483
  0.54671381773936878  0.55726326914254687  0.56788847958802424  0.57858731714700395
  0.58923738137660331  0.59981176012428794  0.61032959440654333  0.62081610945381172
  0.63144397031497501  0.64193233934629024  0.65243744392472525  0.66283403880711544
  0.67334122752084913  0.68384334119196888  0.69438465541028582  0.70493282023203319
  0.71552568326189392  0.72619270884303855  0.73672081759048369  0.74727059547053443
  0.75770048381675537  0.76824771227646271  0.77869544395955292  0.78922439052157867
  0.79970154481413380  0.81025579549484883  0.82079879475397099  0.83143287935742927
  0.84201633489092931  0.85254831401095799  0.86319640363544092  0.87384976478385101
  0.88438546101114934  0.89481940455937181  0.90533253646596212  0.91586745128742830
  0.92632013343154385  0.93678124638009075  0.94732967407709112  0.95803580587079384
  0.96858180270686667  0.97913151696626755  0.98955266903680084  1.00000000000000000
 -0.00236355677512624  0.00945281178904003  0.01940057825413897  0.02989015075374082
  0.04031449651603098  0.05102373419090833  0.06171300365474383  0.07241987291073845
  0.08295086928204935  0.09342379644599677  0.10386536975004519  0.11436918299543743
  0.12487669498519066  0.13556755271142060  0.14617031690636639  0.15681684199888843
  0.16734726933538796  0.17796952990647982  0.18850560189815302  0.19903108699871838
  0.20959833065050715  0.22007099726165552  0.23055941805573618  0.24103445852678074
  0.25162205619866235  0.26218579754173721  0.27270532241234913  0.28320690568128215
  0.29380970852148619  0.30435265305073483  0.31498533700376957  0.32552447352109737
  0.33614256387867741  0.34672099448474303  0.35729817449151308  0.36784498585970105
  0.37832817323651796  0.38878714056810182  0.39933257388863819  0.41002121402502451
  0.42069204711014052  0.43128327199685734  0.44184759490463810  0.45248333713126515
  0.46308033658128217  0.47361692532360522  0.48411407541985307  0.49466553075624570
  0.50527064699265767  0.51592096416563182  0.52663342760720899  0.53724061840860138
  0.54783955466645151  0.55836942785415544  0.56892008764767144  0.57937294935862915
  0.58979592138302772  0.60018074963569390  0.61066257785964828  0.62115610019063683
  0.63176141640834960  0.64237885485621338  0.65299621844655187  0.66355416281937529
  0.67406977071929886  0.68454980178757852  0.69500075158025421  0.70535588220518874
  0.71575949563716390  0.72619983073366412  0.73667154489363829  0.74711636774496581
  0.75753683933987515  0.76797388801344535  0.77847752943834425  0.78897622943622225
  0.79954389964437367  0.81011204648647672  0.82061280087026556  0.83109947076439583
  0.84150611598090497  0.85201336886962609  0.86252479094444112  0.87308568432309486
  0.88359892991743083  0.89411119337551026  0.90466568145296289  0.91533650070480277
  0.92595382631329604  0.93655901573498535  0.94710793456961895  0.95771595903464646
  0.96829052025482720  0.97887783832942032  0.98944911051612372  1.00000000000000000
   3.6496397845655858E-007  -1.0000000000000000     
 T T F F F F T T
