  0.00000000006076766  0.00000000008747744  0.00000000011473932  0.00000000014837574
  0.00000000018971907  0.00000000024089789  0.00000000030488033  0.00000000038442175
  0.00000000048384581  0.00000000060853523  0.00000000076513599  0.00000000096771456
  0.00000000122375025  0.00000000154756287  0.00000000195169293  0.00000000246116123
  0.00000000310143229  0.00000000390246621  0.00000000488978618  0.00000000617581333
  0.00000000781092507  0.00000000985783102  0.00000001241206658  0.00000001559835490
  0.00000001960689906  0.00000002462848859  0.00000003092912025  0.00000003891424472
  0.00000004906235780  0.00000006185806983  0.00000007796322029  0.00000009813191310
  0.00000012305273704  0.00000015416769323  0.00000019382204162  0.00000024497778165
  0.00000030990868042  0.00000039058538866  0.00000049079925606  0.00000061424856049
  0.00000076953496210  0.00000096684454326  0.00000121950979534  0.00000154379464299
  0.00000195182672042  0.00000246340679865  0.00000309484382530  0.00000388007204168
  0.00000486109428452  0.00000611019284481  0.00000771371115903  0.00000975512717687
  0.00001231401419394  0.00001551061171559  0.00001948675248749  0.00002441919269972
  0.00003062148462195  0.00003841411292094  0.00004844327680463  0.00006114951436710
  0.00007692012302543  0.00009652552687144  0.00012102642240891  0.00015203945179335
  0.00019099974033910  0.00024029102583542  0.00030248220089999  0.00037984270229313
  0.00047620379677706  0.00059725551115975  0.00075119365133503  0.00094626623099824
  0.00118960419000700  0.00149568743699002  0.00188819521928150  0.00238822176806839
  0.00302734761884070  0.00383813838009263  0.00485399479503666  0.00612798234811238
  0.00772822038435206  0.00976853497132516  0.01240270755472207  0.01579547299739880
  0.02013501203428883  0.02569829840912962  0.03281754118589891  0.04203115724391120
  0.05412674982549605  0.07030196355833723  0.09242042530566250  0.12353138387895643
  0.16956006985658029  0.24423518283023110  0.41419488821222916  1.00000000000000000
 -0.00251588849034218  0.01006118319440625  0.02044649636466006  0.03083492613011832
  0.04127794387744377  0.05170954501914032  0.06227854933067956  0.07276879341480280
  0.08331637839293198  0.09381271157464169  0.10417994244208900  0.11450835778397941
  0.12486556228068960  0.13532255491910025  0.14586266189018410  0.15657676186177688
  0.16726627856987786  0.17783215434117652  0.18833230900758910  0.19912926886890470
  0.20990136309375104  0.22053762432357726  0.23095861368334225  0.24145921542433182
  0.25190699333961580  0.26226754347774989  0.27277616602244947  0.28343375457388853
  0.29417682378696292  0.30481260316253211  0.31533079781615980  0.32575289633847632
  0.33608421663106225  0.34637412033336318  0.35669938406171925  0.36706045820874217
  0.37744872002254326  0.38794109503857965  0.39848197518686734  0.40915190403528129
  0.41960719076257158  0.43010652710714120  0.44060485365602275  0.45132493965759979
  0.46198583286000222  0.47264033540879191  0.48324620503041343  0.49375509246157634
  0.50420213169530836  0.51467146151683507  0.52532030340709490  0.53611303156995249
  0.54687852387269253  0.55763444232775061  0.56825608901414448  0.57883735240529355
  0.58939068797071437  0.59993492231474888  0.61043057380139110  0.62084144397171226
  0.63134298720515059  0.64188347148022307  0.65251976693389535  0.66307026858422957
  0.67361857164722094  0.68389302579101274  0.69422193075310101  0.70463596173571430
  0.71513532375619082  0.72572243851806184  0.73614335387244090  0.74659020700622658
  0.75696106660106821  0.76736141951149672  0.77780731037380690  0.78822355753003637
  0.79856219744595669  0.80875324757299416  0.81901908327370365  0.82940918418754661
  0.84005351957930430  0.85081371265396510  0.86172092015517732  0.87247414015757463
  0.88317908225086816  0.89378385188141873  0.90437683523604329  0.91493188793103875
  0.92547658851264170  0.93599601073959571  0.94662344181736424  0.95721934119093854
  0.96787767480613152  0.97850723542823070  0.98925349466573631  1.00000000000000000
 -0.00240807626165516  0.00974309767822396  0.02000259884589177  0.03050977523303187
  0.04103219339115289  0.05170300357878740  0.06232166762206064  0.07282918573032358
  0.08327446323253006  0.09373786348659967  0.10421783114573786  0.11466104470620264
  0.12515348824380934  0.13567493811831197  0.14604638401333042  0.15636789507205193
  0.16677604046081715  0.17747961720628672  0.18822032044934575  0.19888074385917756
  0.20940765426910662  0.21987985184615905  0.23039355333061104  0.24091878389718521
  0.25154163870763963  0.26221620060492418  0.27285580023349015  0.28342887754426310
  0.29395085828748313  0.30452115844759869  0.31511579246273652  0.32569011762233691
  0.33623578703816004  0.34667830202554745  0.35710240427808376  0.36756484373575415
  0.37822908952145035  0.38898738072322131  0.39964900802252945  0.41008014519604663
  0.42040622606447947  0.43075881365462926  0.44135120453716747  0.45199346245455380
  0.46259459548098358  0.47311013782201511  0.48366723269285472  0.49431018629452744
  0.50480391291758686  0.51534164345468092  0.52586200785021631  0.53638851083548877
  0.54692573094492181  0.55738718492737616  0.56789771328075966  0.57829941807790464
  0.58885283978330460  0.59966110437191378  0.61050135896851943  0.62145417737858655
  0.63226216559620907  0.64315226489047861  0.65378981294949123  0.66447936534998930
  0.67513984172070329  0.68599277025200400  0.69669830876443584  0.70732523352707755
  0.71781393815222927  0.72826906023700022  0.73882717313054158  0.74933433829435203
  0.75978351041809888  0.77012756728069376  0.78048092290679727  0.79101890588585599
  0.80155409173823544  0.81206110573148438  0.82237298914040147  0.83269914653529242
  0.84309938466334922  0.85354894177989704  0.86397844059491324  0.87434657771339919
  0.88473318222295605  0.89519658119799150  0.90571668612963607  0.91618473771509013
  0.92667904540819257  0.93715534237851073  0.94769217156724994  0.95833566004317960
  0.96887826040932301  0.97935656280399364  0.98962788269737822  1.00000000000000000
 -0.00231302142195909  0.01009263015019474  0.02027068341911941  0.03078114667120340
  0.04113526982050172  0.05158982089613295  0.06197857397573167  0.07272140337787587
  0.08328300688172778  0.09380536071418817  0.10409457736396416  0.11442766900392264
  0.12473749219234651  0.13497384418085781  0.14529508618540626  0.15598151118789924
  0.16680252917094202  0.17764087360729169  0.18834450089576374  0.19921868067028323
  0.20996091018622762  0.22060648280444556  0.23122554693897784  0.24173875242619139
  0.25221876708634700  0.26248551038640788  0.27290854426489985  0.28320757349314640
  0.29347483829512838  0.30368965085186422  0.31402544105511243  0.32447815244901207
  0.33506160333840451  0.34580732154035143  0.35649469338116579  0.36731060986116215
  0.37797309439470034  0.38868833802239205  0.39921893932539138  0.40962114567521718
  0.41998423562911663  0.43031202913640715  0.44061043817662859  0.45079994162190029
  0.46109989894009390  0.47163289852986323  0.48232845613536512  0.49299609677235956
  0.50353792282930454  0.51421622293645164  0.52486834147694206  0.53553520865226645
  0.54597211604861540  0.55634904723517442  0.56673255017067092  0.57724453929714792
  0.58791540541145815  0.59858488789560038  0.60927717210835275  0.61985300288968292
  0.63048984539354147  0.64113233723302576  0.65164158583241305  0.66212224908764195
  0.67263531324270731  0.68345253046560950  0.69418787021792416  0.70482235089769563
  0.71525924563132348  0.72581584000385257  0.73641706352469982  0.74698858882925934
  0.75748937801043548  0.76808801072274069  0.77875041793666122  0.78937897443311478
  0.79973542619046833  0.81006977240770839  0.82035531532748618  0.83072085264160733
  0.84108618556223902  0.85164517325345268  0.86225617289788081  0.87286813417583253
  0.88345468804179128  0.89396558549812455  0.90452548586055925  0.91510159326991702
  0.92575667982519727  0.93655721310384565  0.94714705317186587  0.95781495154264706
  0.96841124841385906  0.97903007107832596  0.98951732290115491  1.00000000000000000
 -0.00255034059631704  0.00944993506934434  0.01982976576571875  0.03028213457449513
  0.04083988460378296  0.05139779375504563  0.06212154606822603  0.07275647573734077
  0.08322821787278907  0.09366753905019466  0.10404531243006830  0.11459478165647714
  0.12519354879545633  0.13587513538372548  0.14652054942275880  0.15710763944876455
  0.16765095809319300  0.17822872896727135  0.18890434340433065  0.19951042810369485
  0.21017608194078971  0.22073014871398314  0.23125394955070297  0.24162027650501883
  0.25205347438748221  0.26267981636349008  0.27343871713897561  0.28406601456448666
  0.29456307139792492  0.30492658996485994  0.31535733234985108  0.32575130556957815
  0.33617599588025054  0.34668454328872700  0.35720214557749497  0.36770782776582250
  0.37811870805891928  0.38857919147350767  0.39896780012994121  0.40931921906909330
  0.41965885037381723  0.43011599925388533  0.44057800150093246  0.45094509302899743
  0.46126526675750212  0.47163321925240392  0.48208441570044891  0.49249865902857132
  0.50292428388469190  0.51344612774106757  0.52408232841020919  0.53474035616688842
  0.54531230417821841  0.55587815202329094  0.56649604053384528  0.57718663853798913
  0.58788884847970413  0.59854982547030378  0.60920204550431867  0.61982876630727168
  0.63033129290900447  0.64077663218798908  0.65119338093975765  0.66152446621501948
  0.67182188314433144  0.68212112419042381  0.69240883239390805  0.70281024119079949
  0.71325427705373545  0.72384386628079134  0.73440930787845349  0.74494819548957325
  0.75548607887785824  0.76608645630335515  0.77670409994718514  0.78723141643239947
  0.79765666722768447  0.80810847769791305  0.81870080090012309  0.82940147137868359
  0.84003850942462022  0.85063703682590153  0.86121707170828976  0.87183926811214396
  0.88245476641420539  0.89308966789083555  0.90378253018309429  0.91449573569932574
  0.92509308740313156  0.93564832062797354  0.94642369554040351  0.95734865986872197
  0.96807140227319111  0.97875628760433619  0.98930108072950584  1.00000000000000000
   9.3024742927798988E-005  -1.0000000000000000     
 T T F T T F T T
