 -0.00154642278553062  0.00576660977921553  0.01238777064198548  0.01899298412114235
  0.02591101099205222  0.03323993021230554  0.04092945305259499  0.04896601022308258
  0.05726928655470485  0.06580794085062282  0.07455899465353429  0.08344508812583801
  0.09245497062848229  0.10157460557035373  0.11079091317449249  0.12007092619031202
  0.12940274803892654  0.13884953367057287  0.14845601497700608  0.15818000070813673
  0.16793920589157690  0.17767241752544224  0.18740167064519533  0.19717214840689384
  0.20693736188735701  0.21671747254390195  0.22654366922072849  0.23650316535020560
  0.24658048378690514  0.25665383258772234  0.26671399246193150  0.27681098191164355
  0.28697640533234470  0.29717071936013534  0.30738875189179876  0.31763719357341441
  0.32790886380468526  0.33816082857279711  0.34844815791441175  0.35878351679235398
  0.36913581385103561  0.37943971421293726  0.38974183499624043  0.40008872465304524
  0.41044821909386509  0.42078411220795531  0.43112524477818626  0.44154665073510957
  0.45206599513169154  0.46260796252204606  0.47312825781384810  0.48361723614597385
  0.49410017004578782  0.50457333250880676  0.51504890252779501  0.52554291880375736
  0.53607074881503258  0.54662072104484150  0.55718178890462378  0.56770901875119817
  0.57822410282870240  0.58878338451159029  0.59944758281915722  0.61021622944744569
  0.62104352266174201  0.63189330508823782  0.64268993511516781  0.65346672778922599
  0.66430168157273239  0.67527459614338770  0.68628145122202222  0.69723506183992034
  0.70820429281218755  0.71919177142941970  0.73019419644241390  0.74115761685891079
  0.75215543896587067  0.76325137312681590  0.77447644475960420  0.78578828408030610
  0.79714445197841766  0.80852592484457075  0.82000397182774920  0.83152337646967212
  0.84306274799157788  0.85468977986802031  0.86644790647770487  0.87833045593489467
  0.89038724454783058  0.90271329820835322  0.91531809472559422  0.92828742751570581
  0.94181495074164034  0.95649928199908185  0.97502336486498098  1.00000000000000000
 -0.00233736357202215  0.00968359239942968  0.01993063631664043  0.03065630029984688
  0.04137531959526028  0.05190516279570005  0.06234990458438160  0.07265455851750013
  0.08311906561485627  0.09363770429739515  0.10411388542558948  0.11467317891134932
  0.12522698905845792  0.13585161732293366  0.14637909324187257  0.15674565713532435
  0.16711536985770664  0.17753739095117307  0.18810766539794621  0.19874163913570342
  0.20939357294927302  0.21988906508998976  0.23029284357851290  0.24073022541378478
  0.25132666338060383  0.26188868977978130  0.27251994238366123  0.28309110469599302
  0.29375367717130157  0.30428367865056921  0.31483605983959490  0.32529463265187086
  0.33583201922115685  0.34630740436572921  0.35679021651948550  0.36725140802552386
  0.37777593572537088  0.38830992340735843  0.39885459648957755  0.40933012337467928
  0.41983336108341829  0.43034106550497447  0.44095900815842021  0.45151667626201381
  0.46203376194731322  0.47253411502171438  0.48303882591277630  0.49356372229153483
  0.50404966075500013  0.51459168170877123  0.52506076506010535  0.53554960545407426
  0.54599445858185902  0.55647270170671848  0.56699322040103395  0.57755005460194520
  0.58810656222388746  0.59865556943742615  0.60920764433931385  0.61980432499976634
  0.63036172535941459  0.64095631666087871  0.65154828297710610  0.66204645760651459
  0.67254970378329892  0.68306248379359502  0.69359820530774241  0.70415756369135152
  0.71469403059804482  0.72532433813619512  0.73585448436029166  0.74634762151590017
  0.75684887887471120  0.76733947190024854  0.77791694957577884  0.78845524124007649
  0.79907788026806592  0.80970839628541702  0.82022643170137954  0.83079229801246735
  0.84133825500076875  0.85196138071300598  0.86248856477738833  0.87293997304814330
  0.88338979820887753  0.89390545704549962  0.90457491032421944  0.91526182777596898
  0.92587581637828742  0.93641371461848333  0.94699064294310831  0.95765495903157971
  0.96824522972830340  0.97879593156809575  0.98935564658421404  1.00000000000000000
 -0.00237090453672257  0.00954851989645241  0.01956295794831424  0.03005679730039407
  0.04041120226927349  0.05097822848627404  0.06147805369462353  0.07219303041730253
  0.08280425678815230  0.09356616416815061  0.10421448419027821  0.11480995630099246
  0.12535756673729251  0.13577790876802989  0.14637580915502790  0.15701363950987191
  0.16767172690578364  0.17828388607915716  0.18881580196991826  0.19940047043788670
  0.20997571975334442  0.22061304245887023  0.23123379307193764  0.24179653547875116
  0.25234019514613204  0.26292583860009167  0.27342711382723228  0.28398879767694873
  0.29453946172599038  0.30508837009528555  0.31567174313706281  0.32614864370730867
  0.33668021480438642  0.34717568225155454  0.35769633791323457  0.36822113360657160
  0.37871000234547975  0.38918864660251778  0.39966257708496961  0.41010801648152234
  0.42062390808120020  0.43117689865285308  0.44168919245614041  0.45229998679448619
  0.46287483516471112  0.47357389539842826  0.48421826921685868  0.49486678265760164
  0.50545298444800812  0.51591599181255154  0.52643514837244476  0.53695847209665826
  0.54747055459440597  0.55793613144091703  0.56845599656310974  0.57908910207042341
  0.58968955880692742  0.60033045705917543  0.61093359975423667  0.62152575169205393
  0.63197869135085094  0.64245523508907576  0.65295286821258269  0.66353206543345589
  0.67414220707215522  0.68471482193397104  0.69533135982474148  0.70578724618340360
  0.71626640709346134  0.72671547933531100  0.73726774985276888  0.74782934580317428
  0.75831718207229404  0.76882101198759834  0.77939781568775002  0.79002444527204763
  0.80055754201262008  0.81108865355084059  0.82157465725408863  0.83216464214801089
  0.84271475208713353  0.85312149237107249  0.86345649987729367  0.87379990640245142
  0.88437590014440659  0.89506290737386907  0.90562660916965232  0.91617905339624817
  0.92665241978068491  0.93717782643471670  0.94768335494122435  0.95818599519675873
  0.96866830284186611  0.97909283251440438  0.98955416245485295  1.00000000000000000
 -0.00245164074771249  0.00949737838124662  0.01970133197872390  0.03038940068154314
  0.04104089537410210  0.05153188168913061  0.06199547293042579  0.07235923788484581
  0.08278130198706522  0.09317407404502366  0.10365273549955013  0.11438357531187632
  0.12500937699512429  0.13554352573819317  0.14588157038738819  0.15647319676578439
  0.16707774388796801  0.17763678485006279  0.18820512703449924  0.19879712642763450
  0.20938951422631960  0.21998081016391310  0.23058058725361580  0.24125867218181790
  0.25182160930613939  0.26238895968493736  0.27292199841512510  0.28342291742883813
  0.29397515132703805  0.30457416023720624  0.31520688849070505  0.32578874317946088
  0.33631569100495973  0.34680706136298445  0.35723875559616397  0.36768642271633517
  0.37807095202704966  0.38856873127815383  0.39902004613021130  0.40952260523791784
  0.42003530766464414  0.43068621372523691  0.44136393703538734  0.45203186693094471
  0.46261134421947875  0.47311558360154088  0.48359724979262769  0.49410395582246147
  0.50464269385696625  0.51517555684927563  0.52568344884965201  0.53620936659687268
  0.54677201049893220  0.55732511565936971  0.56794763533196901  0.57854953805682241
  0.58919276081914906  0.59978847457599060  0.61041835684246382  0.62095187749737202
  0.63152844194999658  0.64209669487815624  0.65271838661487191  0.66329143278386316
  0.67393513922895587  0.68447704099639228  0.69503746598530092  0.70548029626084807
  0.71605147404089353  0.72655587499600993  0.73703656034852127  0.74746829529821512
  0.75794702991467922  0.76842010464100341  0.77887008857876006  0.78924900264662745
  0.79969803825249730  0.81021004593125556  0.82081972839313888  0.83138156723697998
  0.84195559116389196  0.85244031039041424  0.86293283019360811  0.87339138289677642
  0.88391173690188796  0.89450864875331981  0.90500824973829042  0.91556691085143593
  0.92608240781732087  0.93665396427931435  0.94711227744218007  0.95760226578977892
  0.96827070107879798  0.97891197473333058  0.98946941111559905  1.00000000000000000
 -0.00239675511675192  0.00937293336621397  0.01945360615719696  0.03001218817983091
  0.04061183574990874  0.05111324366213303  0.06166465453751940  0.07213373564375969
  0.08270692261472774  0.09325288680233264  0.10378283708696807  0.11436028267057814
  0.12498034488488721  0.13558873568420060  0.14619845882113919  0.15674232682739980
  0.16732110489539084  0.17783601803685586  0.18839880138383530  0.19888678306044399
  0.20943386796853070  0.21995098059649995  0.23060057928788966  0.24118085376549031
  0.25177445613083044  0.26231935500489406  0.27287335974975030  0.28341577966210274
  0.29394935886876578  0.30460176512196724  0.31532026832404270  0.32598180980677854
  0.33651221612288806  0.34701634930871478  0.35754722975201253  0.36807191955794660
  0.37849949340657801  0.38894014726976073  0.39940021015549515  0.40999932738196915
  0.42065056545860879  0.43130732818240503  0.44185179187705986  0.45234954572498459
  0.46286101638210680  0.47336035274303900  0.48380645789561361  0.49416654037252877
  0.50454343107238198  0.51495565251271669  0.52556790811773557  0.53618842586409332
  0.54679702695581545  0.55736144605160587  0.56797123316738241  0.57856167541519898
  0.58914492780785743  0.59969972796911741  0.61027803153906479  0.62087008100226937
  0.63145431203506841  0.64211858956809187  0.65269235340395293  0.66323740412009236
  0.67377119387064344  0.68432453035628915  0.69497858377595556  0.70574463681075428
  0.71645134575311542  0.72712477840117962  0.73770001258969631  0.74835342389936232
  0.75896362647987514  0.76962026179920151  0.78012898511761641  0.79059806356968598
  0.80089065105741220  0.81116645986801339  0.82157049873044952  0.83193516155861402
  0.84247478093971828  0.85290913983597361  0.86340449024904109  0.87376925060456456
  0.88419648131435569  0.89468442485329291  0.90533405029941316  0.91593511811502359
  0.92640879115326213  0.93687742200369883  0.94742813599523257  0.95805435803447470
  0.96857981386220204  0.97900301350470087  0.98953033304430760  1.00000000000000000
   9.5294359220071151E-007  -1.0000000000000000     
 T T T T T T T T
