  0.00000272669496565  0.00000341999439148  0.00000402158089222  0.00000464593560401
  0.00000532447539672  0.00000607171238185  0.00000690064960243  0.00000782450096569
  0.00000885599247525  0.00001000659689202  0.00001128767201513  0.00001274417102718
  0.00001437077249440  0.00001620535920172  0.00001824703209129  0.00002055051888118
  0.00002311078523965  0.00002597108704809  0.00002921338114336  0.00003282497971668
  0.00003690459495482  0.00004150501510956  0.00004674280156824  0.00005267218687220
  0.00005936751904759  0.00006686375326183  0.00007522546420511  0.00008458201424720
  0.00009515825245439  0.00010702682501857  0.00012029599184610  0.00013523102250531
  0.00015202592856218  0.00017098555713323  0.00019240862090978  0.00021642350873237
  0.00024340358053424  0.00027370194733995  0.00030776392361000  0.00034568520558597
  0.00038790809991318  0.00043514094755158  0.00048777157947532  0.00054753520807217
  0.00061528587430226  0.00069048692448339  0.00077413645179906  0.00086774936172420
  0.00097247624748464  0.00109017589629827  0.00122214596357706  0.00136903328431237
  0.00153354639915349  0.00171728441933792  0.00192225736466366  0.00215502645097918
  0.00241873492641509  0.00271273151342239  0.00303894449894988  0.00340441618902919
  0.00381457962425934  0.00427778561032810  0.00480475929400827  0.00539804917057891
  0.00607003450199888  0.00682374085445450  0.00767226965303196  0.00862426405918083
  0.00971598251267213  0.01095776889996633  0.01238042433968380  0.01401069624828030
  0.01584977554017822  0.01789954500547734  0.02021827759700149  0.02285588023508548
  0.02588059930237446  0.02933179026234558  0.03330426679598916  0.03788068595392077
  0.04311443066907537  0.04905470976352373  0.05589202000273139  0.06388772138988663
  0.07321620360141612  0.08414406884724966  0.09699153245282935  0.11245780133936417
  0.13115483630313438  0.15411142978121098  0.18306228914530909  0.22151840383393634
  0.27513005075583929  0.35526615525219146  0.50606938810544178  1.00000000000000000
 -0.00239575946792103  0.00968622229097637  0.01982330580134706  0.03046494568159218
  0.04106295521592948  0.05168625069193607  0.06219918546500994  0.07254952229540133
  0.08290687268839790  0.09328974058693479  0.10388802003580411  0.11427200494166224
  0.12458429450510522  0.13487422001081681  0.14515756931912904  0.15570849372730025
  0.16625307647780077  0.17712036169029954  0.18784802970589351  0.19845526077746378
  0.20899636134204569  0.21960358495917823  0.23023241058509167  0.24069780222763545
  0.25116454296727331  0.26173812359158627  0.27227769701925753  0.28280871344528097
  0.29325525477845588  0.30387099433017384  0.31445392586082760  0.32531390989435144
  0.33615315902627330  0.34694369233442096  0.35752449012653770  0.36800616621324067
  0.37846675511959454  0.38887857017434274  0.39938046328450300  0.40990955036496474
  0.42052453682605900  0.43094580620053474  0.44126207031412096  0.45144265604750289
  0.46179596927413152  0.47220423192022676  0.48272713138087936  0.49330557197743424
  0.50380419893572093  0.51435910135137042  0.52486055328914050  0.53539935607767286
  0.54583175120728311  0.55618948607698682  0.56647989816069189  0.57676429127097328
  0.58698697031609259  0.59732783046163107  0.60761259851366056  0.61796727883694391
  0.62840072569616290  0.63883637909096702  0.64939976529026944  0.65990771391952052
  0.67057642024240205  0.68116185757138714  0.69177859064481284  0.70249508912615855
  0.71318455868705921  0.72388988152514533  0.73434394516680523  0.74482633783600050
  0.75514765474930512  0.76554180052314991  0.77582524915397921  0.78640066036945311
  0.79690799822737635  0.80754917104834067  0.81817255789872423  0.82907507222839627
  0.84000825771496535  0.85079534965932480  0.86151333746592873  0.87209463735144233
  0.88279192798695227  0.89350796575447167  0.90422727897518573  0.91493323084395928
  0.92545705885843532  0.93606586942082037  0.94658885853705255  0.95716344406134513
  0.96788200737140762  0.97852497550374007  0.98926214929112921  1.00000000000000000
 -0.00224700249150117  0.00976901794612340  0.01994765019654407  0.03067511981144720
  0.04129870925637312  0.05180830792110306  0.06223039832702829  0.07286545483871577
  0.08341137055208737  0.09398170786682759  0.10464858275394910  0.11540936699844459
  0.12621158528425294  0.13690462587662930  0.14758071562668815  0.15828682413550149
  0.16896069228833591  0.17967169714658773  0.19043526824456236  0.20123729321339132
  0.21195148401285005  0.22262762698373439  0.23314504915986833  0.24366454621063283
  0.25406000207960672  0.26447859585209083  0.27491281084843006  0.28539818628035202
  0.29591201258033956  0.30643756923789406  0.31706698731292310  0.32780510152751263
  0.33846678622343984  0.34900588709087726  0.35957413031000840  0.37005482944816948
  0.38043655606118748  0.39076623806939115  0.40119057423002047  0.41161015558898878
  0.42206423885849742  0.43244537255403454  0.44296664692997539  0.45338121437639733
  0.46413127469544269  0.47502819898303461  0.48592367959450350  0.49658971563819365
  0.50720329370388351  0.51776342905435524  0.52821792868904816  0.53875698683200013
  0.54931725793475528  0.55989745214271991  0.57021057588294832  0.58055970911284072
  0.59087309338587524  0.60130407871937275  0.61174638688354488  0.62203847110581911
  0.63236142589220057  0.64268741003257246  0.65325657524084602  0.66393660480141681
  0.67450888514120277  0.68496923738243787  0.69534179937349372  0.70586461202243378
  0.71645727673456239  0.72701055444608553  0.73753075776119725  0.74796899647663728
  0.75864182127332869  0.76925027719491956  0.78007857079166343  0.79069979575564142
  0.80120346047578495  0.81175912321089372  0.82235502664727322  0.83295337493362065
  0.84338160610492541  0.85406855076677435  0.86492437470783434  0.87561469163612748
  0.88593715476304280  0.89629497141451042  0.90681812427350517  0.91725319213134215
  0.92769850154149425  0.93810979482907497  0.94863258773750692  0.95912870800823880
  0.96942659905247197  0.97957039182341121  0.98971301400858624  1.00000000000000000
 -0.00218833784158114  0.01067630857769060  0.02058421552789205  0.03096825881548837
  0.04142153165437916  0.05193105374985672  0.06249392704298132  0.07296795949519262
  0.08344272428935981  0.09382637963117348  0.10426432670736742  0.11475015666751649
  0.12511841483498554  0.13566724963263799  0.14607568987169409  0.15669178677413612
  0.16710746701757620  0.17781205666489025  0.18851577234872369  0.19914550493985644
  0.20982483386541936  0.22064333337651507  0.23137919970434345  0.24195596296812122
  0.25240899965011615  0.26294551779966668  0.27342874248502086  0.28382962694277608
  0.29430946630153104  0.30468376372499556  0.31521984478113352  0.32573868601863415
  0.33639674057352054  0.34699877099292681  0.35764618654208286  0.36821244487279386
  0.37877623794978305  0.38926857102286760  0.39987016493607774  0.41044102320545994
  0.42121384244025450  0.43202003672351991  0.44279995687146406  0.45340643103953582
  0.46394325837007705  0.47453047870294762  0.48512500156015576  0.49575741239685261
  0.50637722645254357  0.51698476694020090  0.52759865295080111  0.53811925927227844
  0.54849753652278921  0.55882277690215920  0.56911579905988197  0.57949157639326110
  0.58993260320931018  0.60049206313992964  0.61096215422677447  0.62146956306616075
  0.63198259656233335  0.64259805726365649  0.65301025925194744  0.66343096107815680
  0.67386608582598628  0.68436581216738313  0.69481327159437678  0.70531933023871796
  0.71583481478378042  0.72641564532630654  0.73694666946929166  0.74753693736918703
  0.75803826037590805  0.76849273575569144  0.77892359149335733  0.78940661025037950
  0.79990208909178850  0.81036231092600686  0.82098519090596334  0.83168140456873052
  0.84248066716091707  0.85323862646997906  0.86386510417487516  0.87455869941287223
  0.88511421272455126  0.89576404084260264  0.90627525448302404  0.91662347875120209
  0.92693195772708492  0.93734482517883377  0.94792895385529408  0.95862726872363191
  0.96897903468046220  0.97939921172679389  0.98966205555110676  1.00000000000000000
 -0.00174877522929757  0.01038377786914319  0.02063698867387751  0.03114663791759902
  0.04153492050048040  0.05215042131772721  0.06261307696959970  0.07325989967271380
  0.08378066034118045  0.09431002556061674  0.10487204457327837  0.11552776882271443
  0.12606904710068137  0.13648532615481537  0.14683346039567163  0.15735606669450355
  0.16778961230128742  0.17824470130273504  0.18859288555779799  0.19894246565009077
  0.20936516843682962  0.21996499478390263  0.23053413185363483  0.24110285173075294
  0.25164744744824691  0.26245058118524744  0.27317665159116744  0.28372523387342014
  0.29428085320981007  0.30491004840748109  0.31558530217060071  0.32614248449706457
  0.33669016484594344  0.34730426010226073  0.35774927060106243  0.36822256085867366
  0.37866601454622323  0.38921009006064250  0.39974457610346664  0.41029192671459397
  0.42091813021355101  0.43161814505642004  0.44228044237854480  0.45298434396109538
  0.46371840848614576  0.47472264483136728  0.48572269159948689  0.49673455804420552
  0.50751606300064123  0.51813651662527072  0.52859928223217734  0.53887758779827910
  0.54917792159761969  0.55937068423142811  0.56974116907834671  0.58008397868785677
  0.59053248194912633  0.60105388399316528  0.61155161468402686  0.62213004056796384
  0.63247087940283275  0.64278262312469492  0.65311374716383075  0.66359014737509736
  0.67407130031204632  0.68460552974020372  0.69516030648375959  0.70572082237815426
  0.71615900783812980  0.72663596469724367  0.73712762951257627  0.74757997803246390
  0.75797678215885644  0.76827096909246062  0.77865101875363207  0.78896178059736455
  0.79940781252011073  0.80980370004276048  0.82040594327057315  0.83110975257104713
  0.84171177950438736  0.85225393428733254  0.86274385207186222  0.87340971337719053
  0.88395147104981742  0.89455543260871917  0.90511687705789801  0.91580396881198178
  0.92644386431128278  0.93701958688176712  0.94744556809898528  0.95790667647226568
  0.96840095055149289  0.97887495943745262  0.98943719032836663  1.00000000000000000
   4.8380555131202533E-012  -1.0000000000000000     
 T T T T T T T T
