 -0.00156362927784831  0.00624271483937830  0.01361229154846619  0.02090883525729675
  0.02848790456099887  0.03636267055607578  0.04450785013642122  0.05293657651874245
  0.06153615371527212  0.07038189809966318  0.07947482331703783  0.08868652305724917
  0.09801272682642442  0.10739934501924876  0.11690872455339540  0.12649847601382808
  0.13610831554305902  0.14564980178046225  0.15523182588783219  0.16486095063879591
  0.17451591443562559  0.18413408125126127  0.19375908759588811  0.20349795205189050
  0.21331574683427726  0.22325175943198011  0.23319276587392662  0.24309796753064966
  0.25296318261669615  0.26279955438006258  0.27269587548649582  0.28264311310828055
  0.29257790112793247  0.30267827370202843  0.31289852305150018  0.32319223176675371
  0.33345556281736671  0.34366359364649796  0.35393279832056990  0.36434324546874824
  0.37475727679999732  0.38519181691633020  0.39556867048474198  0.40603066254106174
  0.41650496329112197  0.42702976781192120  0.43753974903961501  0.44802561880228009
  0.45851851561853801  0.46903314342541574  0.47956889400196262  0.48996750025970476
  0.50033152933743441  0.51077428468981756  0.52131565856261786  0.53191892079738112
  0.54243820533574505  0.55293240614969363  0.56345737186041411  0.57410246809786269
  0.58478152081832069  0.59543165038187151  0.60605494097966928  0.61666579364870655
  0.62728589480119989  0.63794269027378669  0.64861779297876965  0.65938093033381084
  0.67017898343820048  0.68108282989261248  0.69192699273742642  0.70279924532428617
  0.71373012426048565  0.72476204134652644  0.73584055856904895  0.74691526156983823
  0.75803963070146319  0.76912868680325808  0.78023458135024515  0.79132846750466979
  0.80246633621532804  0.81369449376965941  0.82508145662335919  0.83654450684016046
  0.84801271143600998  0.85950997072283508  0.87114344871420057  0.88292340701609995
  0.89495611326172253  0.90719646145174682  0.91960596144578777  0.93225821092816319
  0.94550751748487560  0.96000505060274210  0.97769103490789677  1.00000000000000000
 -0.00268538267118493  0.00971928673072307  0.02011051301332918  0.03055520087994952
  0.04124659817565982  0.05196901980677737  0.06266758605407834  0.07309120689150095
  0.08341976888275074  0.09401306395879887  0.10463295400262351  0.11517190780036059
  0.12564041607928053  0.13613492939211805  0.14678925563362402  0.15735877208764174
  0.16802381842130837  0.17864631860646696  0.18929388435533190  0.19981556108910895
  0.21026787031398256  0.22068523450767125  0.23108531840101096  0.24145666446966896
  0.25178239937853580  0.26213416289699781  0.27247790160640167  0.28280493506174686
  0.29329197461760903  0.30395324714099492  0.31462497248294197  0.32537117646709285
  0.33619719831046047  0.34707346579180848  0.35760372601761753  0.36800957126110723
  0.37831984897999832  0.38875446524355556  0.39911822067647823  0.40951602490450156
  0.42000822143585570  0.43063453169437343  0.44125821381946428  0.45178571358566044
  0.46229055408483533  0.47283419393689913  0.48337917335082325  0.49388452120730686
  0.50434756160963434  0.51482095916737303  0.52538689761574398  0.53604652684022924
  0.54672794984367246  0.55743078671106150  0.56796596246526088  0.57858790545892547
  0.58915046689161010  0.59987536134421282  0.61045945199198737  0.62098066239577554
  0.63144203255556530  0.64179969929957237  0.65219706030586055  0.66267664483288646
  0.67331637790005827  0.68404340896097504  0.69462313455996894  0.70512281802146337
  0.71544316616217229  0.72563607949970976  0.73582326721842406  0.74621076737494663
  0.75681294695989676  0.76754525619479130  0.77817971776004180  0.78888812811455344
  0.79959753851238646  0.81023815024093482  0.82072013019795098  0.83123327504357714
  0.84170023065532917  0.85218465240923580  0.86269472675761427  0.87317562042450003
  0.88374183976285148  0.89411024268480943  0.90460969924021195  0.91517086944672865
  0.92575410782125844  0.93627463960103208  0.94702562079623642  0.95778088492897673
  0.96847840555230869  0.97900678643368400  0.98952732731452908  1.00000000000000000
 -0.00256044894407331  0.00975075533388861  0.01996804209851334  0.03042457521340721
  0.04088263570981139  0.05134733343749907  0.06170426228558768  0.07197857954151815
  0.08227416857956833  0.09259186369591073  0.10315486656361887  0.11381900132580702
  0.12449309511268962  0.13497259510886955  0.14546370691544308  0.15591612350510550
  0.16634199970278349  0.17683488367254599  0.18734395506073209  0.19781871129319076
  0.20829350348607897  0.21891787552581321  0.22958112556024873  0.24018655768166947
  0.25078992752043050  0.26144080497662653  0.27212310633109627  0.28287680101544849
  0.29362484976240599  0.30440168494555792  0.31513513043962321  0.32582516274734452
  0.33646244629306804  0.34701670259155915  0.35759530820850322  0.36809546750720112
  0.37852678710855292  0.38884752169792935  0.39923069189042798  0.40967631568349555
  0.42016506100868389  0.43061675057074628  0.44106958352124531  0.45152750686424975
  0.46208176562590181  0.47270549055756561  0.48331837362776092  0.49383882419585640
  0.50440373166638675  0.51507151376438398  0.52573062049493724  0.53641261772036630
  0.54724074988377602  0.55806655873794986  0.56885665784557182  0.57949812962379610
  0.59015050709118977  0.60065034937880690  0.61112600110992177  0.62163005288697515
  0.63202061602179793  0.64248436788984664  0.65286468229350969  0.66326671752327160
  0.67360781033711337  0.68406735448316025  0.69469537179875462  0.70528730848584931
  0.71571916414810399  0.72609365185063079  0.73660276192621343  0.74720502005529232
  0.75789621363246662  0.76843291066743680  0.77882767525173680  0.78921724170682750
  0.79967422519132436  0.81020890564819648  0.82077933230833444  0.83134283145891452
  0.84186370022057677  0.85250002118954227  0.86298716961225297  0.87371524827051572
  0.88424905342080529  0.89470812335017402  0.90500587917564546  0.91519341085926986
  0.92566130866188956  0.93608796631060609  0.94677396964540961  0.95736594993499469
  0.96793743073880900  0.97852203228739132  0.98923273755678576  1.00000000000000000
 -0.00235280954914466  0.00999119990183569  0.02036652292883086  0.03109091082967027
  0.04170747199749555  0.05207295188302065  0.06242526637658072  0.07271085004938344
  0.08306320718110842  0.09366407957459555  0.10433814968088853  0.11501504952414925
  0.12539364060471472  0.13593323018252063  0.14658021967040447  0.15731903691763252
  0.16806186807729206  0.17869612576630767  0.18928197103669930  0.19962635616714136
  0.20998955875937028  0.22035021881089004  0.23081746367085906  0.24123213345865691
  0.25177380769384616  0.26241105352738497  0.27310973572795999  0.28365206556021949
  0.29416231280003369  0.30464394344182583  0.31506254852492144  0.32543967969768395
  0.33592745250567069  0.34661475049643675  0.35710634875141439  0.36755602914792967
  0.37782228052085864  0.38823337901621174  0.39858033282156463  0.40901629193123790
  0.41939283196592803  0.42970058523841548  0.44003132514192078  0.45038711253957342
  0.46077280846876068  0.47115397933836289  0.48159326410677006  0.49211138267220955
  0.50259560963469396  0.51313713426281515  0.52367282018150207  0.53416137805101926
  0.54469706823613240  0.55528399883041601  0.56601114170769962  0.57660138584028897
  0.58713375720894012  0.59779120658853158  0.60853650582100216  0.61936879634802822
  0.63004482953591889  0.64059748010870121  0.65109903236565536  0.66158259494218619
  0.67211331498515992  0.68264972385001366  0.69325969859361269  0.70391053412360349
  0.71462828992953742  0.72534208098772135  0.73615398510417240  0.74713079288937578
  0.75792410101307006  0.76873316784683843  0.77931460169614786  0.78987149415860058
  0.80033380016463407  0.81079729599848538  0.82135172866091732  0.83183287275452289
  0.84227613070764007  0.85289788505348629  0.86345685409663608  0.87390226509917379
  0.88420614619844196  0.89448956208642516  0.90501938758535228  0.91558321000115062
  0.92612217500212568  0.93651368177885852  0.94700376247166995  0.95747810355453489
  0.96802273268260586  0.97852515915193594  0.98925082345049764  1.00000000000000000
 -0.00247147942903480  0.00948883703852355  0.01949246238930112  0.02994568940940335
  0.04033580616000203  0.05077513910469986  0.06108254042451409  0.07169842821651509
  0.08224408924057515  0.09287128266212083  0.10337791192447619  0.11379156513506752
  0.12408585435946273  0.13449586253567944  0.14493565705004555  0.15559916728392270
  0.16619718846885567  0.17701305605291176  0.18764963121452224  0.19838289913707985
  0.20897770234846583  0.21954591146811578  0.22992842593075691  0.24026370945167225
  0.25068484355102144  0.26125166783718073  0.27190844664920977  0.28256146435075818
  0.29324781103442044  0.30393580094768485  0.31467168033891502  0.32539892521447999
  0.33609506345005030  0.34667353741643941  0.35722859869559415  0.36772230996441591
  0.37819685831867655  0.38851123537181387  0.39879122240337789  0.40914618454251023
  0.41959713068687510  0.43008857389522609  0.44057850390309389  0.45105548599864631
  0.46153605362708561  0.47206100560500186  0.48261935682911278  0.49319147900337257
  0.50370559806492332  0.51426267434912809  0.52491498260206970  0.53563621445997933
  0.54631646843991877  0.55699140689108273  0.56753821849240238  0.57827806969095497
  0.58908679601638070  0.59988999787084063  0.61053746378000184  0.62094353983433603
  0.63134159546733770  0.64172427615011784  0.65213998961354791  0.66259088320205062
  0.67313474437126586  0.68372673215390756  0.69411973873897803  0.70449842739969459
  0.71475199249932075  0.72519433183833082  0.73549672238087271  0.74600467680735982
  0.75665236275367165  0.76740609417543926  0.77826959467623469  0.78920370018471286
  0.80008821408605924  0.81086339860941126  0.82127627142888904  0.83175286942456994
  0.84211115135556924  0.85270506472876462  0.86326110679155643  0.87377925651726329
  0.88419044687279247  0.89475892639971999  0.90557483970408681  0.91636885698627102
  0.92681609941849175  0.93719486048889922  0.94764733122085776  0.95814752444802398
  0.96855534037652147  0.97897790558275177  0.98947815834413999  1.00000000000000000
   2.7018615378498718E-006  -1.0000000000000000     
 T T F F F F T T
