 -0.00171033491971046  0.00628724812549835  0.01367142088611165  0.02099198367992666
  0.02868120105874013  0.03677416838262493  0.04524071869439257  0.05404879167464539
  0.06309312670908891  0.07227510219833704  0.08154461094740423  0.09088822707543860
  0.10026070282340437  0.10969517324836371  0.11922497672371990  0.12892830128651661
  0.13887995455629035  0.14889100149525977  0.15890458292741660  0.16891420538543883
  0.17893425754635384  0.18895154075849019  0.19898020308008013  0.20900506100796079
  0.21903358556308369  0.22903735037934600  0.23910456311954781  0.24923356016107465
  0.25940590055260132  0.26957910448128181  0.27982029594900720  0.29008227468844183
  0.30034944621061610  0.31065903367001885  0.32102286557656634  0.33129389111821872
  0.34143589091367876  0.35149648948570061  0.36167628293717008  0.37196247390493015
  0.38235020729656993  0.39282760377123838  0.40337265347169271  0.41389954945163471
  0.42436448705068236  0.43472901909429013  0.44511865860818545  0.45558538511454211
  0.46606231368641365  0.47660457382864746  0.48716302400907274  0.49781125452223624
  0.50844944991429819  0.51905282672871567  0.52960610345404890  0.54012679841778510
  0.55064111825280304  0.56119608790474773  0.57176127355668882  0.58228882148544703
  0.59283000009381037  0.60344399674896987  0.61407627530431008  0.62469001833767857
  0.63525361828668536  0.64582229328040042  0.65641840780863858  0.66703906044358108
  0.67763483381426337  0.68813511426905993  0.69856851417840893  0.70900194335945876
  0.71963533823937564  0.73034613010962557  0.74114252972660200  0.75192547948871147
  0.76280753649509780  0.77372584348865014  0.78466447830966557  0.79559755515325714
  0.80654028799612631  0.81748368035696028  0.82853913465800944  0.83977711301440783
  0.85113523979562788  0.86256806927884877  0.87407486873785023  0.88568895700968298
  0.89740024233675819  0.90922525520864206  0.92125363217278788  0.93363036263765675
  0.94649463319368887  0.96051027374134257  0.97782325926375302  1.00000000000000000
 -0.00257488183304297  0.00979803195094289  0.02018093342583024  0.03077581271926708
  0.04139856310339515  0.05201185925769512  0.06271908719205495  0.07324237279506995
  0.08382242645913728  0.09427481045455625  0.10478134577934400  0.11522484787999475
  0.12574587858992126  0.13625453302789808  0.14670659496417440  0.15722865728303201
  0.16782059974923005  0.17847543706067198  0.18897240072864063  0.19942995582685585
  0.20979807179853860  0.22023121772818094  0.23077827269347764  0.24128575023860896
  0.25170927992161324  0.26202747519839659  0.27237580181065585  0.28283850116663078
  0.29333513202548539  0.30392895000198683  0.31449254998886561  0.32506523630808731
  0.33551712690578445  0.34593051693855942  0.35651816523418478  0.36722596508520100
  0.37777622113327303  0.38812332598265736  0.39844742695548252  0.40891567683962277
  0.41943891792792676  0.42992319193579365  0.44040072927621227  0.45082247181520668
  0.46128013511390253  0.47180310157643046  0.48242636171107256  0.49309154118020493
  0.50363724129417531  0.51406393673629347  0.52452622629243406  0.53499210180943313
  0.54530502093306144  0.55557303346520037  0.56590701874971050  0.57627537221410696
  0.58660018125789515  0.59698949987463923  0.60752216980508744  0.61816529536432363
  0.62858663325742703  0.63906448441473296  0.64947613579451480  0.66015596619887984
  0.67077214579879973  0.68141181047556842  0.69200460948432030  0.70269595947390306
  0.71350137674035985  0.72419536515391159  0.73502519407823153  0.74576622167437956
  0.75661815372961583  0.76735471327222127  0.77808257237131806  0.78863248048417800
  0.79897099997296817  0.80917023448575665  0.81952516851280766  0.83003062514416404
  0.84063643128077858  0.85105540435518301  0.86162826110225710  0.87218823812453727
  0.88285326266194852  0.89328333921778980  0.90396487409548909  0.91459288817068496
  0.92536553107218156  0.93606022680770573  0.94686251128215293  0.95765837773729945
  0.96829810193405064  0.97892892572327250  0.98947762832807340  1.00000000000000000
 -0.00173140809777507  0.00991695980997101  0.02002755997791798  0.03039730349793419
  0.04067752584908832  0.05114126686936951  0.06171873450278405  0.07225402204128653
  0.08271122234292388  0.09312377053847051  0.10345390973644182  0.11381089696119830
  0.12408778477733809  0.13442539345393345  0.14483638676308722  0.15535844264940546
  0.16598918976300883  0.17657130079815891  0.18710729067173840  0.19760129857935607
  0.20802768411098893  0.21843288479686640  0.22896014353353109  0.23949371977896036
  0.25012856542619144  0.26071085939129002  0.27136407629618059  0.28197276313523040
  0.29249561368512339  0.30295740121682552  0.31342969310611513  0.32395886382495792
  0.33456143329283189  0.34517265320817647  0.35570985768694963  0.36616419276885998
  0.37663757413414323  0.38708736637282759  0.39754245488779127  0.40789479156496528
  0.41833299374750038  0.42887758403763765  0.43949807585472367  0.45020209349583806
  0.46095976075633061  0.47174154768234983  0.48243862796630099  0.49305297233120177
  0.50363798000191307  0.51409111464128687  0.52460356520110496  0.53509293185310491
  0.54572926897864671  0.55620972981846872  0.56681099815255276  0.57724223445398770
  0.58782085801856854  0.59829362803133024  0.60892971288448416  0.61957062321706113
  0.63008000468416747  0.64052902143917734  0.65089573551488367  0.66140123497814207
  0.67191785714796015  0.68260671733749823  0.69309062484288142  0.70365909109845770
  0.71404067890603118  0.72452866455909160  0.73495910842471623  0.74536808571696200
  0.75573534689452371  0.76608967241436943  0.77653154183013073  0.78706477619211890
  0.79762324021474273  0.80817506719940990  0.81886140555642373  0.82963763725295514
  0.84042521587941255  0.85121093150106797  0.86192932139016520  0.87274179538491603
  0.88336465709096990  0.89406987532643822  0.90455771041879507  0.91517682133573530
  0.92567436903296552  0.93623171214451972  0.94673812970234450  0.95742185295541604
  0.96798355426820493  0.97860464658810487  0.98921273426908496  1.00000000000000000
 -0.00245383501851344  0.00950397420046593  0.01971807179782924  0.03020418125154283
  0.04080898214209431  0.05141409092724718  0.06203875818422197  0.07274669374079712
  0.08352086160354469  0.09439549447946308  0.10520668343844006  0.11606804358961560
  0.12680954896397661  0.13735133060325339  0.14791998659644434  0.15837153490704989
  0.16875952160983060  0.17920347577045809  0.18981171259048504  0.20053795265971797
  0.21116622175448441  0.22163772572446802  0.23221141085238753  0.24280653623645199
  0.25356368043892386  0.26419983465340147  0.27480210928861315  0.28531741470548611
  0.29586624849899607  0.30636450064744009  0.31692727970189649  0.32749306081689239
  0.33801030275104132  0.34855256518294098  0.35923968857906807  0.36999063877564803
  0.38050023975428166  0.39083764574687890  0.40115323339795755  0.41161588682044048
  0.42207164199788050  0.43244288785746537  0.44267584432124518  0.45305338485855534
  0.46347991502483821  0.47411006274729550  0.48466670119634403  0.49519646992595434
  0.50566702934071739  0.51618970271775000  0.52668907099584228  0.53715168113361111
  0.54765306744593900  0.55816076526554126  0.56870999258486177  0.57930052908669549
  0.59003228656525197  0.60054343360018703  0.61103273405831449  0.62148581370439049
  0.63210177846739157  0.64259350432001572  0.65312397379971043  0.66370186008810272
  0.67418668964127104  0.68459852983033875  0.69503093825511664  0.70560275944599649
  0.71617239732744487  0.72670066397077271  0.73731139171275784  0.74804886625455080
  0.75868218670215082  0.76926225883690258  0.77972023001271129  0.79025326601334278
  0.80065120395656086  0.81099221404463351  0.82135044567250615  0.83176470834649763
  0.84232881107524760  0.85268467868423647  0.86315686973892325  0.87364810369670665
  0.88412468834576563  0.89466823972600096  0.90500650853791953  0.91526802253087025
  0.92541065364196740  0.93573217190880720  0.94645932074216244  0.95724107062393182
  0.96804808347268134  0.97879770763902973  0.98945428716747896  1.00000000000000000
 -0.00214860935700702  0.00944380858081310  0.01932286588353276  0.02981507139230391
  0.04023662924991978  0.05088737101868414  0.06124402860310325  0.07169574698421279
  0.08203261847342966  0.09248411323725275  0.10297089202011561  0.11359652410800586
  0.12411794101046782  0.13463604707473331  0.14507098273048374  0.15543038942330964
  0.16576916576701195  0.17611799348633597  0.18672018604652757  0.19751546268520781
  0.20831904210020266  0.21913951314821195  0.22988320008650062  0.24056633152619561
  0.25113131985208192  0.26153529376973872  0.27189360381996797  0.28228489344045105
  0.29281517007676222  0.30332592511529860  0.31395594461919618  0.32441153348729868
  0.33501231244532820  0.34554062677042419  0.35618951840109769  0.36684729542780170
  0.37743573946947051  0.38795142260098447  0.39851674078663807  0.40906777303670044
  0.41977866107920536  0.43042251914734558  0.44090921355736118  0.45149877759070073
  0.46211183197297745  0.47296875053529175  0.48345795802560054  0.49388450962293573
  0.50418060474782134  0.51445122351521866  0.52477109113217801  0.53514777467190511
  0.54569498065278332  0.55618145032948829  0.56674282347957439  0.57734069739260996
  0.58803433138853045  0.59860853110952050  0.60897796593779352  0.61937189661544845
  0.62987287652353829  0.64037436365123723  0.65077033013505337  0.66114320256905601
  0.67161414435188016  0.68211633163402030  0.69262665702743520  0.70318332543870943
  0.71378719597033669  0.72441266958319028  0.73511401587118308  0.74585133129936620
  0.75653476124115604  0.76727531417978723  0.77795145692885015  0.78866464880995624
  0.79920758468007880  0.80970587716949671  0.82014722679487839  0.83047830068436945
  0.84085400137774113  0.85132692375957564  0.86195142832685012  0.87273676609625428
  0.88350863807434865  0.89425706711704422  0.90475041952603452  0.91513449512425793
  0.92569679085056877  0.93626897318207924  0.94679505000584152  0.95731766335326840
  0.96797562959977479  0.97879452148809754  0.98944570567312107  1.00000000000000000
   1.3830024655090061E-006  -1.0000000000000000     
 T T F F F F T T
