 -0.00184950328174415  0.00612371376326017  0.01332426209482970  0.02044436035546559
  0.02787606505793167  0.03557562293321855  0.04356754483368897  0.05186677600180788
  0.06039095197303535  0.06915134855172796  0.07811839082489702  0.08722560038608597
  0.09646424982089101  0.10579438290613979  0.11521399445604964  0.12469525949729553
  0.13430864542052701  0.14404830552201928  0.15386034678769575  0.16364441000252430
  0.17347502736206943  0.18333141296367364  0.19322845575672376  0.20306923185248743
  0.21293200662665804  0.22284052736533716  0.23272961262078207  0.24264656349845884
  0.25264846109127675  0.26277575774004697  0.27293683665108914  0.28310410572388056
  0.29325413589586263  0.30335933528731746  0.31349049792128636  0.32368767293378065
  0.33400442043878764  0.34439184606999085  0.35471632073012960  0.36495738987949539
  0.37519220886537724  0.38556947732362695  0.39604762204361488  0.40651006206977824
  0.41697079904123341  0.42747520941595679  0.43798389183017633  0.44838978402362201
  0.45877864819052916  0.46916172043410653  0.47959420834390232  0.49007345257664303
  0.50061943671778220  0.51119419172164382  0.52173454254816043  0.53222035275264457
  0.54267726955739903  0.55319742640201930  0.56378904801702645  0.57445392968523923
  0.58501469542578843  0.59547547007642021  0.60594391420613103  0.61653331482664120
  0.62726404986936879  0.63798133695123760  0.64869955870124130  0.65934365102343240
  0.66995972013469995  0.68062002390957321  0.69139974199890075  0.70231174654031037
  0.71324995272827674  0.72418789658083560  0.73519279794863135  0.74629152048868197
  0.75748985618610898  0.76871522318210894  0.77983758421639560  0.79095456586617219
  0.80210864224237888  0.81346907094477949  0.82491634499432187  0.83638183658518761
  0.84780637475901199  0.85926182585026456  0.87080662417843879  0.88261622921923866
  0.89465389065066570  0.90690634784618240  0.91934138353344974  0.93207962751668028
  0.94535291246671471  0.95977611115215211  0.97755476373978978  1.00000000000000000
 -0.00248248264858772  0.00989772403872297  0.02017613368933796  0.03056551375006732
  0.04105705866370820  0.05148124792870052  0.06196641453725522  0.07246457301450816
  0.08300963880409151  0.09350380558428791  0.10386733278917025  0.11427605985904336
  0.12472568230163850  0.13514892442968521  0.14563910427335144  0.15622761122402506
  0.16686485119179031  0.17741107183994245  0.18781221313671670  0.19841025587914313
  0.20898806088157787  0.21954131701028193  0.22995541091290220  0.24045819526104370
  0.25096652075702847  0.26139088377779257  0.27197813356688411  0.28267430362587481
  0.29346008641444360  0.30411854811868388  0.31464882625946505  0.32507343952654832
  0.33545858024097819  0.34587397668631459  0.35634260169637277  0.36678325242800103
  0.37719750692417192  0.38769675284749883  0.39828138248522704  0.40901789102206165
  0.41965030387386837  0.43034994828499351  0.44108723611485068  0.45185525391363912
  0.46260391761885539  0.47329491790175848  0.48391419297441557  0.49436927050242302
  0.50480495242374146  0.51529863860869041  0.52599051587720624  0.53675804111134517
  0.54746017941658831  0.55814344423076478  0.56876540686857524  0.57941336608468086
  0.58991149742935733  0.60040599627934710  0.61092655275717511  0.62143287953953863
  0.63193315715574405  0.64244565623295891  0.65315420002016855  0.66383167012937727
  0.67449592469264807  0.68482027205974438  0.69518808618784289  0.70564132683166192
  0.71628083743665372  0.72707655173801089  0.73761216366530624  0.74817473525144940
  0.75858091309347020  0.76907795456167483  0.77949284773604177  0.78992305619159053
  0.80026122627225182  0.81056280272071668  0.82081388357181440  0.83112479817814688
  0.84156882368539243  0.85212783550425986  0.86282473946405802  0.87332801266460680
  0.88387695163255997  0.89429942769958726  0.90480486695879081  0.91522586631656300
  0.92573865456258697  0.93613261932701530  0.94676488639058121  0.95734971939041702
  0.96801537442364982  0.97862213946357379  0.98929612664299815  1.00000000000000000
 -0.00239238300870652  0.00962046328434999  0.01977851112225529  0.03020762555454476
  0.04067322153291188  0.05128331853476781  0.06192812407414049  0.07249148730682764
  0.08296417678852083  0.09338319212175948  0.10372323142518856  0.11410442264188822
  0.12455373797100419  0.13506214816778808  0.14541995390178478  0.15578867492202733
  0.16626184010790149  0.17705126378004848  0.18787050761475324  0.19862399355188473
  0.20927388310244791  0.21983316591531571  0.23036871800764508  0.24084007819350192
  0.25138884873085737  0.26200402210312396  0.27256927081197990  0.28306768946328575
  0.29357547050098787  0.30416631651065806  0.31479885758517839  0.32536702184559996
  0.33592220936569783  0.34645107572161704  0.35698284836949573  0.36756397123538975
  0.37821185259488577  0.38889915646150480  0.39941876028407242  0.40971579908717287
  0.41988349310199113  0.43008113795971237  0.44060276457256808  0.45127063019746638
  0.46191551116149521  0.47239570730427943  0.48287401052997503  0.49343766251699894
  0.50396881374593838  0.51454753349245064  0.52514935922245642  0.53573375140649959
  0.54630492749131410  0.55682178024254325  0.56734101077743515  0.57781262522008603
  0.58835161832786564  0.59904762861888994  0.60974796309927914  0.62053722714835657
  0.63131908485663235  0.64222559649513478  0.65296832853985698  0.66372913220413088
  0.67434197989744593  0.68508281178297703  0.69572717796870598  0.70630279589353751
  0.71684851840033470  0.72742078930242127  0.73809617393329241  0.74864348818100268
  0.75919746050546522  0.76967185702639140  0.78018600623688461  0.79077746519453884
  0.80133599034836367  0.81185899384568383  0.82219472587576292  0.83256900213275009
  0.84298384591479736  0.85348371332680195  0.86392989640048656  0.87424247068818128
  0.88463189836770117  0.89509438529471042  0.90561667393270751  0.91607330604628345
  0.92659020962955396  0.93716588945471058  0.94768609251692648  0.95826582116313586
  0.96883930677285501  0.97934651378107551  0.98966930603331305  1.00000000000000000
 -0.00236257248357386  0.01013761577726093  0.02043739490544366  0.03104700316032511
  0.04152977493129708  0.05211511646417630  0.06264008089296974  0.07325533045235987
  0.08368972146951360  0.09411090532720554  0.10439213929262670  0.11470786114017428
  0.12489056551968786  0.13519653301934334  0.14559893710238891  0.15633606980055961
  0.16720465428599995  0.17809509935440546  0.18882138357661585  0.19964574116788147
  0.21027594103466640  0.22086124821624997  0.23140478674880763  0.24189254866778037
  0.25235166267723147  0.26270409984770360  0.27313713107222781  0.28349837784695792
  0.29383144332807581  0.30419096866717071  0.31463327673497682  0.32518431975685780
  0.33591553304497607  0.34680426827993738  0.35759716893001842  0.36840240146210168
  0.37904819374768711  0.38976721417084959  0.40029840214858931  0.41064877589413745
  0.42098755548602090  0.43127905208613038  0.44153996609253560  0.45170611303921498
  0.46206493492506590  0.47274154877194136  0.48359139739926948  0.49443949674706678
  0.50511494317840766  0.51582339920220421  0.52643608208669235  0.53715560845959420
  0.54758736817373543  0.55800052955675528  0.56838252798599476  0.57889025235076363
  0.58942259007783082  0.59987620229516458  0.61040850585070527  0.62092235262364337
  0.63145939447701693  0.64202332524599026  0.65242670831528715  0.66287259104774909
  0.67337548091045385  0.68412549500146402  0.69481258736152129  0.70537180146291367
  0.71583351297108033  0.72639187792512072  0.73701821111426868  0.74766970536947341
  0.75826401089030404  0.76894818693953948  0.77956946497481006  0.79011378554695266
  0.80041023406820533  0.81070937073598215  0.82098521726917040  0.83132721856193037
  0.84160019392206598  0.85208004872147369  0.86258897588622241  0.87322976594528345
  0.88383712046380725  0.89442333567197141  0.90493777000836639  0.91545110782193517
  0.92603078782376402  0.93672415774319528  0.94726499742395520  0.95784340028632187
  0.96840766991138050  0.97904624074341218  0.98952753696686846  1.00000000000000000
 -0.00254387444825567  0.00950713493969232  0.01981344461910805  0.03025076019937994
  0.04075176699333945  0.05126667661260950  0.06194849270796859  0.07259723242197133
  0.08315738330936523  0.09375045171669950  0.10435122051622078  0.11507120900536445
  0.12579955008462829  0.13652306496644914  0.14722046221651675  0.15779416894354989
  0.16831560385972585  0.17883826814107359  0.18940123613422385  0.19985598729722917
  0.21028829526213449  0.22067408021307292  0.23097243284952762  0.24127991344220448
  0.25170736336939026  0.26241455880027087  0.27314947580563043  0.28373398787169973
  0.29424882022054583  0.30467552664674019  0.31518908021066594  0.32562913116018433
  0.33610344317048113  0.34670877080880469  0.35731393571062242  0.36792008736494630
  0.37837222884900723  0.38890963976424026  0.39930671994120820  0.40966344639872548
  0.42003010918508804  0.43055625217294868  0.44110552008688042  0.45157211458462831
  0.46197211620948186  0.47237434589921445  0.48278916266899641  0.49322207145044905
  0.50367889580186498  0.51421620598401829  0.52480681578153887  0.53537809965805272
  0.54587940196609330  0.55636701694882640  0.56690217609859261  0.57746242667146785
  0.58805617943507293  0.59854574630370505  0.60896387661818452  0.61933278188738072
  0.62980562406859175  0.64041383043723044  0.65097143393191415  0.66137674900534338
  0.67172322775633719  0.68211985100362116  0.69250883275291375  0.70296923336689199
  0.71349192795408090  0.72410890757228652  0.73472704581993797  0.74531349764729915
  0.75591328929254131  0.76657904613396466  0.77722298646255261  0.78777059882675271
  0.79820409740290832  0.80864613873753155  0.81921988023061587  0.82990813062249391
  0.84065394350411882  0.85126599359495592  0.86179092200278606  0.87230341082159146
  0.88293432309827435  0.89360366373192057  0.90423511194758954  0.91489324968217478
  0.92548567672496151  0.93610343451715350  0.94683173773473883  0.95761405737660965
  0.96822720441993337  0.97877091751928935  0.98931653167029898  1.00000000000000000
   4.3033758901867879E-007  -1.0000000000000000     
 T T F F F F T T
