  0.00000000006188492  0.00000000008867776  0.00000000011759765  0.00000000015180622
  0.00000000019363362  0.00000000024548152  0.00000000031033576  0.00000000039104063
  0.00000000049174948  0.00000000061729822  0.00000000077411406  0.00000000097495873
  0.00000000122745558  0.00000000154359501  0.00000000194032871  0.00000000243738167
  0.00000000305897903  0.00000000383487886  0.00000000481393922  0.00000000605976213
  0.00000000761260095  0.00000000955010557  0.00000001198991412  0.00000001504117791
  0.00000001890896081  0.00000002374830694  0.00000002987886363  0.00000003756858445
  0.00000004717925024  0.00000005926041272  0.00000007433553464  0.00000009319861852
  0.00000011686432381  0.00000014685835221  0.00000018490040670  0.00000023302434717
  0.00000029326835336  0.00000036883908952  0.00000046354359592  0.00000058256391715
  0.00000073172274875  0.00000091792937024  0.00000115118634364  0.00000144434416539
  0.00000181111256272  0.00000227192521592  0.00000285079836399  0.00000357896260605
  0.00000449669994946  0.00000564807018782  0.00000710377402227  0.00000894753397472
  0.00001128020360496  0.00001423320766740  0.00001794098131816  0.00002257273706429
  0.00002836997423677  0.00003561438018476  0.00004473699275502  0.00005628004994845
  0.00007074815491430  0.00008877687914660  0.00011141588061193  0.00013997884496679
  0.00017600038576848  0.00022104592253504  0.00027757299560364  0.00034928118445276
  0.00043975394900167  0.00055316302099057  0.00069492632920526  0.00087183957998350
  0.00109417311028741  0.00137453321126094  0.00173020216862108  0.00218307824900417
  0.00275620491742585  0.00347726273496922  0.00438273266704413  0.00552013833365644
  0.00695247143679859  0.00876046039426257  0.01105279210442378  0.01397622419561875
  0.01771829216545245  0.02253222538809841  0.02876401350119991  0.03687055106731552
  0.04745741741962840  0.06150276945342932  0.08067300043325855  0.10788998234075525
  0.14865871788628024  0.21630002644569246  0.37475226567861170  1.00000000000000000
 -0.00241266827808073  0.00938018758496263  0.01958299967298813  0.03022666652988477
  0.04084733624674716  0.05135340897977139  0.06181660548468517  0.07224148098185355
  0.08272784455989970  0.09317510429265552  0.10362011287019320  0.11396120905469492
  0.12428502712164935  0.13469813040626039  0.14515207126289695  0.15566714033766910
  0.16618315494094318  0.17669779306867314  0.18720805717551586  0.19762657224695077
  0.20817785667655347  0.21882337855696135  0.22955523493961316  0.24023119858571004
  0.25094034303736706  0.26164050357283664  0.27229196403979644  0.28284200794659498
  0.29340305205349204  0.30395424804638332  0.31449378934713007  0.32494448050112662
  0.33541958146587925  0.34588679021711416  0.35634362904872718  0.36669605290518748
  0.37715122625728015  0.38771099965535827  0.39829044301888006  0.40878030779568492
  0.41929228574791522  0.42985588093437177  0.44037439163431191  0.45084582605413326
  0.46144063382752198  0.47199966518538128  0.48263599293797338  0.49311212549634226
  0.50367393652388304  0.51409571616530114  0.52455085848967464  0.53504061747382958
  0.54558651778073686  0.55621613002649950  0.56674731064240125  0.57730895295988349
  0.58782217757765498  0.59836487460660515  0.60889268144974884  0.61943928381856628
  0.63003299467130680  0.64055365177996904  0.65104613748583851  0.66163850439351524
  0.67238309482006997  0.68310815292325855  0.69368370926161804  0.70426777734355073
  0.71481306322906224  0.72549602048678097  0.73609863802007702  0.74672914665483514
  0.75726698803406323  0.76779519613381297  0.77830208879148155  0.78891116134348727
  0.79954861192157700  0.81023310838275253  0.82087739075479937  0.83147243690056760
  0.84208860640116823  0.85269509042028913  0.86330831630715021  0.87392821750635763
  0.88443200767647911  0.89489101791677905  0.90542922654989610  0.91599107827133452
  0.92658848569660079  0.93709460073925777  0.94766406459194374  0.95816154229927686
  0.96867065981341893  0.97908439928887814  0.98957063477118989  1.00000000000000000
 -0.00242425300332393  0.00961282023074590  0.01971236022352295  0.03034504482265115
  0.04086450710835610  0.05171553011622919  0.06244972884157710  0.07322714278855710
  0.08391121120078773  0.09449409649526101  0.10505990455584521  0.11554035367602272
  0.12599609534019410  0.13653662927657781  0.14707342926985695  0.15780485879135253
  0.16848210381175460  0.17905213137511736  0.18961771338626271  0.20011198821023271
  0.21064368080572884  0.22117100268667450  0.23165541991918620  0.24214286791407563
  0.25258699680751590  0.26310977143074260  0.27364420484291435  0.28417527596130665
  0.29467435074186271  0.30522385484845327  0.31574012975017579  0.32634860673113031
  0.33692083638764320  0.34758838603283160  0.35814984536317429  0.36866256530026514
  0.37908253564096794  0.38955824009761408  0.40008077784503743  0.41062055170777201
  0.42118890008036980  0.43176584499508386  0.44225628791554100  0.45260431204764123
  0.46294520413672458  0.47337523851684649  0.48391992834472813  0.49446736642254008
  0.50499469115942552  0.51548224700096512  0.52594630123689590  0.53636001035871783
  0.54679436611950316  0.55731559277450049  0.56799973249846092  0.57867769459384977
  0.58932185959111061  0.59985424605743154  0.61039897178968783  0.62093031815321775
  0.63145113980004508  0.64194333346611221  0.65244403595414779  0.66290716803144456
  0.67338230235752106  0.68384380408296808  0.69439664512794974  0.70493909598453752
  0.71548938523545358  0.72601633208847394  0.73659541914236037  0.74714558087070582
  0.75769499591288902  0.76827369995273209  0.77885166375338144  0.78932453434574057
  0.79979431536703305  0.81026072428008811  0.82084549131167084  0.83146087544953995
  0.84207090229297921  0.85270621861497176  0.86324243194533112  0.87378728994124577
  0.88430156244403668  0.89476808381703798  0.90520887752157653  0.91565356506723361
  0.92616448724581235  0.93684573893621947  0.94750059738085912  0.95807173658825251
  0.96855393748989060  0.97894792322143864  0.98947191890025299  1.00000000000000000
 -0.00239624207897296  0.00931371615996643  0.01932898087806191  0.02983965663798742
  0.04036315207956355  0.05086117994506661  0.06129445391568554  0.07182257658765111
  0.08239179903881286  0.09308031441907227  0.10378076777373740  0.11443764609142779
  0.12509954636083209  0.13566282022413031  0.14616858994327742  0.15661745410251654
  0.16708765112817783  0.17757446913089792  0.18804285940756685  0.19852664162523947
  0.20909321508094542  0.21956283351837211  0.23008913189527880  0.24060589812294381
  0.25117886492706493  0.26167984210492601  0.27229313045616399  0.28291932913843165
  0.29359521358014934  0.30407241177073496  0.31453702543788536  0.32489675615584884
  0.33537650566334826  0.34587306617617425  0.35640935371111410  0.36685277310260278
  0.37736538679656284  0.38803256536144515  0.39865291880721526  0.40917734862202126
  0.41967348712105418  0.43021488989510370  0.44070735781644194  0.45119025785536981
  0.46167581143167002  0.47229655993366487  0.48283037822438285  0.49343116798369285
  0.50392455478419340  0.51448506841235520  0.52493689897294860  0.53536132063111475
  0.54581143940721621  0.55628615039883533  0.56691867739430724  0.57754271324062945
  0.58815937038116206  0.59881005247193453  0.60950064839478224  0.62030102768173001
  0.63097145051522796  0.64156072203928527  0.65212019240386776  0.66271651675281429
  0.67322445267100928  0.68371326294700185  0.69419660011734363  0.70474950307834916
  0.71541838414464320  0.72607429279957147  0.73663099471317861  0.74709392771564209
  0.75759714056137051  0.76813024940206787  0.77855687687202935  0.78895042187529030
  0.79942104531138969  0.80985200853436912  0.82036753391967898  0.83088150930044868
  0.84138995025023866  0.85191888456082865  0.86244695490235057  0.87307902532092663
  0.88370358477062128  0.89436886856073483  0.90505182720455268  0.91562094703131280
  0.92608832779038364  0.93656362277326632  0.94707228668158072  0.95770605782258167
  0.96830327752601120  0.97892469516320091  0.98946640442765010  1.00000000000000000
 -0.00233202174552666  0.00931536827419191  0.01937157687338471  0.02992436413241231
  0.04052618959080231  0.05106829548793838  0.06158543594601493  0.07214608357190305
  0.08268333711258721  0.09315244582770524  0.10359722331511660  0.11411265510046374
  0.12458928455746916  0.13501648369816321  0.14542187779163371  0.15586593325846579
  0.16639986178587587  0.17699574855182162  0.18753275137844044  0.19804104967326810
  0.20857407450603632  0.21918834434537993  0.22975165377131396  0.24023498620328870
  0.25072282246542943  0.26122321609463967  0.27173925517548958  0.28228313553568424
  0.29274201765523672  0.30328309264424430  0.31379327155906045  0.32443319733629877
  0.33503218610603347  0.34563558863504906  0.35623891924493806  0.36673747851309968
  0.37728501009711590  0.38783513129010683  0.39850394896393426  0.40918596491234088
  0.41984373444075990  0.43049692543650825  0.44107861246259045  0.45166175034218925
  0.46216053690120218  0.47277233796637502  0.48337152983214732  0.49398641159118967
  0.50452790774625600  0.51504977985233824  0.52570391712234543  0.53628500515421429
  0.54678380000982485  0.55723739861725974  0.56773272263262198  0.57834307978797017
  0.58891708897916162  0.59953385073030763  0.61015144374730224  0.62075479186986671
  0.63126645259512060  0.64182526136871898  0.65241183739824227  0.66303323097160760
  0.67363843241192878  0.68423913808818615  0.69480230922957398  0.70533962581554877
  0.71581189838520465  0.72637075283233909  0.73686235374730924  0.74741377993865799
  0.75788174436994626  0.76842794887412125  0.77890507315974988  0.78941214356508915
  0.79982751855743461  0.81028099581254642  0.82079786763026652  0.83128181426514991
  0.84172955820107165  0.85217879150998121  0.86271656009172626  0.87332883998979816
  0.88393200992385501  0.89454571586684117  0.90515862901256250  0.91558940621805396
  0.92607600060128614  0.93652932188568860  0.94710631308530180  0.95764669463047902
  0.96819966336534813  0.97873205215250458  0.98934136788310600  1.00000000000000000
   1.0863725322914630E-005  -1.0000000000000000     
 T T F T T F T T
