 -0.00159465586284685  0.00581884426475540  0.01271368749430510  0.01951144188489857
  0.02663515820492264  0.03415079313019930  0.04201047540782681  0.05017190763800190
  0.05851502601880162  0.06699781578582098  0.07565903795974119  0.08450002527806662
  0.09354129648892909  0.10269646221015771  0.11192068325691987  0.12124587844036000
  0.13067990464295778  0.14020213911211379  0.14975427099357941  0.15931115333268345
  0.16889630468653233  0.17851849464380892  0.18819590940685715  0.19794702329973438
  0.20776111274336881  0.21763936754763319  0.22757068106443218  0.23753887067609866
  0.24752202502391146  0.25751728733237295  0.26753666262504672  0.27758871732744567
  0.28769252530121370  0.29783327165563261  0.30800502199300311  0.31816592990711534
  0.32834161791800048  0.33852747318247073  0.34871163561231661  0.35892496609771019
  0.36916601444206010  0.37947436368490250  0.38983049594948754  0.40020122170927341
  0.41056827113510830  0.42095884623039659  0.43135387987454216  0.44179462942382475
  0.45225652269653110  0.46281478067546411  0.47342177210265773  0.48403283740607350
  0.49461049140792634  0.50515947919917725  0.51570015200104591  0.52626291663528413
  0.53683829890679069  0.54742008024297995  0.55798314960515638  0.56857507188706491
  0.57923239082220135  0.58994894041293566  0.60067543824412017  0.61137326434667683
  0.62204646993693558  0.63274870362706437  0.64350765663082887  0.65428081177054975
  0.66502721787808805  0.67575859474901323  0.68652334942337279  0.69736854707168305
  0.70828738896082344  0.71926945406101406  0.73027263415973198  0.74126243709343786
  0.75227200861575649  0.76335924205060923  0.77454362232228491  0.78577441979524287
  0.79701808860676238  0.80830359181556344  0.81966954288270499  0.83113013428727411
  0.84266197322034986  0.85427903890782275  0.86603789459397751  0.87797360601940555
  0.89007222769141192  0.90237602293336083  0.91503083820799225  0.92814904124970887
  0.94186477816983516  0.95664353970465565  0.97524238269413854  1.00000000000000000
 -0.00237340361109586  0.00937733040310134  0.01948889157946733  0.03001469654231233
  0.04062413222283559  0.05127450835578370  0.06198960837439701  0.07260160149004448
  0.08324468755135414  0.09379600695297963  0.10436653688918246  0.11479557083942979
  0.12529781420255562  0.13573371723482208  0.14619280854786998  0.15669920240484683
  0.16720372403282846  0.17768469175799836  0.18820002906491268  0.19875842863338208
  0.20939885873192149  0.21992644365127553  0.23052891004893439  0.24105908203805365
  0.25160068217358783  0.26212996795217486  0.27273841254863002  0.28334718287775523
  0.29393731222055258  0.30456340434834173  0.31505786675660058  0.32552470774714498
  0.33596004597498774  0.34652783178936103  0.35709336091726412  0.36763981895188907
  0.37815566280626312  0.38867337810396352  0.39920590709049925  0.40982210692008725
  0.42051080263024404  0.43115624338504244  0.44172515088079439  0.45219111468585887
  0.46268319318599266  0.47319101950878656  0.48376939459234064  0.49438036014032610
  0.50500830955781884  0.51563260237812714  0.52627749046275230  0.53692158903287768
  0.54750542085323195  0.55801469214834820  0.56849225648525359  0.57904177383106947
  0.58963742268609831  0.60027695242499890  0.61090429703540117  0.62154837894651505
  0.63214962604252900  0.64276638278315446  0.65333775427484631  0.66390293790821797
  0.67442421775554418  0.68479665016194580  0.69525984602829494  0.70576070116278411
  0.71627678238378656  0.72669327568642850  0.73715421356237698  0.74769533172628355
  0.75827121611589987  0.76880706266571341  0.77941703523707695  0.79000215070490254
  0.80054994243554245  0.81113698902766551  0.82175217793276056  0.83229050022876327
  0.84269575056283319  0.85310276174425081  0.86358938830917309  0.87400215448149043
  0.88440863311941098  0.89476939930279209  0.90528315353701250  0.91587899512562165
  0.92651156757162823  0.93712635311300418  0.94777269226083771  0.95828994259766287
  0.96879605512703715  0.97910050203711996  0.98955981324467601  1.00000000000000000
 -0.00245248588054663  0.00950710224401537  0.01954546907818106  0.03006344401435655
  0.04062682972313077  0.05116288237856963  0.06171497164065515  0.07224637216807096
  0.08279001808132530  0.09321577981972980  0.10363775153309457  0.11413929200862159
  0.12474263913491851  0.13546208152532671  0.14608875825614140  0.15670614070949751
  0.16723957053056962  0.17777226349522060  0.18830644902919774  0.19885955578829537
  0.20939499573833012  0.21993312139465698  0.23041612234807368  0.24100157264087588
  0.25151739822079155  0.26201178277174086  0.27254929019611496  0.28318923984538197
  0.29388265600573971  0.30444505002937772  0.31502488752573998  0.32556238291602224
  0.33616658098346014  0.34675658848624941  0.35729398276400143  0.36785297174369408
  0.37835102754225197  0.38902873199831367  0.39952685183650855  0.40995457617097053
  0.42037312189428627  0.43086303781589752  0.44149024690310051  0.45211950432179160
  0.46273719217782322  0.47315690930871895  0.48360530288957743  0.49420403131725055
  0.50485933452671783  0.51542963561039934  0.52594220636497147  0.53640999112708510
  0.54689103598600153  0.55731007094151963  0.56777340818210642  0.57822019822874204
  0.58874173243213224  0.59932442229923832  0.60986189019752790  0.62030276662162420
  0.63081533743904350  0.64134847349654533  0.65190592358115296  0.66245954413103636
  0.67305679508388350  0.68365571663844460  0.69415108817804871  0.70455194020819945
  0.71504324769708516  0.72552205380684143  0.73604376613997569  0.74648099392050993
  0.75701442896683691  0.76755444804802397  0.77799843517684808  0.78842652951825787
  0.79891917565590509  0.80952214377028309  0.82011144186442853  0.83067625884447172
  0.84121157330227725  0.85173738582404390  0.86232363282420255  0.87293927656556602
  0.88356659393146064  0.89414778356091429  0.90463156551041357  0.91520405362483470
  0.92569868918008258  0.93638222159892592  0.94699394713014384  0.95762312552195050
  0.96813863370418507  0.97875830367471695  0.98937234608078095  1.00000000000000000
 -0.00227323605002614  0.00919198108635472  0.01916643378249243  0.02962834454563864
  0.04005440641510890  0.05052497377999637  0.06095959165540390  0.07141533212368861
  0.08193974078918601  0.09242269431586841  0.10298491437872873  0.11355864008975734
  0.12410922808401012  0.13458258104782828  0.14505731362684487  0.15558261580328683
  0.16614608399544914  0.17668427189917862  0.18729044983179011  0.19790704349738922
  0.20852107326966202  0.21901030028283489  0.22944893969896854  0.23985154682934168
  0.25037015290668174  0.26087911273482789  0.27145387814356264  0.28212226711280569
  0.29278952205994585  0.30341483310006773  0.31396538992072909  0.32456533152191330
  0.33510384172963825  0.34557795156061966  0.35605622198252673  0.36670748080816190
  0.37734933465369452  0.38799753813572940  0.39857403598455432  0.40919201000925648
  0.41970635896658198  0.43019136751349341  0.44066715780434990  0.45118486182069673
  0.46181174636694711  0.47246462838562142  0.48315718868020230  0.49380524336537368
  0.50449212120452303  0.51518414594634354  0.52582669406758165  0.53650961090309113
  0.54709600920604551  0.55765247262451600  0.56804170632136930  0.57852360098349875
  0.58904459196489389  0.59964622127792466  0.61013629173610595  0.62052775360457413
  0.63090416978307862  0.64136914444674131  0.65182566126351826  0.66230197210060526
  0.67274277087732115  0.68319469817836376  0.69368746680403470  0.70425465789280639
  0.71481759181308413  0.72537238615149857  0.73591830927510926  0.74644104234717334
  0.75699650266245122  0.76754254516890430  0.77810252224610776  0.78871440817361893
  0.79926809457929338  0.80989468362031580  0.82049041468065409  0.83114823107959157
  0.84184902957138197  0.85254902998978332  0.86327387863619376  0.87397990323153285
  0.88452161786473538  0.89502797567112657  0.90552698901812423  0.91607013837277096
  0.92646323531816965  0.93692076704415406  0.94742019233372665  0.95798826393951864
  0.96846583433379618  0.97896161548011373  0.98947226250806275  1.00000000000000000
 -0.00240580255234959  0.00926807627524032  0.01943931234033778  0.03007664818027645
  0.04067968631132461  0.05127835424057543  0.06188314245156149  0.07242970648174842
  0.08287986309709199  0.09348017757589644  0.10408400869200957  0.11477228101170803
  0.12532438245292776  0.13582354244254102  0.14632016987340007  0.15681427752492863
  0.16737503125547704  0.17794085646312743  0.18848056994401741  0.19893351276881380
  0.20932526081443559  0.21985152035974842  0.23036758611016411  0.24103478839014861
  0.25155164660470142  0.26213262148665312  0.27255724185203983  0.28298400061847623
  0.29340181656674347  0.30390738555196012  0.31444242650816179  0.32504926623497887
  0.33567552771747844  0.34632955515478886  0.35691565232162670  0.36747347311108575
  0.37805129298160689  0.38861533439122342  0.39918656136095571  0.40971303559222605
  0.42029150311886426  0.43088507230426937  0.44154572751776833  0.45215713663397028
  0.46276522786248786  0.47328624470049363  0.48386716728770313  0.49444539336487642
  0.50509041217220596  0.51563622252276708  0.52624843068999860  0.53687776932905573
  0.54744124852621545  0.55790745842650979  0.56837350920762042  0.57882022149050694
  0.58921883888580384  0.59961567251104508  0.60997506375450627  0.62043426750435593
  0.63097555697317098  0.64168134696507062  0.65223147582481111  0.66269429579926065
  0.67318264108967818  0.68379739945125251  0.69441322608829870  0.70493062203308532
  0.71544856337401952  0.72588161960829989  0.73638990039905794  0.74686827739549200
  0.75740310872357552  0.76788784739690197  0.77842901284564125  0.78898473123935886
  0.79953258332157084  0.81006018607874031  0.82071128401994531  0.83134147128904490
  0.84206506285250993  0.85269472609736829  0.86328806486972887  0.87381776305394010
  0.88424477543554780  0.89477365669269016  0.90522548337507991  0.91581165981963675
  0.92638264677584192  0.93689873571925342  0.94742888902518241  0.95795022050205603
  0.96843211185661471  0.97887803113221894  0.98940369187457700  1.00000000000000000
   9.0086984773029213E-007  -1.0000000000000000     
 T T F F F F T T
