 -0.00157803504038979  0.00588715643385968  0.01278088557669204  0.01947868044284305
  0.02651526490638156  0.03391744444483481  0.04166759525988255  0.04972895828364104
  0.05802651999065801  0.06655249606876310  0.07524420167952682  0.08407208872353507
  0.09307255823253084  0.10223832416277506  0.11152804853821513  0.12087065322489138
  0.13025839906000750  0.13971686548982609  0.14925859964437035  0.15886796234057918
  0.16853559532101323  0.17825649140246380  0.18803318223299281  0.19786820332557578
  0.20772908974450063  0.21759697510622214  0.22745021847277025  0.23732765467706582
  0.24728453816910193  0.25731459004013618  0.26736817173691574  0.27742367442934607
  0.28751224446597340  0.29762442712848380  0.30777532475029407  0.31792536777079061
  0.32807061381555480  0.33824952647720730  0.34851137962064432  0.35887573488422714
  0.36926940787762103  0.37964908497088568  0.39000313909887480  0.40034517965847577
  0.41069365887163306  0.42102599149624870  0.43133401787678871  0.44166023304844554
  0.45207818331664118  0.46256945537866367  0.47305880941486828  0.48352888634205599
  0.49402375208357946  0.50461647286027356  0.51528822187158529  0.52598261121580403
  0.53666417997485905  0.54732165221226836  0.55799080222346642  0.56864273886547967
  0.57926709658606723  0.58988641059249236  0.60053932911211461  0.61125043307282456
  0.62200881105702877  0.63277516950577606  0.64354596203692627  0.65432995125846272
  0.66510942587943300  0.67589892853257205  0.68673599394594320  0.69765505023483287
  0.70862713901293484  0.71959896777062704  0.73059326967575977  0.74162584517121177
  0.75270663422184625  0.76383860445555751  0.77505799970543221  0.78633755945975747
  0.79765423036143734  0.80898619022056628  0.82038871070776176  0.83188479779357982
  0.84348642824349107  0.85519093136050284  0.86697042813989800  0.87887256481838327
  0.89092767103859116  0.90324410419828172  0.91589301261077138  0.92890613826927459
  0.94247637251695104  0.95710246993545678  0.97558254043466353  1.00000000000000000
 -0.00217409173282795  0.00923421422985688  0.01920082542618099  0.02960489886686886
  0.04000791871517542  0.05052014873990619  0.06097690958627918  0.07144739377015583
  0.08194777412397757  0.09246854008868825  0.10300708060268735  0.11332636263555984
  0.12368384683059756  0.13406033913446755  0.14445779604968048  0.15502314211706361
  0.16550606386323860  0.17622212201113288  0.18683814225674247  0.19754119567315470
  0.20816613081145061  0.21872048316519166  0.22937278927478635  0.24002444240270149
  0.25057348213725317  0.26107866964079485  0.27149143607060838  0.28200976310439457
  0.29247518955830665  0.30292111353343010  0.31339302345147158  0.32389638114269337
  0.33442245902159595  0.34500754612837170  0.35552802504740372  0.36610518830743033
  0.37661520945323418  0.38718607297883201  0.39774441717790621  0.40836984847386293
  0.41896534583095035  0.42953438921435272  0.44007009042825224  0.45066479384323332
  0.46129907903800488  0.47188477688207398  0.48251938745687911  0.49312482860817758
  0.50377926666032524  0.51444106313524163  0.52526176404190705  0.53607647500720190
  0.54679209181059218  0.55743882318891247  0.56802883543718985  0.57863994805693830
  0.58909225918173236  0.59962019720546855  0.61016761123572161  0.62071384556716436
  0.63127055608839844  0.64182756935302621  0.65246890347830999  0.66300220813899591
  0.67355519364799865  0.68399738175468405  0.69442239223722135  0.70481445615601335
  0.71529945619406443  0.72583797467171418  0.73643413517335610  0.74705378207961037
  0.75760794771988504  0.76813599363610108  0.77869827624028587  0.78932478032001185
  0.79992616804996786  0.81042790449552704  0.82101096120909567  0.83146834684760351
  0.84199307135266188  0.85257299309675583  0.86324143020306643  0.87388692515764810
  0.88444376376809164  0.89490094262455033  0.90528782201487368  0.91568680810683345
  0.92617277532908326  0.93663729487762160  0.94706649897703010  0.95759585770379163
  0.96823885842548263  0.97883621508682761  0.98942298661533001  1.00000000000000000
 -0.00233809865156728  0.00904094636924026  0.01898412656269944  0.02946774287284713
  0.04008157803127570  0.05075777329941428  0.06134880848293121  0.07191958495965467
  0.08246638196628320  0.09305043122990954  0.10365079009507709  0.11418737879026931
  0.12479428005103770  0.13526323870768386  0.14574740010180953  0.15629910501881630
  0.16690182794403188  0.17757552151339878  0.18813847233884393  0.19881315324591911
  0.20942549109802763  0.22013291505828075  0.23078869583745484  0.24149357349979683
  0.25196836147302348  0.26237227840230054  0.27274137480233840  0.28321495661273116
  0.29377300766206499  0.30433881707315175  0.31485337480034187  0.32535256625291392
  0.33573649409060868  0.34619320943551685  0.35670753812572115  0.36732194062880513
  0.37781825582504763  0.38818280752768486  0.39860706107130733  0.40915221539966345
  0.41969694650199141  0.43024022254629501  0.44086880452152233  0.45157278404712858
  0.46224700108632499  0.47283115063449943  0.48331701714007536  0.49385383936464966
  0.50444310887610866  0.51514045054508439  0.52573443927678221  0.53628147462667597
  0.54681453861450469  0.55738869166216243  0.56801901225845575  0.57858557634346597
  0.58916201911090293  0.59965618334446857  0.61026851365245782  0.62088634593253544
  0.63142555977994408  0.64189496888391817  0.65228306597330266  0.66267342985196920
  0.67308035944116373  0.68345692288158166  0.69383435836733509  0.70420259015991848
  0.71466029115703311  0.72528760393347091  0.73584231015403734  0.74644959757453710
  0.75698408381804994  0.76766810131280327  0.77835306695807349  0.78894802925784524
  0.79953680745790157  0.81006641588163286  0.82074166084739297  0.83140065102735994
  0.84206228609416200  0.85270296018192060  0.86322327594295523  0.87372145412079749
  0.88421212404694727  0.89472226793930054  0.90535989000005357  0.91604012735114693
  0.92660079691985764  0.93707745441923518  0.94745133313752761  0.95809056963885009
  0.96852044941687598  0.97906686030367052  0.98946011267602629  1.00000000000000000
 -0.00233338084439790  0.00929460253904397  0.01939663463038289  0.02987043547106337
  0.04033193965845612  0.05079817858663118  0.06132887479724422  0.07199905145107395
  0.08268364539839343  0.09339139520157203  0.10409766061394082  0.11474031968222601
  0.12536382524891876  0.13590410738574038  0.14649112128681052  0.15704156299667577
  0.16757331815443235  0.17807161896477719  0.18855555716706643  0.19905317726243721
  0.20942983174291036  0.21985318639522555  0.23028802802098783  0.24087573972359003
  0.25144301975401617  0.26205658346975452  0.27255941935272449  0.28313541192476804
  0.29356168519853987  0.30401344728610319  0.31443477061903058  0.32492190505614693
  0.33542330899468858  0.34590677284480503  0.35639629080888180  0.36690863105346655
  0.37741720496219489  0.38801394983165166  0.39872401340110203  0.40949985223752644
  0.42010126728338409  0.43059485696501870  0.44104113178837151  0.45158859798750661
  0.46212501659820060  0.47262103698904756  0.48314926624595134  0.49372396102250493
  0.50430927107597445  0.51492763688853671  0.52562298404524876  0.53620680515973329
  0.54678115361067525  0.55716002819826616  0.56768171656090305  0.57809828052643919
  0.58862756739264310  0.59924478412625681  0.60987510077354057  0.62048938599689663
  0.63103286021491456  0.64152114669327531  0.65209972914801417  0.66270985424201867
  0.67327070501716257  0.68368115020270637  0.69411661597670238  0.70459843374503017
  0.71514187634359616  0.72568212285254896  0.73640304850220872  0.74704956223586927
  0.75764847358257770  0.76822073631613741  0.77887675039660442  0.78944782487562537
  0.79999095794324471  0.81053348392735336  0.82111226142778482  0.83167661898220835
  0.84215544897590577  0.85273218752200941  0.86323786670733849  0.87371716663555288
  0.88411366442323025  0.89455014767255425  0.90507169122941389  0.91559173878695399
  0.92602745020870592  0.93658767306310153  0.94714804054196100  0.95783531948909151
  0.96842228734304914  0.97903477370568537  0.98955564536362661  1.00000000000000000
 -0.00244395653820377  0.00957013570757506  0.01966018907504865  0.03022380735286948
  0.04073938009264791  0.05140075654579274  0.06208245747408532  0.07268307087451625
  0.08333574486102639  0.09385890947033002  0.10438670543775196  0.11482262361464363
  0.12526859445380548  0.13576221851193188  0.14622622848631103  0.15667940826927879
  0.16718418762842796  0.17763201421287964  0.18815897996944403  0.19861689727984352
  0.20907583943190025  0.21945049286767584  0.22978444545564825  0.24033053775340235
  0.25083700714989132  0.26146793797055995  0.27195014203900797  0.28254324673280001
  0.29305824471609554  0.30360407375454701  0.31406612482810820  0.32448790823709972
  0.33492020153680035  0.34535099355617838  0.35588901978939563  0.36645646346014360
  0.37703590820769933  0.38756302481501770  0.39801612159948424  0.40864770900044795
  0.41926262855945817  0.42994551286050481  0.44039422173529380  0.45081233855555353
  0.46117124869856907  0.47164117532746280  0.48209183658641036  0.49259130960683362
  0.50313140640869203  0.51368348913154005  0.52423164445764381  0.53477816423894187
  0.54546722128045744  0.55610970480182742  0.56669365120522674  0.57713915546283923
  0.58756929216170029  0.59799449481017619  0.60851459787579731  0.61904555896414748
  0.62955301300538136  0.64003168079566797  0.65060287256435134  0.66119486339930833
  0.67180362669387494  0.68242052570025313  0.69312086777985116  0.70380567872875843
  0.71446427163779480  0.72508121409101578  0.73565125816209875  0.74619869611430245
  0.75675782148996673  0.76732963729265014  0.77777347544313513  0.78819698647732517
  0.79860713618841528  0.80913470173893054  0.81967319661713645  0.83018394126015527
  0.84067474198255210  0.85114401501969683  0.86168826576717616  0.87218022982166743
  0.88266426270742604  0.89319256112775869  0.90389536835061013  0.91462066365790762
  0.92537921793024214  0.93612702860256380  0.94695933504611318  0.95769663832820917
  0.96830839670324842  0.97881388677802517  0.98939963365183614  1.00000000000000000
   9.5374879263373251E-007  -1.0000000000000000     
 T T T T T T T T
