 -0.00184986706321396  0.00612645123059961  0.01332895055167093  0.02045043748947049
  0.02788333427279630  0.03558387507435314  0.04357673752963905  0.05187661375786780
  0.06040126382437225  0.06916220899116911  0.07812963663698726  0.08723715056227088
  0.09647600280862739  0.10580636593017177  0.11522618525385524  0.12470762775041694
  0.13432117743319405  0.14406096507318303  0.15387307366699390  0.16365723846102240
  0.17348786703097327  0.18334429414367343  0.19324129556919709  0.20308208808616060
  0.21294496690513171  0.22285351237996159  0.23274259602910419  0.24265952861512485
  0.25266145808933399  0.26278872647531476  0.27294976293429057  0.28311699332360674
  0.29326694117389346  0.30337201819884213  0.31350302833321742  0.32370008849800558
  0.33401677008850672  0.34440404689627208  0.35472829156126162  0.36496920117507325
  0.37520397479472606  0.38558122778377840  0.39605929912193061  0.40652162934222991
  0.41698232965728266  0.42748668151452696  0.43799521654448359  0.44840095450697937
  0.45878966275339911  0.46917261073804251  0.47960500593302763  0.49008414582194992
  0.50063004720487969  0.51120465829493422  0.52174485782520719  0.53223049273085632
  0.54268721243393547  0.55320722929990040  0.56379875357133391  0.57446351676208629
  0.58502410522392090  0.59548473198868468  0.60595308830565975  0.61654237264505041
  0.62727289263853769  0.63798995596177210  0.64870797813412950  0.65935186445824212
  0.66996779429806852  0.68062793193092908  0.69140755071769044  0.70231939997529680
  0.71325738633859626  0.72419506729539884  0.73519968158512039  0.74629817125825315
  0.75749628394676438  0.76872140837655778  0.77984356438343738  0.79096032618735213
  0.80211417967677812  0.81347434119102247  0.82492132018714304  0.83638651273668152
  0.84781075041662501  0.85926592152371961  0.87081049989255799  0.88261986015157401
  0.89465723452304036  0.90690943838972093  0.91934422083993039  0.93208217422833706
  0.94535507329060375  0.95977779099778537  0.97755578203009286  1.00000000000000000
 -0.00248249499320321  0.00989769908098338  0.02017614838624551  0.03056555983819930
  0.04105714366833486  0.05148137670826650  0.06196661956905015  0.07246481455072407
  0.08301007870153893  0.09350442374319969  0.10386814786243291  0.11427684010954617
  0.12472641709884538  0.13514958953691614  0.14563973071024552  0.15622822771234507
  0.16686543654641420  0.17741155377720000  0.18781259603310785  0.19841055306468305
  0.20898831575983146  0.21954153653983571  0.22995560620654112  0.24045837928863883
  0.25096664664885115  0.26139094176468847  0.27197812191108167  0.28267430460661153
  0.29346010743726020  0.30411862517652039  0.31464888345520625  0.32507342343331874
  0.33545847541180696  0.34587384006919353  0.35634243356963713  0.36678305838231628
  0.37719726153797645  0.38769650820108825  0.39828110352048857  0.40901759147901001
  0.41964993003602147  0.43034947224778969  0.44108663606914122  0.45185463191005143
  0.46260330539854344  0.47329429679346280  0.48391352932525189  0.49436856836708920
  0.50480425227343606  0.51529795382532195  0.52598983456116533  0.53675736461589196
  0.54745950240163932  0.55814276577684163  0.56876471506379933  0.57941261702697910
  0.58991076225779848  0.60040530877090936  0.61092589226242699  0.62143222558832745
  0.63193254193123705  0.64244514707263956  0.65315375975255563  0.66383124318904452
  0.67449546250219783  0.68481975232882297  0.69518752219439883  0.70564071639756853
  0.71628016248437287  0.72707578020960506  0.73761140518371637  0.74817400033980186
  0.75858025177989474  0.76907738632796707  0.77949238071195637  0.78992268276318323
  0.80026084717175938  0.81056239078790371  0.82081347180112363  0.83112438490807616
  0.84156844704699418  0.85212748844107922  0.86282443161146360  0.87332773839181688
  0.88387660888103470  0.89429906930145486  0.90480451559833519  0.91522557648273628
  0.92573846902767509  0.93613256514005105  0.94676491056414269  0.95734975631030039
  0.96801536154383017  0.97862205377750167  0.98929604785501446  1.00000000000000000
 -0.00239242248250666  0.00962057761799646  0.01977881064535506  0.03020795918324926
  0.04067357629577027  0.05128348300744844  0.06192806873327509  0.07249138216910173
  0.08296409381153841  0.09338320444199273  0.10372331507587633  0.11410458426136590
  0.12455393581764514  0.13506230489983775  0.14542000989095347  0.15578869161089273
  0.16626183412391332  0.17705132505063884  0.18787058119598457  0.19862410848461631
  0.20927402885063395  0.21983335237308052  0.23036891464023815  0.24084027440694825
  0.25138907536035460  0.26200427641901336  0.27256950984795009  0.28306786857353311
  0.29357559104101300  0.30416643869003140  0.31479900674582290  0.32536717862588055
  0.33592234742814464  0.34645117604748077  0.35698291380177760  0.36756403342088406
  0.37821198847103554  0.38889938770977633  0.39941903430613773  0.40971610406849968
  0.41988384297034420  0.43008150997519973  0.44060309624681171  0.45127092428362253
  0.46191581951030242  0.47239603148931075  0.48287429498663659  0.49343792592947616
  0.50396909013835067  0.51454785827751970  0.52514969484422291  0.53573408814300505
  0.54630524041125816  0.55682206514731836  0.56734128726554778  0.57781290814138142
  0.58835192698634364  0.59904802297153137  0.60974846570576291  0.62053784521094335
  0.63131970998781373  0.64222621574967265  0.65296890445349276  0.66372970035701218
  0.67434254255140835  0.68508335925587904  0.69572770547477769  0.70630329606560982
  0.71684899025872428  0.72742120794650200  0.73809657235740656  0.74864389695331346
  0.75919785547224861  0.76967222623603637  0.78018634948225618  0.79077787878637584
  0.80133646106028444  0.81185944420928002  0.82219512056663446  0.83256928519937690
  0.84298411586694366  0.85348388643022854  0.86393005119312027  0.87424260216320349
  0.88463201772193600  0.89509449487248627  0.90561682552932787  0.91607351904680445
  0.92659051572944018  0.93716619161871761  0.94768640840398866  0.95826606242708812
  0.96883946849544578  0.97934661684802193  0.98966935800417177  1.00000000000000000
 -0.00236253483829189  0.01013766633858463  0.02043740767831541  0.03104704897383304
  0.04152981337998297  0.05211516800026111  0.06264008643949921  0.07325528670671444
  0.08368962083696382  0.09411077367454693  0.10439193401590488  0.11470769986449840
  0.12489042388619317  0.13519649730632316  0.14559884486162747  0.15633593881082108
  0.16720452539177943  0.17809500025852770  0.18882135314342655  0.19964568707443855
  0.21027591984791719  0.22086127667490082  0.23140489125986496  0.24189273558551547
  0.25235182643989140  0.26270423225340478  0.27313722357530262  0.28349848392401389
  0.29383151369148086  0.30419097870936651  0.31463323062824511  0.32518423089336068
  0.33591536507389258  0.34680401016989160  0.35759684634782812  0.36840205799600023
  0.37904784095654437  0.38976676785072123  0.40029793600874536  0.41064832502734999
  0.42098716758926291  0.43127868641533629  0.44153965470733675  0.45170589735543859
  0.46206475264374897  0.47274131069595804  0.48359107278474001  0.49443915087049861
  0.50511460849682810  0.51582308292548851  0.52643574798004011  0.53715519915639176
  0.54758689418251605  0.55799994685044996  0.56838181629985296  0.57888943512983715
  0.58942175795605123  0.59987544053483799  0.61040778694440023  0.62092168674251857
  0.63145883123632951  0.64202278213990005  0.65242619894202969  0.66287206129178078
  0.67337503522288489  0.68412515216323344  0.69481233552753296  0.70537172381100233
  0.71583353521519588  0.72639198823112483  0.73701823854772230  0.74766967638286785
  0.75826394151235932  0.76894812420011183  0.77956947041247160  0.79011386433904063
  0.80041041138512981  0.81070960333364006  0.82098545562386660  0.83132743441044332
  0.84160044653267718  0.85208031888145763  0.86258921883324302  0.87322999258718970
  0.88383742091890083  0.89442374300312777  0.90493820117583135  0.91545159016494115
  0.92603129593571631  0.93672463377973447  0.94726529858518449  0.95784356072509147
  0.96840780218136402  0.97904631939118103  0.98952757139473346  1.00000000000000000
 -0.00254385886775045  0.00950715016039731  0.01981339285391879  0.03025074421882390
  0.04075173557870936  0.05126666410010187  0.06194849583552837  0.07259724106919312
  0.08315744174831709  0.09375047929954634  0.10435117961566977  0.11507107518832727
  0.12579934189142197  0.13652290612240922  0.14722036532372770  0.15779410786458092
  0.16831551809504941  0.17883821095899471  0.18940124437207062  0.19985606856542787
  0.21028847800564471  0.22067439396749144  0.23097290845926774  0.24128050248585567
  0.25170804935808327  0.26241524219715318  0.27315014344905719  0.28373462273026345
  0.29424944351294813  0.30467609887202679  0.31518962909945830  0.32562961909768640
  0.33610393943123984  0.34670925914612205  0.35731447439132180  0.36792071234902146
  0.37837297635213973  0.38891050297623275  0.39930768576139536  0.40966448030924724
  0.42003119441139286  0.43055731187836188  0.44110653691055968  0.45157307810619235
  0.46197302558362158  0.47237519678353479  0.48278999311994575  0.49322285066673810
  0.50367964070025140  0.51421688728932824  0.52480746788890131  0.53537872394852348
  0.54588003311054445  0.55636769218615301  0.56690292712590218  0.57746325690530709
  0.58805705756526716  0.59854666084694363  0.60896481794713053  0.61933372822968413
  0.62980649948255996  0.64041457076678043  0.65097207704990867  0.66137732460873511
  0.67172372818370829  0.68212024792481440  0.69250917301228732  0.70296964849701860
  0.71349240542869408  0.72410944833512525  0.73472760368860879  0.74531410091320349
  0.75591392120569523  0.76657968009335631  0.77722363353467239  0.78777134533062665
  0.79820491570563668  0.80864706605563264  0.81922083508647225  0.82990908562574794
  0.84065482593692731  0.85126682308330848  0.86179166905294313  0.87230406064841570
  0.88293490914857176  0.89360423365416664  0.90423564247235255  0.91489368926844838
  0.92548606921594267  0.93610381912242535  0.94683216036387452  0.95761450831141348
  0.96822760712966671  0.97877122833758734  0.98931667821992508  1.00000000000000000
   6.9066194042760613E-006  -1.0000000000000000     
 T T F F F F T T
