 -0.00184980759205332  0.00612597587049585  0.01332811949800415  0.02044935785905710
  0.02788203088161065  0.03558237990536187  0.04357505756156948  0.05187480402299428
  0.06039935944576069  0.06916019577405666  0.07812754492872796  0.08723500220289072
  0.09647381980757400  0.10580414056416118  0.11522391519186391  0.12470531918045732
  0.13431883394512217  0.14405859446114885  0.15387068258393649  0.16365481655906922
  0.17348543835725161  0.18334185698681793  0.19323886746379357  0.20307964924308147
  0.21294249871723375  0.22285103179560334  0.23274011305117168  0.24265704982845729
  0.25265897456227648  0.26278625005630324  0.27294729192735206  0.28311452803594994
  0.29326449135278743  0.30336959856564444  0.31350064908449937  0.32369774783182831
  0.33401445709900907  0.34440177668867950  0.35472606865116346  0.36496701008082866
  0.37520178803956838  0.38557904030780887  0.39605711960956808  0.40651946634801089
  0.41698017118526692  0.42748452912969565  0.43799308681526739  0.44839885383696815
  0.45878759856698065  0.46917057356752967  0.47960298430663134  0.49008214098144343
  0.50062805727122450  0.51120269493671411  0.52174292059801386  0.53222858893415148
  0.54268534836365312  0.55320539040362771  0.56379692980369611  0.57446170883575509
  0.58502232436401969  0.59548297274051998  0.60595134458025524  0.61654065581397466
  0.62727122507701716  0.63798833647543929  0.64870639952374964  0.65935032488344547
  0.66996628047715312  0.68062644806200934  0.69140608367222023  0.70231795994832669
  0.71325599396262240  0.72419373676260623  0.73519841920231976  0.74629695926204243
  0.75749511719289986  0.76872028623749455  0.77984247506082738  0.79095927313892100
  0.80211317179526631  0.81347339087824533  0.82492043318601094  0.83638568682829761
  0.84780998845599498  0.85926521376613518  0.87080982941986140  0.88261923354402927
  0.89465665815709716  0.90690889830505017  0.91934371110581259  0.93208170434882198
  0.94535466799240409  0.95977747700334715  0.97755559708931172  1.00000000000000000
 -0.00248248972301705  0.00989770746544900  0.02017614269166912  0.03056555325229024
  0.04105712565077176  0.05148134686051295  0.06196656540210468  0.07246474852736243
  0.08300995854062908  0.09350424849444747  0.10386791171971212  0.11427660963537065
  0.12472619443973659  0.13514938852244510  0.14563954494244327  0.15622805217467006
  0.16686526916412434  0.17741141609189789  0.18781248970934167  0.19841047300134695
  0.20898824886866413  0.21954147629309664  0.22995555039987914  0.24045831881718549
  0.25096659560429502  0.26139090698261003  0.27197810149784052  0.28267428316688387
  0.29346008179291577  0.30411858681163279  0.31464884818211702  0.32507340772162113
  0.33545848131574146  0.34587385463642761  0.35634245923536217  0.36678310398752706
  0.37719733018346358  0.38769658259533529  0.39828118538378399  0.40901767097801262
  0.41965002085769154  0.43034958670431367  0.44108678235743454  0.45185478400108536
  0.46260345038548084  0.47329444005496196  0.48391367776366789  0.49436872206595006
  0.50480439982916692  0.51529809461674159  0.52598996825683664  0.53675749395537176
  0.54745963094056693  0.55814289653076787  0.56876484644605552  0.57941275934217951
  0.58991090349572628  0.60040543767474996  0.61092600877382131  0.62143234389165170
  0.63193266435234052  0.64244526619499320  0.65315387144421833  0.66383135607643862
  0.67449557776455538  0.68481987976244474  0.69518765635988122  0.70564086010872706
  0.71628031835304862  0.72707595680063486  0.73761158045563202  0.74817416972064910
  0.75858041009024824  0.76907751572373484  0.77949248036401109  0.78992275780579280
  0.80026092803229965  0.81056248206653991  0.82081356026224017  0.83112447586184679
  0.84156853203741977  0.85212756718682570  0.86282449709615994  0.87332779674937278
  0.88387668385270490  0.89429914497206231  0.90480458064141955  0.91522562077790903
  0.92573848521944591  0.93613255180281651  0.94676488138347847  0.95734972046966793
  0.96801534192560279  0.97862205310792649  0.98929605769108908  1.00000000000000000
 -0.00239241307646826  0.00962054091117250  0.01977873084843993  0.03020787312617495
  0.04067349370451221  0.05128345731858618  0.06192810682178895  0.07249144574902684
  0.08296415967291962  0.09338326385957460  0.10372337603140200  0.11410464320706828
  0.12455399308750242  0.13506237073969848  0.14542010432335445  0.15578879869274226
  0.16626194724392990  0.17705142999195611  0.18787069275855203  0.19862422476032990
  0.20927414358953686  0.21983346191561609  0.23036901995651035  0.24084037484908435
  0.25138915908941700  0.26200434376784398  0.27256957350514216  0.28306794309121719
  0.29357567326317169  0.30416650847983467  0.31479905483380971  0.32536721439487404
  0.33592238018762127  0.34645121057308415  0.35698294787629131  0.36756406450897011
  0.37821200237337704  0.38889938097073884  0.39941902044577327  0.40971608671872001
  0.41988381826140048  0.43008148069247171  0.44060307721355640  0.45127091379101464
  0.46191579776447855  0.47239600277634880  0.48287427661453891  0.49343791712484181
  0.50396907547904490  0.51454782833383994  0.52514965989106988  0.53573405174581878
  0.54630520736831278  0.55682203267472330  0.56734125760550380  0.57781287342853305
  0.58835188448036402  0.59904795478567563  0.60974836731632709  0.62053771749142073
  0.63131957327153376  0.64222607093529982  0.65296875961911494  0.66372955060842020
  0.67434238958495329  0.68508320954869173  0.69572756486106424  0.70630316545738137
  0.71684886698017247  0.72742109490506723  0.73809646038656196  0.74864377800367132
  0.75919773568293791  0.76967210939924657  0.78018623670507004  0.79077774725964312
  0.80133632654171127  0.81185933227168294  0.82219504199943350  0.83256924706739044
  0.84298408435848338  0.85348388048981894  0.86393004684647046  0.87424260056779346
  0.88463201287238946  0.89509448728038410  0.90561680511623432  0.91607348353902007
  0.92659044982961491  0.93716611812984485  0.94768632185157509  0.95826599366992848
  0.96883941921880434  0.97934657874029540  0.98966933587086292  1.00000000000000000
 -0.00236254507723375  0.01013765954647860  0.02043741044001319  0.03104704015341632
  0.04152979350246063  0.05211513518299890  0.06264005847755204  0.07325527005549405
  0.08368962241460381  0.09411078537326142  0.10439197024406467  0.11470772769440411
  0.12489045000070689  0.13519650102833494  0.14559886463344732  0.15633597556386844
  0.16720456135745337  0.17809502559252441  0.18882136745910252  0.19964571396868591
  0.21027594772905092  0.22086128985275838  0.23140488362620187  0.24189270922733427
  0.25235181527298645  0.26270423318364844  0.27313723990190103  0.28349849509722280
  0.29383153578628229  0.30419101564642409  0.31463328482221470  0.32518429636653506
  0.33591544842518573  0.34680411487546525  0.35759696396275215  0.36840217449700136
  0.37904794997646790  0.38976689688328925  0.40029806656475642  0.41064845166599556
  0.42098728257968582  0.43127880246221556  0.44153977056013555  0.45170599701491432
  0.46206485267259012  0.47274142417665682  0.48359120742913131  0.49443928113680130
  0.50511472678618385  0.51582318494919743  0.52643584980770253  0.53715531701509989
  0.54758703235905359  0.55800011985179232  0.56838203305793455  0.57888968417838749
  0.58942201480260759  0.59987568005311842  0.61040801835328118  0.62092190203509801
  0.63145901549699479  0.64202295555941469  0.65242635903698676  0.66287222359353637
  0.67337517291065896  0.68412525948942970  0.69481242522133069  0.70537177268591200
  0.71583356668080189  0.72639199653939979  0.73701826779037616  0.74766971401112892
  0.75826398382984528  0.76894816131913657  0.77956948614738220  0.79011385058223538
  0.80041036531394139  0.81070953704623050  0.82098538970763657  0.83132736791285278
  0.84160036941310612  0.85208023291247115  0.86258914599579617  0.87322993192290788
  0.88383734328078623  0.89442363298327310  0.90493808061367709  0.91545145139506978
  0.92603114492499217  0.93672448455560742  0.94726519890335326  0.95784349731312468
  0.96840774750554925  0.97904627940088573  0.98952755366572787  1.00000000000000000
 -0.00254386330585417  0.00950714081055072  0.01981339974145669  0.03025074113533474
  0.04075173551351170  0.05126665752672657  0.06194848360008420  0.07259723154101833
  0.08315742107474751  0.09375046235584325  0.10435117579540983  0.11507109030010287
  0.12579937235295940  0.13652292442965122  0.14722036806057040  0.15779410403772184
  0.16831552858627472  0.17883822596380933  0.18940125160828275  0.19985606166629666
  0.21028844960532733  0.22067433507087270  0.23097280604164647  0.24128036168984435
  0.25170787469547889  0.26241506103115297  0.27314996174150119  0.28373444618498594
  0.29424926272688284  0.30467592552663603  0.31518945177457647  0.32562945140016947
  0.33610376647610557  0.34670909141702683  0.35731429428319261  0.36792051251361618
  0.37837275058157138  0.38891025530647122  0.39930741176699147  0.40966418179089553
  0.42003087639392239  0.43055699549410187  0.44110622945591715  0.45157278402455470
  0.46197274466218224  0.47237492842368267  0.48278972433674405  0.49322258822855192
  0.50367937842322419  0.51421663216207436  0.52480721515898110  0.53537847928871385
  0.54587979094971317  0.55636744195973220  0.56690265964293307  0.57746296967358202
  0.58805675738211849  0.59854635878598184  0.60896452822137492  0.61933346239217468
  0.62980626778504722  0.64041438055388866  0.65097191461167303  0.66137718231726239
  0.67172360740331061  0.68212015216356825  0.69250908946071299  0.70296954604239825
  0.71349229123831381  0.72410932527872296  0.73472748877120375  0.74531398248469138
  0.75591379824770932  0.76657954704293285  0.77722348865043134  0.78777116158116844
  0.79820470083133555  0.80864680420354718  0.81922055354194523  0.82990879348454749
  0.84065454866271339  0.85126655676097496  0.86179142959974808  0.87230385263880994
  0.88293472653617067  0.89360406071654253  0.90423548963334477  0.91489356390698851
  0.92548595049493165  0.93610368947355282  0.94683200894100839  0.95761433965214215
  0.96822744986167630  0.97877110767194431  0.98931661947893323  1.00000000000000000
   6.9066518311116997E-006  -1.0000000000000000     
 T T F F F F T T
