 -0.00168178928025668  0.00618506718660608  0.01343714075471030  0.02055915806938076
  0.02798659907237380  0.03576779980433215  0.04387046947255637  0.05228215220805178
  0.06091730068694889  0.06970034912685018  0.07857981323694585  0.08755049349335972
  0.09659163782632275  0.10568791555535068  0.11491168123355186  0.12425724955122759
  0.13387423441778049  0.14361094270699598  0.15337687572602357  0.16314065127318056
  0.17291948850000524  0.18272170792328249  0.19255116371565614  0.20239124750456769
  0.21226565933315428  0.22212350133585954  0.23204605870782435  0.24203274583894990
  0.25209768572993224  0.26216554914892587  0.27227519199584599  0.28243891665127396
  0.29264698498449521  0.30288808324990540  0.31318873034730377  0.32342224076586640
  0.33357485440488799  0.34362107901409661  0.35371028038941682  0.36394463060353288
  0.37424755768827500  0.38467590026204407  0.39512756256004483  0.40562044677113757
  0.41609604476715323  0.42646235949689787  0.43680087614310342  0.44723760896565268
  0.45772672869404724  0.46827620879839771  0.47881769648051675  0.48945836030174339
  0.50011919490143308  0.51076180309275587  0.52139164506662927  0.53196004029176336
  0.54249579414261995  0.55307671514565260  0.56370012392494029  0.57429673044308771
  0.58484459850650450  0.59549765630634355  0.60621827958394270  0.61693595607253637
  0.62761880444568952  0.63827824588266346  0.64897723088912274  0.65970108584906550
  0.67045859959446108  0.68108506202222485  0.69165242725415899  0.70219741942430647
  0.71293389644170724  0.72376367724536472  0.73468614693254453  0.74561632616766282
  0.75664910386070838  0.76774265217752335  0.77888171355229130  0.79000961316574514
  0.80114980158982163  0.81230252190130448  0.82355165930885621  0.83501170855901052
  0.84661464039315648  0.85831821237277772  0.87012635513719372  0.88205859307091661
  0.89410915952036341  0.90630075950694522  0.91872048031164200  0.93151320935470650
  0.94484386785854524  0.95932593069332039  0.97714647391830634  1.00000000000000000
 -0.00258071378750867  0.00981191683621060  0.02019404961868277  0.03078643963988837
  0.04141443076282587  0.05204028012831880  0.06275072057527591  0.07328483030906081
  0.08386929996253893  0.09432034481906108  0.10482433921079459  0.11527607928217373
  0.12579885419140585  0.13629286376981248  0.14672661805332832  0.15725837709590765
  0.16785318468678789  0.17852213859756930  0.18902772449473165  0.19950839577218618
  0.20989604214107618  0.22035046615857906  0.23090000438131458  0.24139815763307090
  0.25180341896421965  0.26209692005905127  0.27242415384108432  0.28287088657936654
  0.29336170582390442  0.30394983866338648  0.31451066158540752  0.32508261633257196
  0.33552339375720602  0.34592651862817009  0.35650958501601193  0.36723244678055972
  0.37780657563800735  0.38816117577421339  0.39848981167496822  0.40895424680301751
  0.41949359998309727  0.42998984868085321  0.44045995749113442  0.45086057785505018
  0.46130362832014354  0.47182730856374755  0.48245085465135151  0.49311584957151550
  0.50366498168824947  0.51411810348785858  0.52460040983778733  0.53508641205030461
  0.54541916246529498  0.55570169795725410  0.56604163337610014  0.57640025921428373
  0.58670644500973224  0.59706605368307952  0.60759117340550373  0.61824287058544569
  0.62869317711486739  0.63917576651945163  0.64959969106871285  0.66028579702571955
  0.67090857680850557  0.68154614354351417  0.69212749603610613  0.70280449991751281
  0.71359806670306836  0.72429319789616031  0.73511095169662000  0.74582750467456316
  0.75665961847907603  0.76738629337888309  0.77812567433169011  0.78869032404683692
  0.79904920161105653  0.80927354626309156  0.81965818243706379  0.83019322644139260
  0.84081083678647361  0.85123230245340742  0.86181715676455684  0.87239699321572461
  0.88306888466743516  0.89349032667422568  0.90414453843802944  0.91473315913116993
  0.92546661705191624  0.93612474829730608  0.94689762358236473  0.95767773926166355
  0.96830982085426098  0.97894358841738460  0.98948532957709101  1.00000000000000000
 -0.00172530158751808  0.00987974304933235  0.01997911224626847  0.03032891952866424
  0.04061584181045419  0.05106166267822397  0.06162230036192716  0.07215368830842930
  0.08260940813839161  0.09302046400306477  0.10333449990116918  0.11368837993558149
  0.12395639937311888  0.13429107117479000  0.14470420105982715  0.15526263410107602
  0.16591542102177778  0.17649785112066910  0.18703256716162478  0.19752495987792201
  0.20796254960382107  0.21834793953182260  0.22885470004386008  0.23936804113457893
  0.24999655117779832  0.26058102679406026  0.27122797346019417  0.28183474916098433
  0.29235898386166659  0.30283703866144934  0.31331494428288054  0.32386026581656258
  0.33448415306908003  0.34512465926526514  0.35569057440165480  0.36616699534035113
  0.37664806269371220  0.38709282011056656  0.39753872653369793  0.40789242473122933
  0.41832347284901861  0.42886239871733184  0.43946716957688486  0.45016886856441718
  0.46091346740903127  0.47167847139090224  0.48234430548494622  0.49293060119332360
  0.50348439898667463  0.51391983734719693  0.52442550999031612  0.53493288099418579
  0.54559507004386931  0.55609502697821045  0.56671150519029223  0.57714520369985400
  0.58772514534487319  0.59819901099387240  0.60883874690838857  0.61949624852566942
  0.63002250023003892  0.64048508994503839  0.65085031775489444  0.66135227047726219
  0.67185807623294436  0.68254129143932163  0.69302572438689980  0.70360454576400899
  0.71399407259209391  0.72448342591258486  0.73492258006186806  0.74533732915476902
  0.75569903056668064  0.76602511137079454  0.77644154687006894  0.78695678827224436
  0.79753702863973497  0.80811703885279118  0.81883151271404975  0.82960655934679362
  0.84041175930265399  0.85121698963141157  0.86196797619689325  0.87278998021447218
  0.88344215338583043  0.89415686834057440  0.90463947241626053  0.91523455880059079
  0.92570966671612975  0.93623714314584394  0.94671132386026358  0.95737316695499020
  0.96794794384217453  0.97858352803006055  0.98920645512516325  1.00000000000000000
 -0.00245353708827339  0.00949018702587571  0.01970443640097053  0.03019121878817615
  0.04080604348399044  0.05142301706992233  0.06204859328724743  0.07276319919971573
  0.08354134572238008  0.09441977339033247  0.10523267421920286  0.11610432033511585
  0.12684797852896154  0.13739869009936212  0.14796754163694742  0.15843282881934911
  0.16882397209197023  0.17927153769912207  0.18988092437666762  0.20061030222260920
  0.21122835593759745  0.22168789533046340  0.23223695822541560  0.24282211853701513
  0.25356530264209171  0.26420528231952189  0.27483614858484917  0.28538447346419288
  0.29595436444391821  0.30644787402734325  0.31701229120083552  0.32758808866182137
  0.33812398208356204  0.34867014950330449  0.35934675796268623  0.37008197638715212
  0.38057403047856064  0.39090283943101217  0.40121322802204840  0.41166304946014343
  0.42211255960815713  0.43247412611916075  0.44271153658365348  0.45307920214588904
  0.46350194310118970  0.47413971777469299  0.48470855079490094  0.49525852438663548
  0.50574404883015167  0.51628463197643981  0.52678298213142716  0.53723752885583864
  0.54772428035981280  0.55820174935084277  0.56873828677074501  0.57931582950066507
  0.59005105140682756  0.60056935600527805  0.61108485101475329  0.62156389557065861
  0.63217715320258039  0.64266030557996101  0.65317843920680752  0.66375002994512866
  0.67424041368757415  0.68465122948144019  0.69508538609021409  0.70565692533872537
  0.71624373063103053  0.72677940659109463  0.73739513551649349  0.74813089927002163
  0.75877924638041128  0.76937901399276887  0.77985283499775659  0.79041088624072942
  0.80080392805487310  0.81113885676137432  0.82147712714982735  0.83188414331317440
  0.84245061633754026  0.85279386928912115  0.86324944543689874  0.87374050129532566
  0.88422165626895299  0.89477459075551324  0.90511315054742436  0.91534980926365206
  0.92547812318079492  0.93577599402101763  0.94651841885010168  0.95730526866658494
  0.96810752385008503  0.97884997588258948  0.98948336501160206  1.00000000000000000
 -0.00214679943101095  0.00945384158649168  0.01934589197213433  0.02984899188351677
  0.04027399615845685  0.05091582291739494  0.06127153572420841  0.07172141985106550
  0.08207119763008432  0.09254607544861158  0.10303804113123410  0.11365114613556888
  0.12415257769039695  0.13466852436291285  0.14511647283463855  0.15547187901469084
  0.16581663377343767  0.17617154130660279  0.18678083910054380  0.19758173506439902
  0.20839475622975870  0.21922999387162390  0.22997946320036347  0.24066626511856254
  0.25123913309460094  0.26165302283337294  0.27201544525483679  0.28239710617059510
  0.29290902359362708  0.30338895500980045  0.31398395775128685  0.32440171898939407
  0.33497327871607174  0.34549796136342326  0.35614901218415412  0.36681433814017683
  0.37740391060546125  0.38791187329752419  0.39846913359886715  0.40898555329283998
  0.41968087747602356  0.43031094653587981  0.44079125227903720  0.45137840355457387
  0.46200261636838141  0.47287469226936646  0.48337985292350333  0.49380334637973100
  0.50409321409483543  0.51436135735931310  0.52467417250194559  0.53504639777228458
  0.54558090886628907  0.55604685929684794  0.56658131356839259  0.57715927954751500
  0.58783157715102941  0.59840069351989000  0.60875570597763251  0.61914520441457443
  0.62963558143434173  0.64014497536654902  0.65055309302254816  0.66094154730982402
  0.67141094991730565  0.68190538747622287  0.69240842687535942  0.70296468969631776
  0.71356516212169052  0.72417198760755486  0.73485206291234362  0.74558395753305318
  0.75627170012219824  0.76703296619074568  0.77774586691666781  0.78848648307599345
  0.79904288977375926  0.80952963226911456  0.81997899460857737  0.83030449637931425
  0.84069085979618075  0.85117931738648667  0.86182135701636176  0.87262460184368729
  0.88339327992749195  0.89413367796955445  0.90461482961287698  0.91498976786417352
  0.92556321784673934  0.93614533962245039  0.94670428120803685  0.95724658904911730
  0.96791828326359719  0.97875910020197610  0.98942277040367110  1.00000000000000000
   6.2250346769779539E-010  -1.0000000000000000     
 T T F F F F T T
