 -0.00165919206797461  0.00624856254194109  0.01346372646960454  0.02055815969828490
  0.02798161180396055  0.03575079298428431  0.04384587402622305  0.05224812342756158
  0.06082810328906598  0.06959199275759984  0.07851648257108161  0.08761537893975538
  0.09690148496011997  0.10629794755153361  0.11576315718586561  0.12523901652248495
  0.13478687712387710  0.14438999826826163  0.15409708510337380  0.16388109885646784
  0.17371789947575672  0.18357406586194339  0.19350856981116124  0.20345780516883588
  0.21342292361455026  0.22331307864849650  0.23316801949421051  0.24310379555858333
  0.25308147792552360  0.26315587709118532  0.27321814633547914  0.28333095890435711
  0.29339875893126122  0.30347811468743902  0.31359256385297557  0.32372854948320640
  0.33389053435837890  0.34408177314662614  0.35434321419910331  0.36468657504038260
  0.37501635413635787  0.38537238531030760  0.39570315497864350  0.40608831657773881
  0.41646483658974587  0.42683227744911667  0.43718417202819032  0.44761267229390611
  0.45809941242575791  0.46856944538337575  0.47898122926971265  0.48940299582321917
  0.49993520002199726  0.51063252916954438  0.52136997900748194  0.53206751511784189
  0.54267552725854207  0.55326039817415673  0.56389960431384167  0.57451414872576012
  0.58515524831584098  0.59583470801025618  0.60655262448543856  0.61729399234596471
  0.62803455388300933  0.63880459841401571  0.64958801244390973  0.66032567979827583
  0.67104358490396354  0.68175740892514847  0.69255271096159676  0.70341028655892046
  0.71427078729187465  0.72517077569310540  0.73611397324319661  0.74714348644325879
  0.75816732583430846  0.76928716550135490  0.78047966663173796  0.79169098007179339
  0.80289452538832218  0.81409068669939055  0.82542169628945627  0.83677367923011914
  0.84824252187650306  0.85973693576714016  0.87128327107927561  0.88292767371142755
  0.89476569459479038  0.90693790681584496  0.91942309817488532  0.93224015139131300
  0.94555850415136211  0.96002260221062230  0.97771671808427352  1.00000000000000000
 -0.00231315369412406  0.00933892743682669  0.01940228507649059  0.02978585529666834
  0.04020507768942513  0.05067390018681876  0.06112654702041380  0.07164978193633298
  0.08215407682198611  0.09258538263759301  0.10302314998711638  0.11327874179696198
  0.12360793614049324  0.13397960007892937  0.14441418399634223  0.15502168809405484
  0.16551983616127433  0.17625342899141661  0.18689217442564587  0.19761951878513323
  0.20829984469759930  0.21889537490337549  0.22953806969146207  0.24008455423820585
  0.25057891701183271  0.26099869480848437  0.27139803106039839  0.28189238843504183
  0.29235775729961955  0.30278935343923580  0.31324110250495829  0.32376259589611278
  0.33434212885641190  0.34493494554372822  0.35547012590595378  0.36607740486554119
  0.37664187421701567  0.38721301825450638  0.39769090198039447  0.40826151728066223
  0.41887892931867510  0.42946791918473037  0.44004216684273662  0.45069977609842865
  0.46150086489216585  0.47228838297431364  0.48305345976920649  0.49360043151304850
  0.50413571933556733  0.51476576307250177  0.52563025377317152  0.53657925686525609
  0.54735052452418709  0.55806031289557223  0.56859924899809022  0.57921233554574358
  0.58968122896875275  0.60024046534433084  0.61075002040011817  0.62123705890644765
  0.63175070473157424  0.64228441353761911  0.65291255764320122  0.66344099224409847
  0.67404716997101610  0.68452403832784647  0.69496839680796452  0.70534696834784938
  0.71584021415668742  0.72643819368985540  0.73707353531272890  0.74779525059955143
  0.75841264157777055  0.76895960511162476  0.77945677556293214  0.79002057809618398
  0.80063314696720689  0.81118207469886716  0.82175781902779244  0.83218213059434654
  0.84266217283744194  0.85321961602555796  0.86388453212295824  0.87448026280109514
  0.88498966627494857  0.89540773828128295  0.90574180652257619  0.91614256194843491
  0.92652886574278404  0.93695358287059816  0.94723715749973736  0.95770290998617591
  0.96822032869943697  0.97882226616904899  0.98939007418436098  1.00000000000000000
 -0.00245492109659697  0.00931399935256642  0.01936181809549233  0.02984520291525865
  0.04040644185689265  0.05110071774679939  0.06172913832800894  0.07231662393401377
  0.08288261698646572  0.09352252912916155  0.10416186225978155  0.11471245846856880
  0.12534829773165249  0.13588097688666398  0.14634002010791336  0.15689022401182395
  0.16744927408414234  0.17819220933696131  0.18875445302369007  0.19947559072787052
  0.21013893013042567  0.22093590878647049  0.23164176987643598  0.24242443538760247
  0.25293699042980217  0.26340503263068465  0.27376437198605857  0.28416255381400451
  0.29462226136381492  0.30506602419238604  0.31551081926162183  0.32596434024404342
  0.33633046587383819  0.34679479246574441  0.35732778109557639  0.36796215145029798
  0.37844105469769224  0.38877703466635138  0.39912635599401824  0.40965974290394158
  0.42016469966921932  0.43075275314743466  0.44135229616113358  0.45203314793314520
  0.46270082262534956  0.47330639791534740  0.48379399425944142  0.49425081562878337
  0.50477164140542696  0.51540773706023979  0.52592004156706817  0.53640094929821724
  0.54688799506555930  0.55751046263976101  0.56814976324911270  0.57873015003338046
  0.58931431457637184  0.59986092767253674  0.61050888153593308  0.62114588354875211
  0.63171188819255997  0.64219111739416290  0.65258340141076709  0.66294346643970836
  0.67325028417135990  0.68354541069607255  0.69384859273730226  0.70422400142257280
  0.71468885310816133  0.72533510052704275  0.73593117524813689  0.74658724864995829
  0.75716618639069222  0.76787385311598400  0.77857963852673462  0.78919264751441565
  0.79974317209979828  0.81023460544816950  0.82085197293482837  0.83157043794524499
  0.84226149744809831  0.85294687216183473  0.86343073660912939  0.87396989082572385
  0.88447618071241985  0.89501276978092248  0.90559571840390707  0.91628536881996758
  0.92686723463197529  0.93730368991014457  0.94765462030305159  0.95823400611277731
  0.96859435078431122  0.97907164585662387  0.98942954993650623  1.00000000000000000
 -0.00239015731787393  0.00935402356001202  0.01956025565683928  0.03007529598486651
  0.04057609904548385  0.05105026162898280  0.06155980610997791  0.07222821862891469
  0.08289973543379245  0.09364047415862085  0.10443218421767851  0.11516439653261704
  0.12581125060152454  0.13630682820574433  0.14685867553496806  0.15734530101185326
  0.16781809532888226  0.17821198144978245  0.18863979562404654  0.19911256780693312
  0.20944523604886806  0.21978694219488204  0.23017023091039224  0.24074495794017706
  0.25139130906121876  0.26203631554320422  0.27257417504566567  0.28306843214825400
  0.29344295538859266  0.30386458666199562  0.31429711059341131  0.32474271684914852
  0.33519051388756071  0.34561015291161135  0.35602801188724503  0.36642829387544357
  0.37690813518976768  0.38755428878997639  0.39836349900112483  0.40920780026259529
  0.41990292025827436  0.43050492007076624  0.44102823018046866  0.45165757258526035
  0.46227548960294235  0.47280064382163961  0.48332177537832749  0.49386803538797325
  0.50448212714427076  0.51511388180401441  0.52585388758169216  0.53654312587017305
  0.54717295099487639  0.55757199972379023  0.56805476447862679  0.57848041569279085
  0.58899922641997338  0.59959542638150709  0.61018725024801712  0.62081407810024491
  0.63139069501747824  0.64190698314906602  0.65244798443091379  0.66298675010177011
  0.67346339404334454  0.68388131483584413  0.69431715779135561  0.70478341478470530
  0.71524870634123028  0.72570333718721569  0.73633474392729870  0.74692545906747165
  0.75744359222167446  0.76796825464828089  0.77854357384184814  0.78910544521973713
  0.79961368862219162  0.81020750303483402  0.82088212800436833  0.83158115416082889
  0.84219412834727470  0.85282544613181188  0.86337116323166541  0.87385439701214185
  0.88429054402019236  0.89478980556837628  0.90536640666926527  0.91594786030461428
  0.92639821162319780  0.93699503941574080  0.94751748581991413  0.95818149294215615
  0.96869494485758878  0.97925453609876612  0.98967500485626247  1.00000000000000000
 -0.00247606808678996  0.00980133356889281  0.02005135248073199  0.03061235550054044
  0.04116800614321951  0.05187284502951324  0.06264446477408817  0.07335090432562406
  0.08402734194245873  0.09455432882747816  0.10506323346138748  0.11550945301683728
  0.12599418730745471  0.13652272365427975  0.14702842842423372  0.15752007285420250
  0.16804951223350958  0.17847917298222254  0.18896085213537100  0.19936976921044131
  0.20979299871038523  0.22009393766501431  0.23033174371627990  0.24081365059376167
  0.25134428845063689  0.26196727397458153  0.27247283111373116  0.28300627975695453
  0.29353498439152836  0.30407382828079887  0.31450184745342502  0.32488922219959032
  0.33524170913848761  0.34566093311923035  0.35609863044083262  0.36660516274924149
  0.37709671746939144  0.38764783529626506  0.39814409373207826  0.40880121569203665
  0.41943526933321013  0.43013831903715760  0.44065820174302733  0.45112097820570085
  0.46153278565583034  0.47205983843616223  0.48258689225271262  0.49315696040569257
  0.50375476602219627  0.51431695346272499  0.52485438494927439  0.53531671582562879
  0.54595017958219472  0.55648065212927889  0.56707639919855313  0.57756744229229251
  0.58811919574090554  0.59849778033692280  0.60892180213101732  0.61932091564375813
  0.62979838014680889  0.64030270541341261  0.65084354527549870  0.66144323892723877
  0.67206753060279090  0.68274817224038098  0.69348935914528054  0.70415140401251120
  0.71482746519623941  0.72543712248622816  0.73593465262825852  0.74641488146517132
  0.75692116484569671  0.76752152396232376  0.77793500842631813  0.78832504822265370
  0.79867617185463269  0.80915925997155014  0.81964070183665705  0.83010260732147356
  0.84058526605165518  0.85102353254294094  0.86152627978945306  0.87198114376901381
  0.88251810775968742  0.89311071449624835  0.90391228470533524  0.91463959081627855
  0.92545658872829939  0.93619389092561911  0.94695656747902868  0.95765550327326376
  0.96828596584126414  0.97885872207291214  0.98942863900858369  1.00000000000000000
   1.3698673223775245E-007  -1.0000000000000000     
 T T T T T T T T
