  0.00000000006157272  0.00000000008895829  0.00000000011796521  0.00000000015230174
  0.00000000019393506  0.00000000024535723  0.00000000030910915  0.00000000038899552
  0.00000000048914307  0.00000000061546464  0.00000000077382576  0.00000000097477103
  0.00000000122516863  0.00000000153722777  0.00000000193081140  0.00000000242381514
  0.00000000304474800  0.00000000381531433  0.00000000478178522  0.00000000600556202
  0.00000000754775874  0.00000000949258200  0.00000001193172507  0.00000001499413426
  0.00000001883219768  0.00000002362759422  0.00000002971318601  0.00000003741349704
  0.00000004704254881  0.00000005906432466  0.00000007408632942  0.00000009308494583
  0.00000011694568711  0.00000014701006491  0.00000018479048342  0.00000023229072449
  0.00000029156826076  0.00000036582602330  0.00000045907925948  0.00000057613466826
  0.00000072287813881  0.00000090675938821  0.00000114212131881  0.00000143813268665
  0.00000180948104967  0.00000227174334810  0.00000284923612805  0.00000357246408724
  0.00000448054505905  0.00000561573798762  0.00000703961538932  0.00000882841053485
  0.00001108050912160  0.00001392938203889  0.00001751117889390  0.00002200007920959
  0.00002761698290860  0.00003469041419637  0.00004369272089534  0.00005504991914230
  0.00006930126346957  0.00008720248689574  0.00010978705484558  0.00013819202626727
  0.00017363365170705  0.00021796468336144  0.00027376197073972  0.00034471179315392
  0.00043421659603862  0.00054697731063833  0.00068885702413155  0.00086686780593332
  0.00109009557451973  0.00137097300379613  0.00172562137331816  0.00217534754097679
  0.00274158551217898  0.00345058384570932  0.00433952371254074  0.00545798270140899
  0.00687215627328232  0.00866078068897571  0.01092637041713841  0.01381642697106616
  0.01752765594485566  0.02230009999115794  0.02846785936652887  0.03648929890072450
  0.04703910553226323  0.06110551509997000  0.08029477872443735  0.10742009702805347
  0.14817761938460700  0.21642613028624277  0.37550393095140555  1.00000000000000000
 -0.00239327655134588  0.00945078552553711  0.01964608149516306  0.03026572674039991
  0.04077036426354121  0.05124141615866983  0.06166628104920515  0.07211716933176257
  0.08256312430677323  0.09315658090909938  0.10380153217271594  0.11437437603618437
  0.12487413830564198  0.13542692352167540  0.14600634298000811  0.15670061117701525
  0.16727527669371431  0.17796192661782559  0.18857099673099298  0.19913463076444871
  0.20968608826654173  0.22022863171549445  0.23072334747475953  0.24122537198432883
  0.25171913898585446  0.26234040146646714  0.27289700666731637  0.28337426433574392
  0.29384898316754349  0.30451377251515643  0.31523299153518647  0.32597627411581787
  0.33658463557144996  0.34722143583699328  0.35775133899925460  0.36831369711525624
  0.37882397149737740  0.38936558119200609  0.39986609479007978  0.41039625971531257
  0.42098146626860489  0.43152809148421778  0.44208751286073922  0.45256708190613881
  0.46304887619388724  0.47352017271634012  0.48401570861734106  0.49452174020162176
  0.50507028548434396  0.51565320562673544  0.52624143352140362  0.53681347793143308
  0.54738121237339565  0.55794446477275395  0.56848997983799054  0.57904443648568160
  0.58956034688779657  0.60006993400840802  0.61052498953161460  0.62104213865499558
  0.63160381382329422  0.64228290213056571  0.65296218427270836  0.66361067767649429
  0.67418148319221394  0.68475697441261052  0.69530745711103559  0.70583438719749914
  0.71631399102809512  0.72688752930929668  0.73746822348230145  0.74808041919071755
  0.75860349757282097  0.76911813035751520  0.77959018000825797  0.79013859774422945
  0.80074049522111845  0.81136367322230796  0.82183761718351200  0.83226829863157070
  0.84266457252387184  0.85312924390333544  0.86357638219015531  0.87405435004701626
  0.88453184326981615  0.89509445407564292  0.90563242139505218  0.91615467094039860
  0.92654473854186070  0.93696753026761048  0.94751440009310872  0.95802305452560133
  0.96851793729143687  0.97893686926840229  0.98947546654383645  1.00000000000000000
 -0.00234808097020386  0.00911984487650500  0.01917060046607949  0.02965239146975357
  0.04020826482484674  0.05068234747875631  0.06124000467862156  0.07180786452014452
  0.08237826065663613  0.09288580363811483  0.10344893210673842  0.11403069031714427
  0.12452482284515955  0.13505824914757872  0.14552553353522243  0.15614397440326414
  0.16667765735023521  0.17736081526948710  0.18797959818560889  0.19850135460404178
  0.20898005429684943  0.21946362418462717  0.23003190006221877  0.24058534987799818
  0.25114048993064864  0.26164771657232527  0.27210725104349731  0.28256547792080422
  0.29311469845278854  0.30377531827231524  0.31432834007332111  0.32477449222610411
  0.33525209210063667  0.34582213784432314  0.35644092406806815  0.36703436937840583
  0.37761244088109103  0.38822295477780805  0.39875156597347333  0.40927307230181292
  0.41974649912473050  0.43019058895595597  0.44067495962770459  0.45122884595582080
  0.46178691974891251  0.47242466494452334  0.48303676491001357  0.49370537123249686
  0.50433064520426685  0.51496203172955912  0.52556576763799145  0.53614009046768030
  0.54673839322763607  0.55729135762520587  0.56788383600697312  0.57843412945640826
  0.58901034148072340  0.59959641202476099  0.61019733818387456  0.62083187549808183
  0.63136676411244097  0.64185562847167610  0.65246708935962960  0.66303410185999578
  0.67364550132458523  0.68419719997513229  0.69480910528843998  0.70534790251190971
  0.71591093770118952  0.72644588926099984  0.73695835067508053  0.74741521604877248
  0.75790389586243878  0.76853643877976741  0.77907377468591410  0.78967147695489226
  0.80020861019082379  0.81078539341035105  0.82136143226326841  0.83205619881047588
  0.84255829012196382  0.85309651440495493  0.86351489000800319  0.87420256121974094
  0.88469736911455454  0.89532718459846439  0.90578834508934225  0.91635016255972734
  0.92672737133020766  0.93712673765117671  0.94746808478079414  0.95792917046469195
  0.96838478422467067  0.97897286619024382  0.98945888200112164  1.00000000000000000
 -0.00223163838039707  0.00917137755164394  0.01921710802257951  0.02963110978438737
  0.04016912128612585  0.05065902225137371  0.06110403403391039  0.07159143893109485
  0.08206022751108207  0.09261663299705884  0.10314050895727492  0.11374470800450952
  0.12427607489533354  0.13485293798965364  0.14542597051533443  0.15596112409507046
  0.16639240681300987  0.17679456426431564  0.18731054495657495  0.19784260279875182
  0.20843319404347371  0.21895248196940365  0.22951778224966884  0.24003241314900012
  0.25055086446776537  0.26113517496176403  0.27175842847978976  0.28247696108941250
  0.29315722868933880  0.30375491773606517  0.31425619256633425  0.32462711580250236
  0.33505384579453634  0.34560883573678064  0.35628675558060624  0.36692527367599065
  0.37753540854933926  0.38818039313214475  0.39874315481111905  0.40936308133712523
  0.41993839799953064  0.43059185554443646  0.44116499520022484  0.45175473514062353
  0.46237326909583909  0.47288992648193767  0.48341102049244633  0.49390201441495418
  0.50441195997284205  0.51494681915876095  0.52546085886173055  0.53592021274903112
  0.54638756752021522  0.55687246548543490  0.56742866665385150  0.57794856279243856
  0.58844902389193710  0.59889044909630640  0.60940635471320037  0.62003200502385347
  0.63074129532902656  0.64135202336930330  0.65191153534792801  0.66248086472694945
  0.67302354361251915  0.68360940547215920  0.69420518506002893  0.70485693572295138
  0.71541177457262850  0.72595713345078361  0.73657667435230234  0.74720026177849963
  0.75782762207098553  0.76844228862944575  0.77904700125902826  0.78963220163806103
  0.80010685333511455  0.81065663078828087  0.82114626534953838  0.83175750826850015
  0.84240528432906558  0.85298569826155912  0.86352552654755121  0.87396963158184859
  0.88463044021920623  0.89525184045778372  0.90583639054422271  0.91645578673434847
  0.92692873805761733  0.93749266442324009  0.94781194939606428  0.95829909035079075
  0.96876662292817561  0.97921973848903154  0.98962796645364060  1.00000000000000000
 -0.00240497149789752  0.00936714657484181  0.01943176669441457  0.02989539483444078
  0.04052337292314735  0.05116629715315445  0.06183967280242929  0.07241487540700102
  0.08296748777497361  0.09353603648538972  0.10411322399605473  0.11469494873098152
  0.12523832387758574  0.13576492888339875  0.14631973775715509  0.15676020029165133
  0.16726014952359361  0.17772314833370026  0.18834939463221689  0.19889246167304114
  0.20936452460342533  0.21988727155642412  0.23044730717066247  0.24106681950731640
  0.25171914277129054  0.26225682600976397  0.27282966895576860  0.28334797915045379
  0.29390854011230760  0.30450295311510700  0.31512322229372663  0.32569506228051287
  0.33625121559983967  0.34685742627535104  0.35747805011590389  0.36808329132181938
  0.37864897165432432  0.38921927160822256  0.39976553971090090  0.41030206940586589
  0.42082351652001765  0.43132096912726819  0.44173555690121730  0.45216395073144794
  0.46270716962693120  0.47323045267265329  0.48380494314836653  0.49429947364909127
  0.50479311343317135  0.51537040170978488  0.52585598292884717  0.53626081539877168
  0.54659431709183470  0.55695803283422329  0.56747137978484308  0.57798292214613489
  0.58855209516864382  0.59917468979721056  0.60978334240937915  0.62043151008968245
  0.63103936756378909  0.64171718432141633  0.65231829237534189  0.66283606203844514
  0.67328753999570534  0.68377672777062004  0.69429584215539775  0.70479837732053752
  0.71522985049377696  0.72560937246397261  0.73626514672414578  0.74692650062810217
  0.75758013193119333  0.76812048516675646  0.77872812702204697  0.78936504507250482
  0.79981848337651551  0.81021854284493922  0.82070537188598702  0.83118084996485841
  0.84170344579870704  0.85218819629628240  0.86274188597088364  0.87333026948716441
  0.88387610384556525  0.89435722702399345  0.90484770058678388  0.91536719031434277
  0.92605610037061437  0.93663046096341751  0.94722738525737260  0.95773712481567375
  0.96838040637041656  0.97898462624558846  0.98953621956150928  1.00000000000000000
   1.0858975386214080E-005  -1.0000000000000000     
 T T F T T F T T
