 -0.00168214700760697  0.00618790806153216  0.01344204252501985  0.02056549613811454
  0.02799415577297705  0.03577633495331319  0.04387982301448139  0.05229207175361546
  0.06092763445325131  0.06971102289630733  0.07859072277522133  0.08756166887578380
  0.09660292806116486  0.10569936998768176  0.11492318103242195  0.12426897409978035
  0.13388624666905269  0.14362306536406197  0.15338905742090461  0.16315288772923750
  0.17293182212949074  0.18273410841349960  0.19256361928140470  0.20240372971804946
  0.21227811477769748  0.22213592894186124  0.23205847148422712  0.24204514148614986
  0.25210999824557945  0.26217776185364827  0.27228734773163032  0.28245100156744163
  0.29265892397398380  0.30289989684440333  0.31320042667439446  0.32343380426520779
  0.33358623521521402  0.34363224182625801  0.35372137596434083  0.36395562099905443
  0.37425850108792763  0.38468676379873634  0.39513842964480284  0.40563128386336239
  0.41610676594354196  0.42647296401372092  0.43681143471243478  0.44724812142118814
  0.45773711677932932  0.46828649797048649  0.47882791663256558  0.48946851239234773
  0.50012922298550599  0.51077170307494613  0.52140138290638538  0.53196964205782360
  0.54250531430833993  0.55308615300091934  0.56370943752868352  0.57430591212426729
  0.58485375320546029  0.59550675755729920  0.60622723103901666  0.61694470626056730
  0.62762731973700125  0.63828655994213435  0.64898534125317064  0.65970900804833765
  0.67046627410904491  0.68109251676819615  0.69165968484526896  0.70220449385267469
  0.71294081402556975  0.72377044712115612  0.73469278237874247  0.74562280387733570
  0.75665539921018632  0.76774874788900604  0.77888758283223014  0.79001527058316146
  0.80115524726478127  0.81230775666157551  0.82355672242587885  0.83501658280922630
  0.84661929773356570  0.85832260716290953  0.87013048059271447  0.88206245448171838
  0.89411276410507179  0.90630405454582796  0.91872341748182629  0.93151575699582390
  0.94484593609854872  0.95932750617475637  0.97714747772550226  1.00000000000000000
 -0.00258069605616533  0.00981183354816619  0.02019389291922204  0.03078624534236338
  0.04141414850305072  0.05204000558366521  0.06275047252131426  0.07328463013381516
  0.08386908093642360  0.09432010066690698  0.10482412902622218  0.11527582570168579
  0.12579855197851245  0.13629255219558892  0.14672634054494996  0.15725809845996522
  0.16785292421648698  0.17852187183622012  0.18902752109891882  0.19950819386619564
  0.20989586097268154  0.22035021526740084  0.23089967829194125  0.24139778908147666
  0.25180308066345664  0.26209674032527158  0.27242409335586310  0.28287095322689698
  0.29336186817570897  0.30395010494783375  0.31451094907074045  0.32508288938252317
  0.33552366433570729  0.34592683360080123  0.35650989418437340  0.36723270362549049
  0.37780672421761252  0.38816121295741157  0.39848978595632478  0.40895416543306762
  0.41949344128997135  0.42998960425766120  0.44045968886258591  0.45086033097937461
  0.46130339048583419  0.47182704175920931  0.48245064311771824  0.49311565844898636
  0.50366480458250917  0.51411781156084690  0.52460003197270211  0.53508598354004344
  0.54541867607138883  0.55570118592802276  0.56604122168228443  0.57639998890988919
  0.58670630769444088  0.59706589488784956  0.60759090942382932  0.61824245379108034
  0.62869259404858757  0.63917518147608432  0.64959907405276796  0.66028514464919730
  0.67090790749488394  0.68154549015179844  0.69212684122552004  0.70280375579054954
  0.71359724485157061  0.72429227358695147  0.73510999374775832  0.74582655827774103
  0.75665872541315371  0.76738543135929116  0.77812494106905516  0.78868972422241002
  0.79904874792574798  0.80927306481840822  0.81965762686433496  0.83019256154106857
  0.84081007102379945  0.85123166881063983  0.86181665721635925  0.87239669881458770
  0.88306859112706959  0.89349009737868923  0.90414441352399411  0.91473316896902079
  0.92546668875820481  0.93612481537487424  0.94689771384001720  0.95767781694503962
  0.96830991229112529  0.97894365589716081  0.98948536882927551  1.00000000000000000
 -0.00172531451986241  0.00987988954235644  0.01997935231047324  0.03032919696694656
  0.04061615813920558  0.05106210076395145  0.06162285899550053  0.07215423262293448
  0.08260993448482344  0.09302102172576222  0.10333512884252682  0.11368900638251514
  0.12395703450977567  0.13429169140982941  0.14470478756993921  0.15526307725256469
  0.16591582043167372  0.17649827670579610  0.18703307003662215  0.19752544482059620
  0.20796301649412655  0.21834843520380873  0.22885524692876283  0.23936863745155149
  0.24999710977428108  0.26058151497609844  0.27122847888807256  0.28183528233977412
  0.29235952256401287  0.30283747179523479  0.31331529297656513  0.32386054743070536
  0.33448434105147973  0.34512474041005098  0.35569059242494805  0.36616699642490669
  0.37664809773013402  0.38709288002633851  0.39753884259604916  0.40789259484926355
  0.41832370903525862  0.42886263797190349  0.43946742017136525  0.45016906740361168
  0.46091367763132718  0.47167868298684196  0.48234456086174810  0.49293084904654066
  0.50348467199625224  0.51392011838951090  0.52442573926350089  0.53493300219037621
  0.54559504480483390  0.55609492513972580  0.56671130444839279  0.57714497569043743
  0.58772488876793871  0.59819873514107580  0.60883841702561592  0.61949584639597621
  0.63002205285498647  0.64048462954611307  0.65084991694824679  0.66135189692655594
  0.67185772011815370  0.68254087024038801  0.69302525303773022  0.70360397404181252
  0.71399346601948177  0.72448278077742090  0.73492189270792441  0.74533655141926480
  0.75569825386372935  0.76602441151930611  0.77644092236081685  0.78695629486403840
  0.79753658868420063  0.80811662783093163  0.81883097166338947  0.82960594326826131
  0.84041103839604137  0.85121615877502999  0.86196697557276758  0.87278884597094397
  0.88344097834515989  0.89415579949786750  0.90463857162001904  0.91523386378031368
  0.92570910670439599  0.93623679161095008  0.94671104666175010  0.95737294178478149
  0.96794774847769161  0.97858336257281631  0.98920638033372099  1.00000000000000000
 -0.00245354394048051  0.00949034019160691  0.01970462821948367  0.03019144497502473
  0.04080627446302619  0.05142324069096531  0.06204879218448389  0.07276338413597241
  0.08354150625027021  0.09441986249133860  0.10523273527468842  0.11610438197530870
  0.12684801631319004  0.13739864475018085  0.14796740820777882  0.15843263753811973
  0.16882377693265416  0.17927142039108823  0.18988085628798973  0.20061026675664972
  0.21122839808765545  0.22168806483569986  0.23223720151888763  0.24282233157076555
  0.25356550985303156  0.26420551888155608  0.27483638491231838  0.28538468179448834
  0.29595454814310551  0.30644808789301325  0.31701249057544717  0.32758824388730862
  0.33812409372733060  0.34867025086325992  0.35934686439220509  0.37008205830509550
  0.38057409010318455  0.39090286037724686  0.40121318825087510  0.41166297302504301
  0.42211244770538092  0.43247400129396163  0.44271145491778180  0.45307918341142733
  0.46350203234892301  0.47413978145024238  0.48470857523075128  0.49525849755977069
  0.50574400845411660  0.51628460094760631  0.52678296843806682  0.53723754569860127
  0.54772424604094228  0.55820175401816940  0.56873829755143779  0.57931589365329605
  0.59005106425348197  0.60056925878023182  0.61108462869760038  0.62156355000883223
  0.63217684863976098  0.64266003274459171  0.65317820840130558  0.66374975878492914
  0.67424009108469452  0.68465083442891272  0.69508490804479373  0.70565638092635374
  0.71624309457294133  0.72677868666438461  0.73739434223514633  0.74813003064140982
  0.75877828984318607  0.76937793268279531  0.77985170667230719  0.79040971341527277
  0.80080285819608277  0.81113799306493450  0.82147644079140569  0.83188367040574895
  0.84245020571071427  0.85279364860647722  0.86324936873114733  0.87374047291041423
  0.88422158705500542  0.89477445129275901  0.90511297774534261  0.91534966677364482
  0.92547798690559657  0.93577586248143296  0.94651823520201250  0.95730507388149544
  0.96810737869893448  0.97884989263011990  0.98948332427104524  1.00000000000000000
 -0.00214680673455363  0.00945377992975637  0.01934578638981282  0.02984882748650343
  0.04027386365844128  0.05091574635018151  0.06127148799000363  0.07172143236047072
  0.08207118216759657  0.09254599002074940  0.10303786439645765  0.11365099103514024
  0.12415249821826888  0.13466856362002080  0.14511662104772258  0.15547214402027945
  0.16581699112801226  0.17617190857386458  0.18678120407483823  0.19758203659874485
  0.20839499043841059  0.21923014635126092  0.22997954474276525  0.24066630768957825
  0.25123911457045289  0.26165297980186397  0.27201539678919517  0.28239708263275098
  0.29290905620689101  0.30338906063840620  0.31398414780931788  0.32440198949207122
  0.33497358605671945  0.34549824988230876  0.35614929026127989  0.36681463453297647
  0.37740428218919958  0.38791227825419800  0.39846955296941033  0.40898596440521745
  0.41968128154276291  0.43031140969005022  0.44079172700416130  0.45137888944832988
  0.46200303807652782  0.47287511206827415  0.48338023652387063  0.49380371484478902
  0.50409359867785009  0.51436170261127401  0.52467447511024090  0.53504666396307976
  0.54558121160397854  0.55604720771966787  0.56658166341529814  0.57715963458120934
  0.58783194796288796  0.59840115309228126  0.60875621107200206  0.61914571654459571
  0.62963604179808041  0.64014540655970464  0.65055355972754003  0.66094212809051645
  0.67141162936087506  0.68190619415526854  0.69240931133419092  0.70296562684026065
  0.71356608653280706  0.72417290050904415  0.73485302648489148  0.74558501969050572
  0.75627284200576439  0.76703412126144999  0.77774688858142582  0.78848737566297622
  0.79904369867226421  0.80953039688636586  0.81997972394415930  0.83030531611281422
  0.84069175683198727  0.85118024898446143  0.86182220797430431  0.87262543130486314
  0.88339409952722403  0.89413448295295306  0.90461555391368065  0.91499043417504033
  0.92556381949488609  0.93614592052696666  0.94670481048287092  0.95724707353850913
  0.96791868660982572  0.97875935953494975  0.98942290834033286  1.00000000000000000
   6.2248878865983907E-010  -1.0000000000000000     
 T T F F F F T T
