 -0.00165378767044238  0.00611429693644396  0.01332016029533663  0.02046417449449854
  0.02792029993530250  0.03569023579415385  0.04369836486920650  0.05189447197858800
  0.06030678889178102  0.06902195337642197  0.07797513322705374  0.08704488848799075
  0.09617195691546662  0.10532147158676190  0.11455310515014441  0.12383119366761280
  0.13322264291267003  0.14273753505027023  0.15239844636768043  0.16219464062009109
  0.17208534166988687  0.18206930804905733  0.19220878124187826  0.20231047474701946
  0.21233536564083710  0.22229903922715474  0.23238890021699674  0.24257359964866171
  0.25280199138097015  0.26306189253990697  0.27328701527850402  0.28338881182034409
  0.29342871047060193  0.30353769947507941  0.31373786261572545  0.32402122948429246
  0.33435096565647360  0.34481969907990151  0.35527673277074384  0.36570390620063908
  0.37606658903519635  0.38647932601166918  0.39680282406182343  0.40704064803194434
  0.41725805505726871  0.42754710341714242  0.43781004488328190  0.44813489397103806
  0.45844741964204133  0.46885016591509260  0.47927639665669669  0.48973359142459311
  0.50025954207233569  0.51078759199116497  0.52124215561246723  0.53164674843394766
  0.54214136466865082  0.55279751792195220  0.56358515600857428  0.57432626075916904
  0.58496217986633503  0.59545252352890721  0.60583481160447139  0.61626180850356482
  0.62675419273680533  0.63735042046887791  0.64799218877629372  0.65869601823719748
  0.66944410195715043  0.68028526123439059  0.69120383058028423  0.70217464301879395
  0.71322527909956057  0.72411188517329006  0.73502019098676707  0.74592399330349202
  0.75700133180571128  0.76798518385288006  0.77892783732393955  0.78987485991309636
  0.80087398200984306  0.81198940683808762  0.82331551493931421  0.83477649468487469
  0.84619238233549077  0.85763360492253282  0.86923625962168016  0.88098962068406672
  0.89292138951270295  0.90515119697038871  0.91776928734009888  0.93080172223358504
  0.94437494818796064  0.95909047544044346  0.97711413036662376  1.00000000000000000
 -0.00250002017836001  0.00950061484014399  0.01979811884828189  0.03061970985266500
  0.04143028779800516  0.05235701980205522  0.06324266065511083  0.07397552860359685
  0.08467487152725423  0.09536403079365624  0.10594838630926179  0.11627907068473552
  0.12646402583897590  0.13661931169813735  0.14695161310150306  0.15745085120806995
  0.16810455982107958  0.17872310049495235  0.18924708195417575  0.19971634824057022
  0.21032890675138427  0.22096370776251509  0.23156772953055316  0.24204119619161596
  0.25248823747252808  0.26302350090368110  0.27357208755613965  0.28424049008802221
  0.29484781082971212  0.30541868485808271  0.31577738036609815  0.32622455433606018
  0.33678336030841749  0.34735183976581713  0.35794995459899104  0.36857778856970397
  0.37923112191864516  0.38983501367995732  0.40052047900497662  0.41117945638187242
  0.42165223688247833  0.43194831534793704  0.44231702666173578  0.45266460354249677
  0.46301958724104592  0.47342327475140111  0.48398637633044683  0.49450278158853211
  0.50499768957982849  0.51543908390320525  0.52580264272139887  0.53618193011050674
  0.54668241229126668  0.55737601713885865  0.56822955316497736  0.57894214570000446
  0.58941178118813642  0.59970210594709272  0.61005850862556699  0.62056659315610685
  0.63102638878100170  0.64136102284032037  0.65169639060886908  0.66210990833710770
  0.67266611372315022  0.68325887669406993  0.69387295958107420  0.70451849787602749
  0.71518900439071009  0.72598491944002275  0.73661457212408543  0.74727615188131502
  0.75774619857824699  0.76823743705147884  0.77871015782906361  0.78924953635131523
  0.79973800228117164  0.81021107435250872  0.82065918864462462  0.83119276651355034
  0.84175719690978446  0.85242088494858848  0.86301280984106277  0.87350546324465872
  0.88389180852672888  0.89426243367499880  0.90477594825486540  0.91516122822910706
  0.92570600504321143  0.93619620824191274  0.94692006582232391  0.95767863828623168
  0.96810496235366383  0.97877778540602223  0.98931725147402505  1.00000000000000000
 -0.00239042424029951  0.00961637183108312  0.01973278811770659  0.03021774100968589
  0.04063078705343769  0.05104512030139079  0.06154505901418076  0.07209802085844540
  0.08245396918539019  0.09293815065031959  0.10336701081534383  0.11422511233646679
  0.12491254694535064  0.13579501445778588  0.14658848827269327  0.15745537634788778
  0.16823720388694693  0.17892873052887301  0.18955647868072761  0.20017645218260746
  0.21073833985573528  0.22116124884275620  0.23149828954196960  0.24177736119276327
  0.25213618010260458  0.26276087581167740  0.27337182958145734  0.28401233757096978
  0.29450882438101261  0.30511473093794261  0.31561286676865330  0.32587136858416910
  0.33602900580719697  0.34619125308595844  0.35648069516377001  0.36689861564542553
  0.37734439882155502  0.38786502796190142  0.39837654466207723  0.40881912212274413
  0.41912339249296704  0.42952024306356462  0.43999465083849970  0.45052030555629258
  0.46101627910390558  0.47152242146370316  0.48206251866294730  0.49265807253340849
  0.50328779353610542  0.51402689119852341  0.52469187092343084  0.53527967748615024
  0.54577462750843342  0.55629983099950153  0.56683335123676704  0.57742327521725367
  0.58793917975484966  0.59848662148686016  0.60898407499471130  0.61948367254784353
  0.62989923558640681  0.64032614463417192  0.65078996343197348  0.66135379901179481
  0.67194349735646108  0.68238848526102858  0.69274322410014222  0.70311475034004478
  0.71372000508351097  0.72435196565996784  0.73502451616791831  0.74557362109677816
  0.75622815593602633  0.76675524862251909  0.77731507571919423  0.78784879691576837
  0.79838213678803127  0.80888684717100368  0.81957980785542728  0.83014305383615627
  0.84076737383391609  0.85122367109754515  0.86194202628749994  0.87266706620048540
  0.88333308584540071  0.89402575882875679  0.90452378758667917  0.91522715419981882
  0.92587017442771902  0.93646154913260204  0.94698109165689959  0.95729803190067508
  0.96787014890093925  0.97848490928580623  0.98925126864718871  1.00000000000000000
 -0.00218207939024617  0.01004038652811697  0.02054073296384986  0.03109567904708444
  0.04178386821332276  0.05249195653749505  0.06334837900794861  0.07414706339136738
  0.08504943811653111  0.09571106256382367  0.10638925498286771  0.11684153863964847
  0.12747094947444443  0.13802753381106786  0.14857177697913637  0.15898209052560378
  0.16938189804982315  0.17974969389887771  0.19021345127407843  0.20063638563514316
  0.21106287671786991  0.22150463559946734  0.23198320024593164  0.24244273032287164
  0.25288600097658170  0.26334526761904420  0.27389159961113163  0.28444084388882612
  0.29503131903852564  0.30564259368137392  0.31644135560701880  0.32729765947587097
  0.33810366254110402  0.34878240551281164  0.35944696257623504  0.37004577129706245
  0.38066101226076426  0.39135116872208164  0.40212539541287118  0.41293307724437361
  0.42369161547276052  0.43451244056950716  0.44514615264394530  0.45590526581021995
  0.46651941008543307  0.47714067369897567  0.48742462400599512  0.49762847338072363
  0.50796914696275297  0.51847576873168455  0.52907671700425873  0.53962178461625854
  0.55028328236336832  0.56093509502691141  0.57148737020041718  0.58208418671876982
  0.59263555941878732  0.60327309021637276  0.61361124708813153  0.62399423755514549
  0.63432349182462888  0.64454307452639414  0.65486205415018661  0.66525113387297907
  0.67596678842525504  0.68671985895081855  0.69740700723031934  0.70811946993375385
  0.71877923461062820  0.72943309664442857  0.73989942594647762  0.75044309308916879
  0.76094486471311218  0.77135229809997585  0.78174241830717983  0.79207942124871333
  0.80252762182996962  0.81299456460748798  0.82359308668683107  0.83410409811969854
  0.84450240859842118  0.85480513949975301  0.86510695581367103  0.87542280371032644
  0.88588886576900083  0.89636673156334357  0.90687226821764344  0.91737851235381818
  0.92790401859705152  0.93839937312725885  0.94867482527569325  0.95895847566078596
  0.96915743966394163  0.97939211980708230  0.98964041987598550  1.00000000000000000
 -0.00255670736139344  0.00960022838058576  0.01982618091696422  0.03026567865850776
  0.04067237498822775  0.05124340897366268  0.06175918936082790  0.07234033773080539
  0.08276274763043799  0.09351210455960179  0.10426821581753687  0.11507103228395207
  0.12579824223993624  0.13636304295741358  0.14681082163349327  0.15721785720678286
  0.16763604005174934  0.17814609260905176  0.18857058635564389  0.19910686624032320
  0.20961655119116523  0.22002340412751861  0.23052619138412667  0.24112528493204138
  0.25187829368632242  0.26249728981524845  0.27301772207824448  0.28354238966107081
  0.29409678971404341  0.30472372964804489  0.31535662091734795  0.32599510411430915
  0.33657170338316178  0.34711455683816128  0.35749234531646368  0.36775036765285440
  0.37802061301618672  0.38830943264402062  0.39864070272114610  0.40883829188059817
  0.41924560852448112  0.42972100651566769  0.44033222775462338  0.45081059029483939
  0.46132813514736037  0.47190100462929346  0.48260081838093799  0.49337503632130431
  0.50400394718641950  0.51451764287597201  0.52496206563408376  0.53542157188998807
  0.54582582473625563  0.55621484360186702  0.56669304565544865  0.57723624722560674
  0.58777827592166954  0.59827483152528838  0.60880073654501698  0.61918068494022127
  0.62956734778733903  0.63998882440110572  0.65046828672736845  0.66103559536551038
  0.67162662801623141  0.68232708729744240  0.69293116721107006  0.70345067340402767
  0.71409748391724093  0.72465545694218192  0.73522054849119634  0.74577470910311350
  0.75645986285153455  0.76714939631313417  0.77776108350909556  0.78839847237376892
  0.79900483893353969  0.80960669360857329  0.82013744410374456  0.83070453366375352
  0.84112959515490004  0.85159809585469814  0.86216649312327309  0.87271121894296333
  0.88321695230353692  0.89360582518129539  0.90427801991922119  0.91492100535862408
  0.92551529411261679  0.93596435314086512  0.94660490583210266  0.95730258030860271
  0.96800400981788526  0.97864742692833062  0.98932455011414655  1.00000000000000000
   5.4217294709761450E-012  -1.0000000000000000     
 T T F F F F T T
