 -0.00155484427041327  0.00574535066410095  0.01252045777714743  0.01919671477647086
  0.02622144715483867  0.03362551141947818  0.04139062397672975  0.04946398298016826
  0.05775343970383089  0.06626451152819311  0.07501432966826999  0.08393754834491815
  0.09298864809992478  0.10216167347404920  0.11142356846728693  0.12075466647487189
  0.13012180608033752  0.13955065620331536  0.14908619068760881  0.15870854898231174
  0.16839149741003670  0.17811718064773391  0.18786500632346537  0.19762357405661227
  0.20740105592739455  0.21720129554423262  0.22707388916686136  0.23705576385088489
  0.24708954488003365  0.25712623168020310  0.26713894161878210  0.27721752064325861
  0.28734940046533192  0.29748204120668437  0.30756448628349337  0.31765844821763739
  0.32781531913217316  0.33803415063235331  0.34829378247901649  0.35855121809434504
  0.36875833898433458  0.37897517436948092  0.38928677611248130  0.39974013982293610
  0.41023247892132275  0.42068293361667786  0.43111639811637753  0.44155913661991941
  0.45201668335732442  0.46242356064212592  0.47276036837582708  0.48309864399785746
  0.49351820823052200  0.50399142580033096  0.51446780903029676  0.52494376257280306
  0.53549011671798297  0.54608856071139233  0.55673888745888545  0.56741969215696353
  0.57810671817350512  0.58874396934517115  0.59936425614690869  0.61002964958698291
  0.62077104941468986  0.63158361794276541  0.64239292050455221  0.65316826384632443
  0.66394228578477399  0.67477369444055024  0.68566749330219778  0.69663986277140144
  0.70771948055525202  0.71886106754434742  0.73000203017354304  0.74112343743700548
  0.75225471519622233  0.76341276060575081  0.77457995572618465  0.78581493943853742
  0.79713148241318055  0.80851578238188782  0.81995232880522739  0.83144450303279160
  0.84301446188450524  0.85464516814791147  0.86639234651322339  0.87829759384635309
  0.89038290293769784  0.90267361813282632  0.91526362660805793  0.92832067185114331
  0.94198715474058681  0.95676474312750370  0.97526380064232832  1.00000000000000000
 -0.00233816496160077  0.00929387840940500  0.01927120964218726  0.02978555178533485
  0.04029590384692287  0.05091280351755467  0.06154201103956494  0.07204581642794426
  0.08262233581432307  0.09311064544049313  0.10367049567007990  0.11408194467607058
  0.12443900096415010  0.13483675019097288  0.14530839564600964  0.15591999200990225
  0.16653006321144825  0.17711660929119166  0.18755012365346413  0.19800012247491280
  0.20847852147457482  0.21903267482972991  0.22957718189218032  0.24010346785104045
  0.25060004528493840  0.26110903245363076  0.27165828029616834  0.28237043141944673
  0.29294802562912342  0.30355761009966115  0.31396667517994969  0.32452347610179733
  0.33490130713973437  0.34542377947721709  0.35600270887074859  0.36678571872471188
  0.37747542867452777  0.38803158249375097  0.39863954603335300  0.40919677108923236
  0.41973058653713791  0.43014848951600221  0.44062831955011456  0.45122072075439507
  0.46182897621420366  0.47244829956463014  0.48299899882747421  0.49348864959900068
  0.50394419950983949  0.51433107856442939  0.52479734873365091  0.53529271732013017
  0.54582680116075843  0.55631381047947392  0.56691270232190649  0.57748735299178899
  0.58812339576446682  0.59871893887887195  0.60935523759621402  0.61993259240903220
  0.63038444587599596  0.64089237912835706  0.65131968173017796  0.66184707892027150
  0.67240301793185098  0.68301654592695560  0.69358067042625493  0.70412917139174591
  0.71467531348779534  0.72520595202214977  0.73570073555762694  0.74618191929250721
  0.75671311889001758  0.76730866659309616  0.77795192992065398  0.78859636231222396
  0.79915407204787803  0.80971160029898093  0.82018453568375815  0.83072067082037615
  0.84129421352191791  0.85190138934036186  0.86249287032718325  0.87301509763245877
  0.88346077286811764  0.89390023425560639  0.90444748718631007  0.91507045164836964
  0.92566666909772677  0.93628300924696406  0.94687519407245058  0.95753937046182103
  0.96812363471272278  0.97877191219375093  0.98936083920370999  1.00000000000000000
 -0.00226612592931762  0.00921394274277745  0.01925537722810759  0.02979672576073356
  0.04047564027017037  0.05113234194834827  0.06173512209204712  0.07221711216357631
  0.08268414782750037  0.09316809002920513  0.10364575184573516  0.11418488073740657
  0.12465503405124219  0.13523502607138776  0.14584409444720739  0.15657919157402833
  0.16720076411244425  0.17795305670637390  0.18862977071449577  0.19919523260467781
  0.20958904945145118  0.22005509384724461  0.23054764880116757  0.24104526793645023
  0.25149055801645942  0.26208814459361829  0.27273431163756823  0.28330871349491527
  0.29389158133693877  0.30449232800118087  0.31512419148538368  0.32559762648188600
  0.33611888680204854  0.34667996313971894  0.35730899588463882  0.36782331818995201
  0.37830978037148233  0.38882298659263259  0.39935208152149287  0.40992080176577983
  0.42045478572397904  0.43097006586653819  0.44160720834292549  0.45232988618342346
  0.46299425545097128  0.47352395915539303  0.48399475871722042  0.49454429458047167
  0.50509873763678348  0.51569677278194026  0.52625271345768343  0.53684716268054711
  0.54739121084684561  0.55802879733119648  0.56864783952273201  0.57925253489816031
  0.58980431808647782  0.60042759320448147  0.61100760766366535  0.62158669101202657
  0.63216341665699016  0.64276308689992068  0.65331087101299656  0.66375694970782462
  0.67422781427885470  0.68465706670947746  0.69516277109419133  0.70564275776965935
  0.71622122768917840  0.72673055778724915  0.73735300744053167  0.74777169850011549
  0.75817366251161034  0.76851593478184821  0.77902164077330593  0.78949347860374541
  0.79991329262297184  0.81040138163569198  0.82080562630312992  0.83130204852947787
  0.84164993972152202  0.85213707896237745  0.86247994157328356  0.87299893430846920
  0.88358526220837941  0.89422576697123035  0.90470384616284782  0.91526306610660035
  0.92586491071431354  0.93652040360871869  0.94707754492896712  0.95776542502787720
  0.96832387706217182  0.97886578254852874  0.98941308715879239  1.00000000000000000
 -0.00233326364296903  0.00920972834758937  0.01925062939164467  0.02983734526451706
  0.04042852371913522  0.05101301668068478  0.06157997487174511  0.07217592302714861
  0.08282985059921812  0.09341182116213642  0.10400598929009082  0.11462062006080855
  0.12528925622099715  0.13583754551752625  0.14639599002584830  0.15689388487517889
  0.16730007412135284  0.17765817297940067  0.18809775902440595  0.19874711017035454
  0.20948055585284461  0.22021642880523090  0.23094493276048247  0.24148519288839632
  0.25206335665998020  0.26268863934388392  0.27341820096246500  0.28408734147912124
  0.29475468954208561  0.30530997615627703  0.31574189242213613  0.32607125442070539
  0.33646016280272767  0.34700496247381807  0.35755088517528727  0.36813174845497593
  0.37863778186347230  0.38919806561038073  0.39968212798249964  0.41010151319890914
  0.42053693525463809  0.43104901278672264  0.44172295741268758  0.45233458655072456
  0.46295287661160484  0.47343836659894845  0.48400201227352668  0.49452787126626652
  0.50514166627795520  0.51574705276216348  0.52633683239494744  0.53684339413468940
  0.54724983965974716  0.55763433387551775  0.56810356927602856  0.57860923491477068
  0.58904686590102462  0.59945129002154052  0.60991293375107436  0.62038582650878638
  0.63086494629554768  0.64128862010564913  0.65183144418132855  0.66240772196076114
  0.67296647874270132  0.68347178708703671  0.69393965259743395  0.70441706387467151
  0.71493635347292295  0.72541248757571331  0.73597579777042732  0.74645763377002838
  0.75697300146734969  0.76754918121483862  0.77817846364542953  0.78882966359663409
  0.79934805675011700  0.80987902456797978  0.82046150106878590  0.83101744845269732
  0.84159427645512586  0.85212394317524587  0.86262514852655359  0.87318184812144239
  0.88367539571412923  0.89419475936111426  0.90468603222309518  0.91511790035357266
  0.92570973262155787  0.93630078955329588  0.94688352305587620  0.95748496459628096
  0.96803120430908796  0.97870498865485933  0.98925821784040358  1.00000000000000000
 -0.00240329217759134  0.00944143955760967  0.01963384731330310  0.03019054363313744
  0.04071175970100321  0.05113652421699549  0.06157101400652219  0.07208828232884355
  0.08262787957031151  0.09325132327759074  0.10383425290230791  0.11443979381143873
  0.12502455776265520  0.13551817908497693  0.14610151945774563  0.15666552140015230
  0.16725934437352982  0.17782083955989650  0.18819705923516414  0.19876965548381137
  0.20923489858207275  0.21984388655627637  0.23038860316948093  0.24087184918819049
  0.25142814010885561  0.26193641714926991  0.27254052964705067  0.28307206479371289
  0.29366331070785778  0.30431792126189328  0.31482962476280751  0.32528804133447781
  0.33570337096246144  0.34624968874632872  0.35674293121349387  0.36727880478413477
  0.37785472414755317  0.38847473573015484  0.39905690473025374  0.40956100913961513
  0.42001924503988369  0.43048424341636282  0.44093985354461845  0.45142156247180759
  0.46189869037093284  0.47243397779008084  0.48292184757783274  0.49348368706066265
  0.50404830507161213  0.51466380149428481  0.52530563718516277  0.53587946271539444
  0.54643783853790684  0.55689657005178161  0.56742536045311043  0.57792106119420827
  0.58847331120091184  0.59898334376892970  0.60949455155150489  0.61998362226753823
  0.63044228473890884  0.64095010281904885  0.65154086159207103  0.66224031038675757
  0.67288359490590266  0.68339750787355635  0.69393654634870161  0.70444297992423932
  0.71503118077348859  0.72555927577634027  0.73615050625734746  0.74664791742907421
  0.75716072174351623  0.76774842731082393  0.77832075559764180  0.78892464054371603
  0.79951385510861894  0.81011494160872921  0.82060849935768387  0.83102320571718680
  0.84153384834429801  0.85209011595627970  0.86261237186487849  0.87319342634750885
  0.88373671359500683  0.89427314788688561  0.90473675221155458  0.91528131476458841
  0.92593448502638853  0.93661016235808425  0.94727364813025194  0.95801662883375072
  0.96856866126817664  0.97919758633003318  0.98958475207671948  1.00000000000000000
   3.7115276185909538E-007  -1.0000000000000000     
 T T T T T T T T
