 -0.00159694096344940  0.00576543721551645  0.01266478369217896  0.01937728118108223
  0.02639518804163364  0.03378745243064266  0.04151831449119245  0.04956756409448266
  0.05787024324762155  0.06643388932134260  0.07523046825939260  0.08417235336268929
  0.09324924952802116  0.10243387935439789  0.11172792610086392  0.12110672768366436
  0.13053978675134939  0.14002782699360838  0.14956846527972684  0.15917791027101663
  0.16883201322935357  0.17852323301521444  0.18827229088408079  0.19809180583051028
  0.20797851584237703  0.21790808991178454  0.22786365071527523  0.23782833352482238
  0.24780215531184652  0.25780605556179326  0.26783451097713001  0.27785096367550993
  0.28787899855271115  0.29798422511078659  0.30816112278008440  0.31835158113170675
  0.32851751712857580  0.33873012974981270  0.34903118956250023  0.35935420819410702
  0.36963147131936730  0.37988165718286415  0.39016478959761813  0.40051142989484212
  0.41089755229673552  0.42127517659437230  0.43166806168169408  0.44207629712860180
  0.45250298566827846  0.46294112323512060  0.47339400833939110  0.48388948977123086
  0.49438579904619551  0.50484390128165746  0.51530315274108252  0.52583478139722217
  0.53642525653621809  0.54702460964454214  0.55756535698184140  0.56811602683096163
  0.57868442461446690  0.58930154753423547  0.59994907059557090  0.61063152334420778
  0.62134457610774019  0.63210116372365244  0.64289991757037834  0.65373389042392449
  0.66462185787105921  0.67555433475296267  0.68653022401887642  0.69748566266250855
  0.70846753343373203  0.71947651184364014  0.73051818436761329  0.74157453802449858
  0.75265325569868757  0.76376459492096616  0.77487149955221557  0.78596589398521766
  0.79707872671039559  0.80822169891625728  0.81943697638262725  0.83079329778603517
  0.84236657750269117  0.85412763936102432  0.86597724999443293  0.87787857069675468
  0.88990748031626188  0.90217825481903235  0.91479020209734263  0.92784534069942937
  0.94158427954649293  0.95648695308724641  0.97510788219317579  1.00000000000000000
 -0.00238035046464223  0.00951803332139879  0.01975465167308007  0.03039734226772993
  0.04112768191949520  0.05171365198693090  0.06218797688566663  0.07258688300015079
  0.08310145444811626  0.09378523756412907  0.10448635259476083  0.11495753005406111
  0.12537402853213311  0.13581768842799891  0.14637218831381610  0.15683413479616817
  0.16728833537472201  0.17781369007996212  0.18823422460551878  0.19875145908952091
  0.20925832314553178  0.21984962624645404  0.23039339760024061  0.24100782035146742
  0.25159251518261239  0.26220854036422786  0.27282886837031312  0.28336914928080686
  0.29389108068853131  0.30438905356223289  0.31495067366428681  0.32541053976211726
  0.33590208006055894  0.34651567307509451  0.35723278214927606  0.36789745083504766
  0.37849031151198331  0.38908318705993039  0.39970382674797461  0.41038250812329091
  0.42098175592272025  0.43157910983816167  0.44219001271953645  0.45271507296398467
  0.46315666289081653  0.47351896544954769  0.48393692955646994  0.49446571000502093
  0.50505261610037522  0.51568208040149588  0.52622529716007160  0.53682383896085417
  0.54732492800295163  0.55786902336842081  0.56837311990719885  0.57899693720428991
  0.58957573435421629  0.60025601462147082  0.61088269933229022  0.62158895840499306
  0.63208799125312343  0.64262341799892098  0.65318228880142992  0.66377681552573631
  0.67436275628733722  0.68493944022569087  0.69552110742620898  0.70620429507993365
  0.71683047200865602  0.72738830881714633  0.73776056234427256  0.74816341725004665
  0.75873409537758874  0.76932336620840847  0.77987495332027745  0.79045648412722969
  0.80096774730824294  0.81147750194776203  0.82192681665295642  0.83237677068016858
  0.84280114232827841  0.85315710278918810  0.86367331537064540  0.87421807234763005
  0.88471958911188986  0.89523792550702352  0.90573206075591295  0.91625894550569553
  0.92674273776672733  0.93721071701998138  0.94771251626132125  0.95813211233368889
  0.96857222923886166  0.97900842676372923  0.98952589171144867  1.00000000000000000
 -0.00234551763491563  0.00917476560430890  0.01910670504897142  0.02975506392143666
  0.04022183572715104  0.05074213190904212  0.06119689478130989  0.07159857786151799
  0.08199676022172563  0.09248266919653700  0.10302553668547876  0.11357968872706035
  0.12414007164511967  0.13471276144654443  0.14526338735587596  0.15557327782310898
  0.16597584295382511  0.17649216090875439  0.18710173781096154  0.19767033824364044
  0.20822476651957697  0.21881430460058812  0.22937382358130440  0.23983376985543189
  0.25029400344843061  0.26081193106061740  0.27137023879877870  0.28197560757386941
  0.29251039080566316  0.30310716736214871  0.31370070756942559  0.32442730866979330
  0.33499551811758965  0.34554178250297063  0.35598800621889937  0.36660165774485826
  0.37718437880821698  0.38782535160875481  0.39844092566354206  0.40906194023941000
  0.41961641557309143  0.43012610272602619  0.44065433885456967  0.45123160733622336
  0.46180745253328165  0.47238496245671424  0.48298616232167307  0.49356427388877627
  0.50417996307255486  0.51474881383735438  0.52525927670164596  0.53571867953116414
  0.54619104219402481  0.55672319030186346  0.56732832894232976  0.57791143785387611
  0.58861351549642893  0.59933476511582773  0.61004397397423460  0.62072426843964035
  0.63124327824361492  0.64173154832025714  0.65212866777849032  0.66263819142740010
  0.67316147841998064  0.68375203512376681  0.69425128180904849  0.70484720455994609
  0.71535609293738356  0.72590266650170543  0.73638097115394041  0.74701735248084333
  0.75763990032193151  0.76826381435654256  0.77872782915403604  0.78925795911414476
  0.79977270617787022  0.81019717465941554  0.82059465265423304  0.83099898342235579
  0.84155468820243062  0.85216757754026928  0.86282039937624355  0.87349489072357167
  0.88422600956011965  0.89495721550202545  0.90566505572655054  0.91626466257215411
  0.92667383223523536  0.93721540562319516  0.94760628858511231  0.95819837245543049
  0.96860911480952339  0.97906659130071350  0.98951565038897771  1.00000000000000000
 -0.00230644036221212  0.00927433317785963  0.01931754707702763  0.02996806711592266
  0.04057625782889493  0.05118365279103757  0.06182372720629877  0.07249519547681903
  0.08322255601535206  0.09382978206379408  0.10437094385532202  0.11485941594779729
  0.12534440755512888  0.13592169745790336  0.14644879392617641  0.15703626581433380
  0.16754135741597245  0.17813837545036351  0.18875806256035568  0.19938502574509814
  0.21004315393810172  0.22068974601530061  0.23136096343759915  0.24189749695692889
  0.25234566845996109  0.26286898663765046  0.27335854551713473  0.28383683890107747
  0.29424194750834026  0.30476840128024879  0.31530931967727682  0.32591888016642162
  0.33642550982216290  0.34693177102547984  0.35737553517851900  0.36782494494911067
  0.37835395032465613  0.38890365951536188  0.39953699611463916  0.41007370278217870
  0.42060015454060556  0.43111095039111785  0.44161375043663154  0.45212469697850149
  0.46268074275899268  0.47335219583643640  0.48400894908920444  0.49455501956560216
  0.50504617532512464  0.51539619254346170  0.52568064882848564  0.53591654301533731
  0.54633319690359472  0.55685013529958327  0.56743110495857918  0.57796958341405547
  0.58848742480509419  0.59899973987771415  0.60955171479626191  0.62017585251844054
  0.63081864067491111  0.64148812317151682  0.65207140168117128  0.66269659935212655
  0.67327880968122289  0.68391485118418693  0.69441419736240295  0.70491133275584428
  0.71525147545898771  0.72574820309090371  0.73625115794769702  0.74687108138197300
  0.75743984065921655  0.76803477250304419  0.77861617381570902  0.78919047392229069
  0.79963407955641974  0.81006284737561696  0.82058235339487851  0.83117214516078175
  0.84178673064420939  0.85229862617896734  0.86292595444672160  0.87345601027570829
  0.88392548575155616  0.89437751516632480  0.90498801549891239  0.91567588911831221
  0.92629130093065615  0.93686700918236809  0.94741586118787513  0.95791582204930448
  0.96842657588681724  0.97891468453280195  0.98947482410809162  1.00000000000000000
 -0.00237280392942248  0.00954454418114712  0.01969012859506598  0.03032969201668044
  0.04096589302849615  0.05158171646227169  0.06217660016056480  0.07270571656989769
  0.08326405411680363  0.09383780964165966  0.10445965179705216  0.11508155193624058
  0.12553701878448767  0.13609294195212371  0.14651781088322616  0.15699865684817271
  0.16737865782957401  0.17783098698924155  0.18833141275049700  0.19888294337537860
  0.20945175077571701  0.21994673803441173  0.23044881375984258  0.24101763583396835
  0.25166882283684988  0.26235291560277291  0.27303664512596459  0.28363723864876700
  0.29422153557268604  0.30481646737857682  0.31551703816638615  0.32611227400945075
  0.33668254904180539  0.34726840559651057  0.35781870289650286  0.36832526173977742
  0.37878030243970862  0.38929860489747853  0.39981376265586649  0.41033852124544612
  0.42091766408135617  0.43154098086237302  0.44216030703371761  0.45280897187309938
  0.46330242108039948  0.47384893479920553  0.48436347412365460  0.49490444522499732
  0.50542285176547153  0.51594498670714040  0.52655941211961910  0.53710763802984185
  0.54764263109758482  0.55801744562931277  0.56845429662529046  0.57893677190787951
  0.58961629951033800  0.60029841439522036  0.61089302998043482  0.62143696655752045
  0.63194303682240216  0.64249079537438059  0.65306804873957625  0.66365239335518877
  0.67418536465216372  0.68461122253569395  0.69514447583149352  0.70569666613082527
  0.71628182106071314  0.72675754777071633  0.73724293948185327  0.74779388565115512
  0.75834077191538474  0.76888649308029156  0.77933173449136761  0.78989906524378228
  0.80043270504604447  0.81103655874312364  0.82158209696036777  0.83219780506976193
  0.84274148576088037  0.85317655684840821  0.86371794219561793  0.87429791244787614
  0.88487233345344674  0.89541728092432871  0.90592576830671301  0.91647966754147581
  0.92687307950008846  0.93737262917950603  0.94780774203358775  0.95827368750282504
  0.96862031215831845  0.97897839983654222  0.98945004358419164  1.00000000000000000
   9.5205529259979598E-007  -1.0000000000000000     
 T T T T T T T T
