 -0.00168499697815836  0.00633799983998477  0.01350568137530763  0.02054968142658405
  0.02793996575280648  0.03571554092627796  0.04379749397784290  0.05216172140831393
  0.06071216132312459  0.06944333916308226  0.07830255983151675  0.08725531474743620
  0.09632337864418292  0.10555450637348364  0.11501104832473157  0.12465430032997944
  0.13442265353789412  0.14423502197586535  0.15402214592892713  0.16381639114297208
  0.17366180783714974  0.18353272058845513  0.19346836851744598  0.20345489969401287
  0.21352475188247044  0.22360752683917567  0.23370151046342189  0.24375049363809440
  0.25382078898748639  0.26386706137279370  0.27396073537273358  0.28411646859073025
  0.29431197407666648  0.30464576522530273  0.31501897434810944  0.32531505285636714
  0.33548322187963775  0.34555507707334976  0.35569566178343831  0.36590051112560135
  0.37614915929754306  0.38646333412623496  0.39683803047834454  0.40726348016675373
  0.41768839469528568  0.42807253236369125  0.43843324194333494  0.44888276039901887
  0.45931253349928253  0.46982579747842473  0.48044593766864407  0.49112611063481632
  0.50175130435176740  0.51225765722576078  0.52287345820736153  0.53357760629622297
  0.54422117514126844  0.55482353348870106  0.56536811516525409  0.57597642551848371
  0.58651212690517740  0.59715237034058499  0.60777019635008245  0.61832196940633555
  0.62880645244937516  0.63939804898758423  0.65017663831556649  0.66102848194006658
  0.67186001985070298  0.68268430474723962  0.69356203779247194  0.70449632297530307
  0.71541700132841557  0.72627421480161902  0.73706854777718489  0.74787443987120450
  0.75881609127066496  0.76993919578599612  0.78117570533305203  0.79233055808410846
  0.80339555278796404  0.81450661340449215  0.82568650563762758  0.83693143241066692
  0.84822648824464286  0.85965069929077154  0.87121191546363774  0.88283007270487779
  0.89469747241600839  0.90684508856056689  0.91934810302633685  0.93210548916185398
  0.94530568873264487  0.95965566684966341  0.97741008367624060  1.00000000000000000
 -0.00252859906453783  0.00948006614434574  0.01976877168972007  0.03045147881378532
  0.04110368851434528  0.05158819399531234  0.06210694860185788  0.07236189349394560
  0.08264746558468777  0.09287980729028231  0.10318123322839795  0.11357382034656860
  0.12408001254853591  0.13476895147470117  0.14538945175151766  0.15577344841752080
  0.16620045344399756  0.17660094549897065  0.18700780896096783  0.19756640597592215
  0.20815149050059437  0.21879755679989232  0.22928683175081477  0.23973520917569333
  0.25018419339619108  0.26077012108379433  0.27134627768141550  0.28211146746708016
  0.29273222427716578  0.30352714697914679  0.31419430944567889  0.32479208911757029
  0.33537731842387597  0.34595734187923644  0.35661926811247530  0.36725952923980965
  0.37791273937440245  0.38847995527821499  0.39892722755844606  0.40936563747142357
  0.41985208938030927  0.43019570127310908  0.44070490768947612  0.45131584599657515
  0.46211867377287269  0.47267546320654763  0.48321588887568334  0.49373430777412441
  0.50430014358468767  0.51479004860891264  0.52555208003427800  0.53624085189956228
  0.54703587260843123  0.55765969818995520  0.56837007942316198  0.57907728711718331
  0.58969122509963701  0.60027299301917947  0.61095338989931192  0.62168641787419499
  0.63250610911708616  0.64322042052313955  0.65410262567604016  0.66491134453923995
  0.67556321360409932  0.68607031817986885  0.69666373847376006  0.70724661788793630
  0.71774633412643130  0.72824650265474122  0.73863203809566713  0.74907391421770453
  0.75949324298977305  0.77008627743642011  0.78066949845109157  0.79119814366326746
  0.80169003490563517  0.81222292436803933  0.82273319471702255  0.83325259946332042
  0.84384099381657907  0.85442698175197485  0.86502827804540827  0.87565512161925663
  0.88622897579344151  0.89680693256099653  0.90723335789546966  0.91760145413628924
  0.92800302178215099  0.93854051651226178  0.94903447811853026  0.95946206966971193
  0.96963584851774454  0.97978569498010626  0.98986060725360336  1.00000000000000000
 -0.00238795119777581  0.00967399964766021  0.02000824408921096  0.03054791497185488
  0.04105870391340985  0.05141719146449458  0.06189422089296690  0.07235939001305679
  0.08287860135215561  0.09340829725138321  0.10396570086012819  0.11465368867248651
  0.12524236934217467  0.13576919880006852  0.14620788585887143  0.15682925605741876
  0.16755101570164382  0.17830136097225402  0.18904014708730629  0.19974961446305234
  0.21037815397764772  0.22101547534334248  0.23158573885460360  0.24217640328274934
  0.25276064528888481  0.26333667917260378  0.27387216653153085  0.28427155184343816
  0.29475045939667222  0.30523936605923785  0.31576288681425840  0.32624258116049287
  0.33672594556565599  0.34722315275647314  0.35761492386739990  0.36806235899889678
  0.37839273683288388  0.38894386407945836  0.39949207178426305  0.41028155419845019
  0.42111153984795952  0.43188714209974843  0.44255669479357679  0.45307777536537908
  0.46358008262731715  0.47415203792479216  0.48471009088775319  0.49523015262313685
  0.50565266745009863  0.51614139894477173  0.52671989206895453  0.53726613075620877
  0.54779474294084307  0.55823038292056404  0.56859542894364623  0.57880861342748180
  0.58912500086343456  0.59943292384751912  0.60996729275075190  0.62062213223308693
  0.63128956521787782  0.64193599092791864  0.65241664279185885  0.66307114325384298
  0.67358982187067751  0.68419442614889359  0.69472758514546740  0.70527660978062900
  0.71569860280099240  0.72611602976231138  0.73664933493561058  0.74744596703635702
  0.75819331358937370  0.76880950871770015  0.77920764015366373  0.78959708657310090
  0.80016198819716011  0.81083412253684739  0.82146969183559970  0.83210551165157998
  0.84237528870537304  0.85276137078758873  0.86304338264844083  0.87364102301415603
  0.88424279887799040  0.89493546664787083  0.90573731850148353  0.91663250578859723
  0.92747060911239410  0.93828628906598965  0.94885461302514440  0.95931655639031965
  0.96963477078233040  0.97978941360492044  0.98992618145994327  1.00000000000000000
 -0.00149161919175207  0.00991415078764843  0.02020095214818295  0.03077497406974455
  0.04134078084279535  0.05185204781090733  0.06249880659408912  0.07277925705986735
  0.08312803542749941  0.09341278960096785  0.10372045474251082  0.11405744399269144
  0.12438516617587027  0.13504577716179972  0.14560975606207568  0.15605744208502292
  0.16653951626703989  0.17700885056526564  0.18762088845201558  0.19803588725457469
  0.20852838110147254  0.21920257880818461  0.22992037883642022  0.24059301056498278
  0.25115830967858699  0.26182635109494518  0.27247341055449048  0.28310776547161626
  0.29359744206137489  0.30415851118684550  0.31477978622046848  0.32555332818171406
  0.33618960950899901  0.34674314434937814  0.35727295590427910  0.36779465776578946
  0.37828049458871899  0.38887793851801339  0.39950657274062534  0.41012372463278984
  0.42069313218993576  0.43128164835539184  0.44184492743651765  0.45232144736947794
  0.46261995372072245  0.47302500099676631  0.48350139658085506  0.49431251210086374
  0.50491073191847213  0.51553132441595162  0.52626047304266543  0.53717799899514562
  0.54792201102493809  0.55844586576400657  0.56900452512517841  0.57940781992046764
  0.58996933486873038  0.60060793211496877  0.61128024462393937  0.62191005032325364
  0.63239671900888006  0.64304793624243084  0.65362198415586803  0.66430871706820471
  0.67498397466906090  0.68546138946557045  0.69580065242668221  0.70614043887522804
  0.71676461281777637  0.72759437509332847  0.73837569722246066  0.74906517181083088
  0.75972782803405980  0.77032711708107460  0.78079804399968844  0.79100734057866762
  0.80129202843111036  0.81169097035531401  0.82208237602109635  0.83258033538149767
  0.84298264843140969  0.85345388355464158  0.86387604582122801  0.87429364377788488
  0.88468452670835407  0.89504758364809778  0.90534545390657062  0.91548700358453605
  0.92580158651208844  0.93621579737041905  0.94690848312702069  0.95757619132207594
  0.96815124859575097  0.97873278795749119  0.98929187758951065  1.00000000000000000
 -0.00220600975748941  0.01004112305811600  0.02034269681031918  0.03104108846606366
  0.04157013342747998  0.05217318663474835  0.06271055343231623  0.07332274231294797
  0.08382420505385069  0.09422189219210100  0.10460065812375197  0.11511616846623633
  0.12563256441846515  0.13616858915296146  0.14665522546547669  0.15713666970504345
  0.16768550922008615  0.17834153538844952  0.18897467330371875  0.19953398658647309
  0.21007962554452675  0.22057784629347202  0.23098198157322491  0.24136390556373793
  0.25186841285337563  0.26244083997331941  0.27315380990097449  0.28402305208370776
  0.29479779563361896  0.30558648130881200  0.31636941961502890  0.32734006656121345
  0.33819053368772134  0.34892857266867028  0.35947181496509345  0.36993239403686645
  0.38035145875216425  0.39095415410505058  0.40173117582688689  0.41249049499555168
  0.42320908843170441  0.43386256438601850  0.44451097744079537  0.45507608684080492
  0.46545447626107583  0.47585321323829666  0.48621691337067263  0.49658800768016848
  0.50687087941250797  0.51714645626698807  0.52748786067640219  0.53806061609312472
  0.54877973180796702  0.55959606929684835  0.57020605743349251  0.58063289596425571
  0.59093604169757219  0.60129853673271860  0.61177744057195016  0.62246675415892161
  0.63287812405808708  0.64329507429598831  0.65364884018157932  0.66410186610869004
  0.67465181521335715  0.68510223008112003  0.69572711677775101  0.70627914130327940
  0.71698759348768548  0.72755197502015978  0.73801674640491099  0.74848869841698262
  0.75919528073946763  0.76992200258657850  0.78062282762612678  0.79128295332929921
  0.80184748280650819  0.81236032745578446  0.82278014102215613  0.83323850074396344
  0.84366353251191006  0.85408406380814850  0.86431299827610131  0.87448013478598774
  0.88475869416818631  0.89514910958861527  0.90567596475679768  0.91621228035309343
  0.92693533352254209  0.93757395203844252  0.94813469443647469  0.95854011165730124
  0.96895271453831622  0.97935210554697771  0.98974504234468264  1.00000000000000000
   6.9487880686079373E-006  -1.0000000000000000     
 T T T T T T T T
