 -0.00158926901062463  0.00576093687140025  0.01256068573619290  0.01924281324145253
  0.02625788863081887  0.03365639328189846  0.04140518416601356  0.04947274017482400
  0.05777336315789637  0.06630216493153894  0.07504185167937048  0.08394881077711040
  0.09299841677987221  0.10218125779191689  0.11143819453067522  0.12074468417246353
  0.13009288767064578  0.13950232068807081  0.14901700400453124  0.15861455477246122
  0.16828628945386570  0.17803099286742796  0.18781144685570458  0.19759933832556489
  0.20739407499688936  0.21721942720923204  0.22710521405328871  0.23706609617231378
  0.24706981772204764  0.25709468642076516  0.26710508544809014  0.27715379853253413
  0.28724682496461496  0.29735167022495185  0.30746423329247785  0.31760308025404549
  0.32779326274984238  0.33801582264195323  0.34826126874637042  0.35851537821149559
  0.36875760534607127  0.37899820862851247  0.38931577352254176  0.39974211715453373
  0.41023326959475109  0.42071280785388121  0.43116381077055244  0.44160812387941401
  0.45203535476487045  0.46240547076660099  0.47270637202897670  0.48303629706661239
  0.49345863404687951  0.50394511962290434  0.51442194959046406  0.52489619861350156
  0.53543119289663665  0.54602855619586299  0.55667780008786794  0.56736453899436179
  0.57807476097050037  0.58874276766953404  0.59938833234176003  0.61004294941709991
  0.62077980057267579  0.63161474175205756  0.64246791137905246  0.65325644989293463
  0.66399432846401640  0.67477407345483176  0.68565571915015489  0.69663529226956944
  0.70771926401666485  0.71884589724465120  0.72996553765500571  0.74107565642255002
  0.75219623326374940  0.76334713045691116  0.77448610630400372  0.78566233856014944
  0.79693470765804342  0.80831379743288456  0.81977220145284591  0.83128441408877773
  0.84288482827537414  0.85456086037706835  0.86633214560517746  0.87822310980481777
  0.89028583202412859  0.90257127958807237  0.91518339848618091  0.92826282694000661
  0.94193521834458327  0.95668465020669646  0.97518974560755156  1.00000000000000000
 -0.00233199460168872  0.00929538937709026  0.01922986331812589  0.02971077245087160
  0.04017601586344661  0.05074051570186525  0.06133296371002341  0.07184044012890074
  0.08242319229673910  0.09293831121586038  0.10352589263054987  0.11396753578031027
  0.12437569323504660  0.13478146404945446  0.14526249534492108  0.15584250594877744
  0.16643183163722061  0.17698891636095648  0.18740420789516138  0.19787696258397747
  0.20838110671219243  0.21896885567520752  0.22955233797957864  0.24011931703769945
  0.25065400700598067  0.26117198999506963  0.27173660643666031  0.28243892154328171
  0.29303574643234120  0.30363980350790248  0.31405993562007595  0.32458928729289394
  0.33497818888707342  0.34553809130592938  0.35612824788494946  0.36690746897393178
  0.37754757915083009  0.38808023116202622  0.39868660524575711  0.40922910585709277
  0.41975736343029896  0.43015453153021327  0.44064906848904750  0.45122530626424601
  0.46180783337507486  0.47238473674536213  0.48292826396700744  0.49344973642605422
  0.50392705730674814  0.51435016026673419  0.52482885045918859  0.53534430191987714
  0.54586657425232743  0.55633655334730270  0.56691444019899062  0.57753630220617858
  0.58819750133042270  0.59882739769392734  0.60942914878136289  0.61998766370256986
  0.63040013238107007  0.64088680751651306  0.65130809341237983  0.66183729088486687
  0.67242686071143376  0.68306482775099742  0.69366510775764889  0.70423145544159782
  0.71479103529805421  0.72536785749118815  0.73589844586347186  0.74638951127999908
  0.75690172495429564  0.76745087852837990  0.77806767397013898  0.78868278003875003
  0.79923232840435887  0.80976327734621878  0.82020254348892840  0.83074043145212861
  0.84134239052447179  0.85198751254861504  0.86256756542512769  0.87307236080106343
  0.88356139311325088  0.89402561872656228  0.90456575767509362  0.91511353047985322
  0.92569364060377790  0.93630024803860279  0.94687863307506914  0.95751601821026011
  0.96806713982140724  0.97869403926983101  0.98930426597973908  1.00000000000000000
 -0.00228698197270987  0.00922670416864569  0.01932314985253688  0.02984265205552075
  0.04047264028644187  0.05102926702176128  0.06159454263574052  0.07208512815708554
  0.08257381103204180  0.09307982234829545  0.10359438140290445  0.11412832168354084
  0.12463462743146816  0.13517300875972876  0.14575934828534165  0.15642815867274348
  0.16705018694580420  0.17776860055479393  0.18841304177885274  0.19902490372192730
  0.20948241888438207  0.21994056413227908  0.23036818809481513  0.24080741491148089
  0.25126364233970544  0.26185111213377515  0.27248191998143639  0.28305551889200681
  0.29360210337656834  0.30417080072983382  0.31475361771737997  0.32521046814645904
  0.33570912443881873  0.34625060436589350  0.35685883094751619  0.36734222009258560
  0.37786342086248353  0.38840469128711441  0.39896988191954547  0.40954057380026254
  0.42008080633085787  0.43063383376051123  0.44125522456853467  0.45201049202589105
  0.46271134283704046  0.47330374891314969  0.48379592897127344  0.49434085910913994
  0.50489793205251088  0.51553351250090418  0.52613551823135973  0.53675338564575481
  0.54728515879285822  0.55788570174688312  0.56850267697776224  0.57913454509394924
  0.58970761608548050  0.60031867866226674  0.61088447962008996  0.62149363467796193
  0.63207183460936756  0.64267199906789829  0.65322614375581589  0.66369400142655410
  0.67418011359165408  0.68460108849034984  0.69507902256291454  0.70553382139437959
  0.71609089695390638  0.72660864736494202  0.73722518411784665  0.74768416908327173
  0.75809356120314220  0.76842499649132345  0.77887001269410217  0.78932564459028853
  0.79977084379015118  0.81027361627440353  0.82066604823397993  0.83116238313716884
  0.84152074217366590  0.85201535496095460  0.86237886990852153  0.87290156962513488
  0.88347007082933460  0.89411433147851127  0.90462561175231948  0.91522604030085308
  0.92580915969188293  0.93646034990433746  0.94702658377887383  0.95768277485770759
  0.96827404226801406  0.97883970466964099  0.98943136967334844  1.00000000000000000
 -0.00232155459308194  0.00918742561957856  0.01922485510274217  0.02983135094509914
  0.04043003404524353  0.05102857462788535  0.06161771766202535  0.07223605263279767
  0.08287178453863604  0.09344874548076479  0.10404774950490764  0.11467156107628419
  0.12529971426677819  0.13580829202573147  0.14632946380242259  0.15682702908710539
  0.16725782789132893  0.17763861473025239  0.18809654846872206  0.19872271885959530
  0.20940893601682503  0.22010874728773430  0.23082488580324592  0.24138844899096162
  0.25194815607151511  0.26256087970920799  0.27328826813285878  0.28397707396540200
  0.29465131787058108  0.30525509665949419  0.31577178256540112  0.32618436924702915
  0.33661715022557182  0.34713684143413426  0.35769130640104246  0.36825643909203665
  0.37878992978246900  0.38931570487557476  0.39979377169146119  0.41023871664054312
  0.42070778532956660  0.43124685405512286  0.44189142947692445  0.45254205847524032
  0.46318479867334555  0.47369865228425029  0.48423415400627828  0.49474436290325230
  0.50532590398447552  0.51589705282750031  0.52650352379436371  0.53701566191364125
  0.54744293266448707  0.55779758188285866  0.56826641199336037  0.57872900392720605
  0.58919009557604085  0.59958160387667592  0.61006010957729684  0.62047267726076649
  0.63092531913286964  0.64132785575242768  0.65186530531280151  0.66239635016542875
  0.67297442274490260  0.68351270721528778  0.69402351110526705  0.70451738731246505
  0.71505351922546467  0.72557315605306005  0.73614165416660859  0.74663551078474755
  0.75714853787701242  0.76768073100828738  0.77828969039148110  0.78890419688335700
  0.79943265606508540  0.80994354960856596  0.82057832015717047  0.83116706808592655
  0.84172253398609975  0.85221180566495913  0.86268986463086639  0.87325641896037043
  0.88377472980490823  0.89430586694610636  0.90482850263269221  0.91525730385785908
  0.92585892829278649  0.93644064660384962  0.94699526575026505  0.95757273845290625
  0.96812780078837735  0.97877554448257131  0.98930823643730237  1.00000000000000000
 -0.00239004499194312  0.00950309352318314  0.01967751314811975  0.03022237258850751
  0.04075289908451103  0.05119432134492206  0.06162623766759708  0.07214440657805915
  0.08267722443779911  0.09328099279895419  0.10378755623949204  0.11435831197846275
  0.12490434752890427  0.13543368600946590  0.14601898489297957  0.15659900623379142
  0.16718538208952211  0.17776127167827813  0.18814509418751413  0.19869308960569357
  0.20914761637823598  0.21973583151357581  0.23026596552171058  0.24075148303787730
  0.25129580212001129  0.26183732044547853  0.27243124272645008  0.28301067513586015
  0.29362246461450003  0.30424509188849519  0.31480894055164882  0.32529989872176851
  0.33579317272180342  0.34628237437963028  0.35678170430043488  0.36730145465186759
  0.37787284360858292  0.38845593355586605  0.39905740425784170  0.40959404392011417
  0.42009411306522881  0.43055725721352173  0.44102797027290724  0.45149968265308099
  0.46196189900192236  0.47246669658828455  0.48294681835317960  0.49350909000851995
  0.50406112314203277  0.51465955396822538  0.52530997798093970  0.53591843152184337
  0.54647867317739618  0.55693729216687282  0.56744076713954705  0.57791694232942548
  0.58844056042625936  0.59894522024091457  0.60947577498476846  0.61996102602721193
  0.63042224522462431  0.64094026735546417  0.65151411117738445  0.66219873877761448
  0.67283305861970999  0.68337752831813570  0.69393461352297392  0.70446174911019277
  0.71507082256205734  0.72558418698631455  0.73617065517631231  0.74667072292356418
  0.75720274187970238  0.76780000308185847  0.77838291259095005  0.78898026621525086
  0.79955986389785283  0.81015518878581816  0.82066360572383534  0.83109502674096880
  0.84161789261419739  0.85216203162699744  0.86267626758242810  0.87322045620525535
  0.88374935453267012  0.89426658391071912  0.90473642261506027  0.91530684632647419
  0.92594694012455092  0.93660368626005341  0.94721049309746630  0.95792963998681702
  0.96850856453794754  0.97916521911195564  0.98957604150807221  1.00000000000000000
   4.9826075720431968E-008  -1.0000000000000000     
 T T T T T T T T
