 -0.00173382024741116  0.00623539223364420  0.01356953165687505  0.02079523363445611
  0.02832263969202874  0.03619981213327841  0.04436068465210967  0.05276332237927309
  0.06135173582071014  0.07016391104162942  0.07916046169704551  0.08826737612530709
  0.09753004113638898  0.10688835974176404  0.11639345351928464  0.12597642797953865
  0.13564024304193539  0.14536626207677045  0.15514923700066274  0.16491319791246201
  0.17469728077064164  0.18444908428198539  0.19431258646757199  0.20419494457257978
  0.21410083597108984  0.22400510411627580  0.23397097932443520  0.24399222280548177
  0.25403330390844298  0.26412478005970175  0.27428991354820104  0.28449773003242479
  0.29471768500118972  0.30488366429823438  0.31507391907393878  0.32533784401947330
  0.33568287865871493  0.34598572161828883  0.35625257157490969  0.36649335163764118
  0.37670897507671008  0.38689614790648669  0.39706456889351383  0.40733844084672577
  0.41764139319055649  0.42797677761812436  0.43832596415398739  0.44861772999409721
  0.45894304450689422  0.46930946330435952  0.47973555772387627  0.49012443666387312
  0.50045768837532378  0.51094687736162148  0.52152934002131002  0.53217986061948974
  0.54275282895435140  0.55330313406868836  0.56388032014623191  0.57447648543556074
  0.58507269028482245  0.59562421442181002  0.60619940536991146  0.61683501850435019
  0.62746255054220179  0.63806131318046355  0.64867839671927729  0.65942075343532192
  0.67024860559660437  0.68112337806798651  0.69200600351397068  0.70283835468393163
  0.71371818919396335  0.72465067685104789  0.73565203783539646  0.74667550387945469
  0.75773314729334296  0.76879683019880485  0.77988572981916471  0.79100881236929088
  0.80222091477874657  0.81347544481044098  0.82474102979799035  0.83604772536991079
  0.84749059361236012  0.85906762411028736  0.87073701212484622  0.88250611408872093
  0.89444188777769806  0.90660400408197472  0.91904012508572985  0.93185577118005569
  0.94525191285929544  0.95980175489934960  0.97753291979766088  1.00000000000000000
 -0.00239831660538054  0.00943124419278225  0.01966753482673811  0.03014979688923989
  0.04078279591668903  0.05143866897848075  0.06213929546660522  0.07278683423200694
  0.08342709049400202  0.09398429888475085  0.10461091723448432  0.11511366879163391
  0.12562918184465666  0.13597158844592611  0.14629973936022936  0.15668162395287899
  0.16719846997010254  0.17772819846591728  0.18819660923872408  0.19874537634935560
  0.20932162325678932  0.21998845851045351  0.23062664545509975  0.24127790138553529
  0.25185874935908936  0.26233225136792054  0.27273777069020688  0.28331984122724946
  0.29382758318421265  0.30426536144838762  0.31462459238426277  0.32502693366681434
  0.33544885396901397  0.34582616669287713  0.35620589683692511  0.36669554055175224
  0.37717440169992356  0.38770833490836226  0.39827219027910971  0.40885803525559683
  0.41947681689549687  0.43016349030431822  0.44087900047892814  0.45172923599654763
  0.46237165041552036  0.47301658745976449  0.48357255236708241  0.49413386755762917
  0.50460367531975880  0.51503296400995580  0.52560551510560505  0.53621110641502068
  0.54687225495910319  0.55756526734600442  0.56820952666683855  0.57880368109527136
  0.58944869369674735  0.60014099769466811  0.61080802333991457  0.62138966793941841
  0.63202723695334539  0.64261764818806255  0.65314020928876371  0.66367787233775288
  0.67423856965893980  0.68487683248772979  0.69536810503911128  0.70582409199165330
  0.71623521905374710  0.72668169728830267  0.73716686796475805  0.74765864060049381
  0.75814823318611568  0.76862063918461998  0.77910338841407922  0.78969197527217938
  0.80030080589584396  0.81087731577103295  0.82134799214686116  0.83182541837929358
  0.84233671484796624  0.85277973563315768  0.86310328957573912  0.87339852586054367
  0.88390482787192837  0.89452780488804373  0.90529369099557611  0.91579783760314337
  0.92639904332103706  0.93688497070279608  0.94736770208196741  0.95790233271238912
  0.96838175567603402  0.97903016925336395  0.98950735896457864  1.00000000000000000
 -0.00257480921206415  0.00972326231316289  0.01999166121835548  0.03047477253188727
  0.04098917816229748  0.05155972834129672  0.06214771418988706  0.07268366427840438
  0.08315483777883270  0.09364845354969821  0.10402449643093600  0.11456720451001884
  0.12519011744392200  0.13589041507872737  0.14646723213588939  0.15697571329183568
  0.16751718761272105  0.17800928994577858  0.18848834880637050  0.19903809689683225
  0.20961270656224584  0.22018997403188501  0.23075509934925406  0.24132847194177653
  0.25197720695953035  0.26265691134555313  0.27336612854868775  0.28404974846169373
  0.29458063790284111  0.30504427880837670  0.31541824686441078  0.32590441012237487
  0.33648443844814468  0.34715564912510005  0.35770850830720263  0.36813057102740054
  0.37850288716822761  0.38885063053456848  0.39924804352901988  0.40966406167304226
  0.42010052682467147  0.43054706559156863  0.44100215512195962  0.45150487465450945
  0.46195099215810076  0.47245565287162228  0.48299493185886172  0.49362039533046542
  0.50424563788102494  0.51489906530949736  0.52552512885312042  0.53610965388455556
  0.54664263035083016  0.55720037084895924  0.56773857258845062  0.57820960160171786
  0.58863129610185461  0.59911245701924210  0.60963798241910772  0.62026515938580684
  0.63081526678767463  0.64140259141985756  0.65193758565861837  0.66254675999836843
  0.67317132336763374  0.68381173040872589  0.69433127879552226  0.70485351275379915
  0.71530026953316006  0.72582848781211884  0.73642065614534469  0.74699682154761882
  0.75752973539394797  0.76798714069596363  0.77845853327462744  0.78903190531299883
  0.79964931933542582  0.81020680198277384  0.82078005543318067  0.83128639560208939
  0.84189459242905407  0.85241339745550038  0.86287658271283840  0.87333875877058476
  0.88374222195705365  0.89424152482021357  0.90483711245780252  0.91554096756219838
  0.92610840716829235  0.93667466204272887  0.94727845530610577  0.95790327632331229
  0.96845219129509752  0.97895025142549608  0.98949239934219835  1.00000000000000000
 -0.00227485976226580  0.00989338708598401  0.02010234375680352  0.03057877839225756
  0.04098935610001276  0.05153086022411826  0.06212335806129115  0.07273597499775677
  0.08335403590224151  0.09399741170215808  0.10463567580188410  0.11525701486934367
  0.12584267855340134  0.13639158580775412  0.14694456580912421  0.15738137582489023
  0.16792519208810464  0.17838641651858636  0.18896885501825353  0.19947082848853487
  0.21005836827672114  0.22068279526500040  0.23117109944757513  0.24161638084159315
  0.25204226203512892  0.26259950059444326  0.27305273466102170  0.28361301786933535
  0.29409779802866715  0.30465913479428164  0.31514457487101466  0.32562799639440548
  0.33615055038293185  0.34669061575155591  0.35721837257710415  0.36766426294686716
  0.37803811997449077  0.38840186899839391  0.39876067706523349  0.40910634879060126
  0.41944327990805236  0.42985872177843126  0.44032396863062834  0.45089276411163631
  0.46146789547993328  0.47207885194319404  0.48262781704088453  0.49316798312261517
  0.50360924471461221  0.51412776314573849  0.52466035236446407  0.53532721017168816
  0.54600291097223896  0.55668607142721638  0.56733419714823030  0.57781687541159754
  0.58827904942895093  0.59870590423478875  0.60929701174016060  0.61992602485235182
  0.63052364061643429  0.64110762469799065  0.65162866706163391  0.66219142875098880
  0.67275300622854739  0.68336511251264531  0.69390204280423184  0.70447550908656409
  0.71511890535348521  0.72579805454618140  0.73628534550976121  0.74675474187067126
  0.75730304805364534  0.76793743962641414  0.77853328502434127  0.78899497497689064
  0.79932719640905492  0.80960265164489487  0.82000218667309344  0.83055269598080617
  0.84104037888429961  0.85154694379665552  0.86213620084832798  0.87275878756252812
  0.88336636871008911  0.89397388514765419  0.90467396719627713  0.91530576055447632
  0.92590545841249072  0.93650156207794100  0.94713553968779896  0.95775282577024468
  0.96830654647663961  0.97894350259924734  0.98951824434795344  1.00000000000000000
 -0.00249280922244968  0.00931439691316526  0.01945679156962330  0.02985192053158429
  0.04044264337115618  0.05100877150241909  0.06160222196905026  0.07222939325738327
  0.08286211767844760  0.09347854345266618  0.10412216406756857  0.11462246414535679
  0.12513486991605444  0.13553304527517371  0.14596724617399809  0.15646364113326122
  0.16699907314555340  0.17757347721336070  0.18809914377923673  0.19857034834573126
  0.20910685100518606  0.21964874504527943  0.23017238499144954  0.24067905994114233
  0.25128532209460186  0.26195971928730261  0.27259288980290125  0.28310619140419407
  0.29346953978070289  0.30381040148223631  0.31420913386375304  0.32472311219506594
  0.33529279991329769  0.34581917840890308  0.35639020773295038  0.36697397529529507
  0.37753890210342911  0.38804588038145532  0.39848894767009241  0.40896686264158816
  0.41949455998403706  0.43008914328280040  0.44071218976204596  0.45130092622732593
  0.46177746013308241  0.47216966563122331  0.48253593089663960  0.49291159887192970
  0.50347836409994751  0.51412179155374549  0.52477300750296185  0.53517301253450122
  0.54570145854043894  0.55631769313989654  0.56704797818059316  0.57768383907716792
  0.58836939693404955  0.59902201402311861  0.60950593760883809  0.61997593901137493
  0.63047510675357410  0.64107572786126876  0.65168734027064545  0.66231121817351235
  0.67291507476998746  0.68348615361439857  0.69407555620537353  0.70458316349651040
  0.71516094846851896  0.72572413219278642  0.73648590956683391  0.74714414772635562
  0.75773811302156124  0.76823489731462224  0.77875676970654595  0.78930327169598113
  0.79971306978549506  0.81012447492745754  0.82055311700347844  0.83105266860111571
  0.84151978311792530  0.85204162989017129  0.86262534714569161  0.87328528826348906
  0.88390328619366787  0.89458392520296004  0.90519993571812440  0.91584098596964747
  0.92631596511615910  0.93682921056348734  0.94725262578028113  0.95772896209933156
  0.96825296621889023  0.97882153559389395  0.98942823399429480  1.00000000000000000
   1.7955584657696893E-006  -1.0000000000000000     
 T T F F F F T T
