 -0.00154674455554664  0.00577828450950325  0.01241618933942467  0.01903676978057190
  0.02598057097555892  0.03334211244687114  0.04105825442412705  0.04910749831458986
  0.05741281048160624  0.06595284808900873  0.07469933340213655  0.08358619928790678
  0.09261666144570715  0.10175362702235907  0.11096859696606236  0.12023252931146923
  0.12957304327936864  0.13905510095228782  0.14869547940943076  0.15843669128043694
  0.16820067356616880  0.17793265526051893  0.18764458434733838  0.19739179969381926
  0.20714968149631738  0.21696399548993836  0.22684358653298101  0.23683657340907507
  0.24690756014365389  0.25696925999127074  0.26702049632167613  0.27711369152827597
  0.28726276021305897  0.29744897732384706  0.30768776734375541  0.31794079449125129
  0.32819047034021503  0.33841454316881486  0.34867765932095579  0.35899188319303554
  0.36929637897825457  0.37959448210132529  0.38992829572277393  0.40030965302542409
  0.41067876929531921  0.42102672449613382  0.43138229040728110  0.44181986003459356
  0.45232136784794524  0.46282743642899660  0.47331128709253883  0.48378068599652713
  0.49425708818998959  0.50471263978448799  0.51517129478114132  0.52566040961860061
  0.53617473541311456  0.54669707543648882  0.55723422466517503  0.56776699397266062
  0.57830326564586776  0.58885473898235619  0.59947989831642523  0.61020500569770764
  0.62100208907815846  0.63185594328801586  0.64268156287542644  0.65349454670462881
  0.66435888082758965  0.67532871140296102  0.68632458772276894  0.69725920814240050
  0.70818809913021807  0.71912872987487275  0.73008908638384029  0.74104666026746613
  0.75206571767544039  0.76318720380635896  0.77442551254941361  0.78573837139730240
  0.79709914911323831  0.80850791906417108  0.82002144778696140  0.83156306480322550
  0.84310930561385178  0.85473784193185465  0.86649223114471752  0.87833698343912725
  0.89034960170952238  0.90264604580808006  0.91524708573867408  0.92823824244299902
  0.94181710207724056  0.95656014116334731  0.97512022244529117  1.00000000000000000
 -0.00233841826615409  0.00967524098229851  0.01993438523709702  0.03064021621464169
  0.04138015832525975  0.05190606195551106  0.06233162916619656  0.07263427609580848
  0.08311822530359579  0.09363287136085177  0.10409903571790169  0.11462568479104027
  0.12519313932349066  0.13583143592970398  0.14636422995009205  0.15672713731874474
  0.16707454026546226  0.17748902391330959  0.18803751165234245  0.19864683047805598
  0.20927645313525214  0.21975590689769064  0.23014267494639484  0.24060927721616088
  0.25120892985789917  0.26179368663610308  0.27238716992833573  0.28293803410851903
  0.29358925929820945  0.30414178226387212  0.31466626528384772  0.32510561314779884
  0.33558758664210958  0.34607569741728461  0.35654127922778245  0.36701029433495752
  0.37754212639168144  0.38810071649697780  0.39865138751476303  0.40913224162234957
  0.41968224158151479  0.43027186847061977  0.44092125891007911  0.45148983563102679
  0.46201732915382915  0.47253468583802560  0.48301149589494474  0.49348592698373306
  0.50392003631319959  0.51441921021870396  0.52485616889851139  0.53530566997061746
  0.54570244084786446  0.55616088465807034  0.56669023264951401  0.57731197208594709
  0.58789206608779909  0.59847523335964448  0.60903489630740548  0.61963828618396932
  0.63022517372081344  0.64084843835268457  0.65150014789829069  0.66202888153839234
  0.67252609568821631  0.68301326799992468  0.69353714758891138  0.70410081257359936
  0.71462687216449938  0.72528148867281117  0.73581162059275618  0.74631126279794635
  0.75680909843070665  0.76731758162005215  0.77791897663612930  0.78842572532126598
  0.79903087991250554  0.80963621782512252  0.82013663931612812  0.83071012524819188
  0.84125076460489301  0.85187148590964301  0.86240422314720722  0.87284248088319438
  0.88329279206491240  0.89382128690659390  0.90453896007003676  0.91530437457828184
  0.92593929163907351  0.93649320197955355  0.94705912839538331  0.95774886755129507
  0.96834887781178935  0.97889652640185310  0.98941476987720545  1.00000000000000000
 -0.00236666322104701  0.00955784907989953  0.01964020395689768  0.03019784168380037
  0.04058576626487134  0.05115237476701431  0.06162159680640165  0.07231916277778248
  0.08291076862251635  0.09370305946832178  0.10440072612769560  0.11500964956596012
  0.12556316789988836  0.13596118005936095  0.14653167608764736  0.15715966357929903
  0.16783542290293790  0.17844561716790613  0.18898390993611322  0.19956060485749247
  0.21016556435297881  0.22079851471835749  0.23142174287658296  0.24198552582930175
  0.25250417707615763  0.26307616299354897  0.27355195399101734  0.28410969198528324
  0.29461768267947908  0.30515112090370244  0.31572366721466788  0.32621147375151155
  0.33677543764180073  0.34728203596997875  0.35781553914260089  0.36828158621485163
  0.37875216547802099  0.38923214260529526  0.39975442474714717  0.41023809424170810
  0.42074956424196919  0.43130114211147841  0.44181100619749336  0.45246229819023986
  0.46307579360607709  0.47384104830648383  0.48452198849522349  0.49520409425497025
  0.50578142741905685  0.51626540320335712  0.52678215586766053  0.53731143385660762
  0.54782835353548587  0.55832079696350878  0.56885813088756398  0.57947691689694791
  0.59004685936207901  0.60068000308872160  0.61128180879081184  0.62189856058151705
  0.63239131610563037  0.64290445192316170  0.65337934926112340  0.66390895314304521
  0.67450772460771269  0.68511809900653931  0.69574227122115961  0.70621363436888163
  0.71670218316268408  0.72716938000610698  0.73769415162553953  0.74824182428471719
  0.75864916410272620  0.76908992740168480  0.77965588878213965  0.79030252429834325
  0.80084474588986898  0.81135885672107422  0.82186938413566979  0.83247406626479270
  0.84299737440078704  0.85338124922540626  0.86369168198048119  0.87400291441015709
  0.88455942965099488  0.89520228629972309  0.90575311191647168  0.91632260772983520
  0.92677279495661025  0.93730902887307754  0.94777403092560708  0.95828300400416988
  0.96872327820833359  0.97910645973695121  0.98957118270072830  1.00000000000000000
 -0.00244022106614302  0.00955830236117187  0.01976773998789420  0.03044988684389223
  0.04108583683752244  0.05154250510174732  0.06197591663738408  0.07231893057098113
  0.08274041455907684  0.09310220533552704  0.10359464240283171  0.11435370493829075
  0.12501453207591554  0.13548716605864489  0.14577142409254548  0.15639090006977896
  0.16702265424873844  0.17762931729350778  0.18822657122182238  0.19888145060395543
  0.20948859438971340  0.22009020147389258  0.23068094716403609  0.24136721949931586
  0.25193727437899349  0.26253358775328944  0.27310948700163751  0.28365055705648412
  0.29421230234067158  0.30478866300369140  0.31541178447331136  0.32598827726047136
  0.33653184461919289  0.34698288936406485  0.35740681816257164  0.36781603946222169
  0.37823135333188090  0.38870104108590431  0.39918422372347867  0.40965724487669813
  0.42018521149913157  0.43081921955108532  0.44149839247045991  0.45219797591383154
  0.46280480819854675  0.47334344063340128  0.48382567394829135  0.49432984184838180
  0.50487280751410080  0.51541340771033639  0.52589976650249515  0.53639005699287945
  0.54695235394406805  0.55753325993360625  0.56818406874837157  0.57881017065544027
  0.58946132187376665  0.60008390942605649  0.61069457936717364  0.62121576291907921
  0.63176928693752177  0.64234172255891409  0.65300461686895173  0.66359556609098680
  0.67427301434108333  0.68482843941315519  0.69541740949120012  0.70585562595209661
  0.71641869731419694  0.72689615740453306  0.73735995155023182  0.74777500284354170
  0.75825643340892657  0.76875590038890707  0.77918215363190235  0.78956625216408860
  0.79997532453806230  0.81050910604975113  0.82108787088727597  0.83163721905636734
  0.84218702046922922  0.85264797679721949  0.86305756288157642  0.87347464245740170
  0.88401275859161854  0.89465703839142230  0.90515715814528730  0.91564685277297198
  0.92611107110142543  0.93660858177669082  0.94707587522837799  0.95753895010578494
  0.96825608330687229  0.97887961885142549  0.98948118634094340  1.00000000000000000
 -0.00240501393588233  0.00941810953972485  0.01948382394221653  0.03003895213910824
  0.04062431682700555  0.05114552337336912  0.06172088737245169  0.07222457984322038
  0.08280662385168890  0.09336607159706937  0.10392252459219610  0.11450469898017590
  0.12512478138328045  0.13567972567929470  0.14625380234802615  0.15676836757796719
  0.16736351044271219  0.17787411479902360  0.18846758801863081  0.19894215464918685
  0.20953000396946400  0.22004924154402067  0.23071674662602212  0.24125000491491697
  0.25181978079370876  0.26235378130584414  0.27291921055873075  0.28345818576620979
  0.29396207108225053  0.30460266437929984  0.31530674983060852  0.32597559544389759
  0.33652487446165652  0.34704356112043655  0.35757952457874098  0.36811211840220820
  0.37856954766285822  0.38904069616043130  0.39952764176704442  0.41013833318216575
  0.42079233719799497  0.43144609048334931  0.44199016239323907  0.45250073146152825
  0.46300701979185899  0.47348493595822339  0.48393946327326937  0.49428248397790275
  0.50467442248186756  0.51509681705508725  0.52572420877142723  0.53632639776208169
  0.54695606455581569  0.55755515369884923  0.56818178422418819  0.57873547949808091
  0.58931594925972142  0.59988910502379367  0.61045528465699417  0.62101522360863981
  0.63160310041786738  0.64229262274623800  0.65290282592639826  0.66342786043367696
  0.67393690941887607  0.68443629755680657  0.69505842914807736  0.70578876398073231
  0.71649368072239750  0.72716392577099920  0.73774358039328880  0.74839437017512400
  0.75902291403473487  0.76967106647504546  0.78020155827092952  0.79067467853561102
  0.80097430944511749  0.81122958178394311  0.82161011246431304  0.83198182474268412
  0.84250653476952908  0.85292451750800657  0.86339558365079039  0.87375315853057700
  0.88414287727941632  0.89463011150252592  0.90526441558851201  0.91586058470861542
  0.92628168749369666  0.93670440473192307  0.94727720356743084  0.95793402341430112
  0.96850267596264195  0.97897241226735565  0.98950974624411814  1.00000000000000000
   6.8234392428699250E-008  -1.0000000000000000     
 T T T T T T T T
