 -0.00158219717674626  0.00574728463043653  0.01268927159446233  0.01943574617594792
  0.02649488096015716  0.03389366421473457  0.04160966546775997  0.04960980200150861
  0.05785644968033929  0.06631402279932551  0.07494781076387519  0.08371899938538305
  0.09264296858351991  0.10172797727296048  0.11098553945611955  0.12036847220778728
  0.12983582303987246  0.13940535091734996  0.14903888373850691  0.15873655793852592
  0.16844565335512837  0.17814704121415173  0.18786017505656297  0.19760382692956691
  0.20743767274746205  0.21731680878872964  0.22719306189954808  0.23710125857809053
  0.24711612864164204  0.25721765222120191  0.26730768425472140  0.27736927962370966
  0.28744265903173255  0.29751675763144858  0.30755652859401478  0.31758493827690060
  0.32766954471201554  0.33781971427175833  0.34799046471134570  0.35821013526964807
  0.36845122898059091  0.37870268389363515  0.38894285806125872  0.39918172716909744
  0.40949505326450120  0.41986830365301969  0.43029937562198783  0.44074561730872586
  0.45119833757309358  0.46165585601986969  0.47213113072756935  0.48263318683179041
  0.49317002578344227  0.50371887955663319  0.51423881452091313  0.52473961353667098
  0.53529018008230878  0.54592816350891760  0.55658572514365223  0.56722217616583670
  0.57782657930037951  0.58848083426591324  0.59919417987205070  0.60991938686028901
  0.62064968248316488  0.63139068637604245  0.64219318329337427  0.65301993833648964
  0.66386608900629640  0.67472020654045750  0.68560369347311556  0.69653204071141928
  0.70752880042741151  0.71857090045207062  0.72960356604700372  0.74063232748570385
  0.75167803125513866  0.76280390404897402  0.77404356993491064  0.78537899415686319
  0.79674887001202477  0.80809624744500630  0.81950066812918954  0.83100764545430095
  0.84263560688101902  0.85440833641346303  0.86635108820334938  0.87840081918699020
  0.89051135996406927  0.90274411395188858  0.91525911064784393  0.92817290044820600
  0.94167571240747017  0.95628163909270181  0.97477739853780188  1.00000000000000000
 -0.00237932388308779  0.00933273477706769  0.01931600038543435  0.02978759247461267
  0.04017323682772386  0.05071664108672151  0.06134072788315462  0.07189534832683837
  0.08243565473220232  0.09296129502281172  0.10354293275347368  0.11417674540424019
  0.12484320840520113  0.13549612439939474  0.14614722954181619  0.15675644083813003
  0.16732208651485889  0.17780363663951793  0.18828018053859588  0.19885335499028275
  0.20937802899664854  0.21989032479607640  0.23038432801715322  0.24090425735646120
  0.25134133064629749  0.26175984027657917  0.27236882310784982  0.28298531578492803
  0.29364815649056664  0.30417279524675944  0.31476407264261380  0.32530943554109337
  0.33584474161162164  0.34643544218495997  0.35701737446030729  0.36754960501586931
  0.37808227831332947  0.38861904038403894  0.39917649208262146  0.40974600295364788
  0.42034690534908659  0.43100120533530378  0.44158493021475242  0.45211990074410641
  0.46263801601564319  0.47319320225113104  0.48373348029061042  0.49432063597597414
  0.50483588517724620  0.51530054023579264  0.52579180376027324  0.53630895212311569
  0.54688531396516871  0.55738663696892488  0.56808574739737028  0.57863992510222040
  0.58930742628275368  0.59981751655722260  0.61046224863521015  0.62098115437740797
  0.63150785894963268  0.64210278049190517  0.65265808182741247  0.66312731928144641
  0.67351758946719564  0.68391375651411301  0.69433941541295796  0.70487576104670491
  0.71542209879123597  0.72601450821525393  0.73661905959960083  0.74718661087014904
  0.75772983001729788  0.76819834200811987  0.77878151165321130  0.78940783410725546
  0.80007198735332519  0.81068090615669208  0.82122903473093312  0.83178845990622063
  0.84235384714152794  0.85292416753580225  0.86341165802282505  0.87384629932327806
  0.88428716526866946  0.89475261599051825  0.90529729990452934  0.91582572395493089
  0.92626839254882021  0.93673294410755048  0.94728677653722915  0.95776995619883332
  0.96823573187715284  0.97864362885902179  0.98931424389893385  1.00000000000000000
 -0.00227800393373152  0.00942085515012000  0.01948739128118060  0.02997450898925096
  0.04040284506006237  0.05092944881165608  0.06142552588772381  0.07203033352399851
  0.08264487666061805  0.09333393471851575  0.10396841792701146  0.11456180778156790
  0.12521074400207519  0.13574521751738466  0.14627939482448349  0.15680047891414681
  0.16736970271288107  0.17799018974067671  0.18854223790293148  0.19910931220725844
  0.20958772718100294  0.22007317086160544  0.23058356771120220  0.24102927017002709
  0.25149173625079585  0.26188564508862522  0.27238214151687612  0.28294980066247538
  0.29364802070611601  0.30431321444451614  0.31497827903539422  0.32559219677319934
  0.33625785944617925  0.34677108798689388  0.35721280286991997  0.36763008225202060
  0.37809575425337494  0.38865433454149173  0.39922109974281633  0.40976969233064864
  0.42026650894685502  0.43068355800217051  0.44123934379286900  0.45179350364177789
  0.46244868194890776  0.47301784125386176  0.48356712760579273  0.49406638184108048
  0.50452930449581390  0.51502453527893488  0.52556213949269959  0.53620649707569501
  0.54682391756233140  0.55746027189257019  0.56801293078294535  0.57851241688882915
  0.58897392252198288  0.59938078231780478  0.60989274087418555  0.62041831885002430
  0.63102658560520108  0.64160538285769619  0.65207066289167670  0.66257686806924587
  0.67302029722166101  0.68358073494391425  0.69403547135614330  0.70462504331504672
  0.71511569504525552  0.72571945039094909  0.73618350909820363  0.74678752780719437
  0.75729438230331414  0.76782104372178195  0.77832639836274164  0.78877874343475274
  0.79932301834414854  0.80992547520423508  0.82050357095358384  0.83117979057225366
  0.84168598598055611  0.85217539966338307  0.86257687709022779  0.87303490331372513
  0.88363837889868346  0.89419789724017329  0.90476189753088898  0.91533580304010720
  0.92597392737641626  0.93663163246924297  0.94725092773619679  0.95789243574325167
  0.96851740709549961  0.97911146062310661  0.98957605942337901  1.00000000000000000
 -0.00242728003917943  0.00943577799704558  0.01966211721444762  0.03015212654474611
  0.04059659096026184  0.05102790075301235  0.06158437364170140  0.07212613671204177
  0.08252010350772046  0.09317306309834177  0.10375527573354636  0.11444244037244126
  0.12503378946216320  0.13571614420188166  0.14629182455623879  0.15677769525763491
  0.16731029157456415  0.17794150493700842  0.18861661926310136  0.19933664838980492
  0.21008996735823673  0.22075028454895265  0.23136007120337304  0.24189374609167247
  0.25256177182651540  0.26316825416064088  0.27368530614351355  0.28407758429090113
  0.29448539477921543  0.30495202801025900  0.31540453415731801  0.32586213736564773
  0.33637740841497143  0.34695086840405753  0.35753721331750621  0.36810319932588054
  0.37867317210106566  0.38919595845742033  0.39970419445360117  0.41012334910000298
  0.42054019745312077  0.43090448989385927  0.44136718919279916  0.45177547825499098
  0.46228173138694439  0.47280424388395786  0.48339244101943735  0.49385497136122863
  0.50428221488672986  0.51466065593286892  0.52511769174169132  0.53566178087818372
  0.54632920898372128  0.55702938932175639  0.56774057364991548  0.57831595104092148
  0.58879097498620281  0.59922370869046715  0.60968161486405192  0.62017388142236551
  0.63064151171943816  0.64123721181713278  0.65175350861098713  0.66224006340136843
  0.67275024347274004  0.68339848985765028  0.69402316248084783  0.70463531821948044
  0.71520497787025128  0.72577128090891940  0.73630154986557117  0.74691324482568688
  0.75755070843556127  0.76804544578668676  0.77847362139441545  0.78894724799068783
  0.79957815360625617  0.81021903537865714  0.82087844077030281  0.83137202717665148
  0.84191232166433383  0.85239867534780156  0.86295763383225899  0.87340757896046650
  0.88391340184702494  0.89444451757871868  0.90498212234220543  0.91566684176683844
  0.92631001423666370  0.93697258695354457  0.94747567592083115  0.95807331203920720
  0.96870092963526921  0.97926114777096696  0.98969016629852369  1.00000000000000000
 -0.00238147004958611  0.00955136863397651  0.01975594788588382  0.03041628366199114
  0.04096040057958819  0.05146122242405448  0.06202467207258559  0.07267831535608280
  0.08321316420136501  0.09369049001857505  0.10412922413248273  0.11454011660349506
  0.12498951077624379  0.13551447071886921  0.14614745980466209  0.15675107006553846
  0.16735729346465314  0.17794791844801872  0.18858982244355202  0.19911734797436045
  0.20962036706079173  0.22009315223612991  0.23059370554420927  0.24104181199813091
  0.25158102673617949  0.26201764907288999  0.27254735954708453  0.28304446669880962
  0.29353238485020955  0.30412722474052312  0.31472283068681450  0.32528130415127587
  0.33588139963294605  0.34638208377475227  0.35685406741248915  0.36734853514707078
  0.37783615759371830  0.38854333018485199  0.39912910983675581  0.40976162405376787
  0.42035122190404872  0.43096925923517199  0.44163700744941509  0.45216871163033007
  0.46272120652466170  0.47322986914319515  0.48389976678868424  0.49452436183349502
  0.50518858241637699  0.51580068690710779  0.52638579693597431  0.53699158809326508
  0.54759004906166420  0.55823270354433041  0.56888534794265411  0.57948137435275904
  0.58993829362817729  0.60041093284510771  0.61096134905779831  0.62152740772315895
  0.63204725578248733  0.64255985913391567  0.65311599802514197  0.66360613906174071
  0.67410444678032633  0.68456079216480070  0.69509079678787422  0.70561619086300020
  0.71620202532414634  0.72663741351874322  0.73705257051836170  0.74752189167461558
  0.75805859218576610  0.76860541007714989  0.77914615439807822  0.78969341369554114
  0.80031793330114265  0.81086220800227060  0.82144277396087262  0.83197416878922159
  0.84247064320432152  0.85297938428600484  0.86356713173682820  0.87407167586624857
  0.88456156258878316  0.89491400505149432  0.90546196425267267  0.91596665807567335
  0.92655790674729288  0.93712423444213788  0.94766120852836722  0.95819433835613810
  0.96855895801730763  0.97898019638115219  0.98940402299178654  1.00000000000000000
   9.1346221817302721E-007  -1.0000000000000000     
 T T T T T T T T
