 -0.00151591327091276  0.00565211127412939  0.01248606783425851  0.01924662638281044
  0.02630233472513912  0.03368895110367668  0.04139176552819155  0.04940366662895722
  0.05765774395390514  0.06611888808536623  0.07477936402712827  0.08361389247804850
  0.09261531599601067  0.10175155034701872  0.11100250039556227  0.12037458146573757
  0.12984223729845040  0.13940199800482056  0.14906061076343874  0.15878721521992989
  0.16855662560626378  0.17835287531462762  0.18815395293131826  0.19797177268169872
  0.20780292758680730  0.21763399703136665  0.22746003488250086  0.23732232093956424
  0.24725988972302046  0.25725608715993947  0.26726494714965249  0.27727458870039523
  0.28732396739662330  0.29740535387602657  0.30752864937309371  0.31767019955673281
  0.32783988248308688  0.33804215313451541  0.34829433644274732  0.35857097582518221
  0.36885745166231976  0.37917046562684781  0.38949809834640425  0.39984865396311114
  0.41022452266109910  0.42061412418917343  0.43101697446398296  0.44145595680060618
  0.45194118067385203  0.46243572485052914  0.47291160729627058  0.48334760318230974
  0.49382260247825810  0.50436413297511007  0.51496269974555131  0.52554528600535677
  0.53609670969630574  0.54673018631494452  0.55745248614993093  0.56821119678216647
  0.57895324163554251  0.58968519495583804  0.60044345376182584  0.61118330537492183
  0.62190515262674728  0.63262173303317715  0.64335148498711692  0.65414648170239986
  0.66500285602846709  0.67587048631598723  0.68670478190368589  0.69751907786361078
  0.70837813811778350  0.71934248221091712  0.73041371264622867  0.74154948728484349
  0.75271265001994814  0.76388510074652693  0.77509587006262493  0.78632933269159577
  0.79759213294305287  0.80887917775073293  0.82019491173126058  0.83158546260378552
  0.84306082818933925  0.85465001554339615  0.86638646651917794  0.87821947555447200
  0.89024417207895623  0.90254409200492636  0.91518959477775030  0.92822032471468396
  0.94186383116984818  0.95663681296795888  0.97522067495459519  1.00000000000000000
 -0.00231795263099317  0.00929853729687237  0.01950233350839749  0.03003580979382530
  0.04061279521013361  0.05110653238017882  0.06174714311460233  0.07238657233102838
  0.08299780369218289  0.09361456390509335  0.10422722541948402  0.11481459150654898
  0.12531523618920382  0.13581058484281749  0.14625726827403027  0.15663554157000245
  0.16700117540228945  0.17738583127293747  0.18780982000369625  0.19823027817834307
  0.20865231547760635  0.21909235327518012  0.22966247308727389  0.24019286530823872
  0.25078382314196579  0.26133629417721410  0.27198778894982462  0.28256994969285132
  0.29313355312315026  0.30364913295168738  0.31422720944807431  0.32479107399966672
  0.33543186851313922  0.34606803571191930  0.35663110070084886  0.36718233244551879
  0.37768621914634182  0.38818954672825773  0.39861906887429555  0.40909907146472818
  0.41966127841958112  0.43036680616696604  0.44101322953017358  0.45164442376046599
  0.46226431996099926  0.47289099080369040  0.48350769633458052  0.49409477462912943
  0.50479270413912436  0.51552845764952471  0.52615703488296228  0.53679813110064112
  0.54732977576942887  0.55780351426431352  0.56817437962174600  0.57861288097675867
  0.58914573030943507  0.59972001144664511  0.61026607259655918  0.62087866334650799
  0.63137872858798416  0.64194515437392941  0.65247543005398634  0.66308286217308621
  0.67361772654545626  0.68412711562984008  0.69464230086473144  0.70511678353650908
  0.71553534102243077  0.72596695770089181  0.73635426237593449  0.74688811927901022
  0.75742969670024007  0.76802393665746838  0.77848820537084285  0.78891712469669417
  0.79932419175280633  0.80976909938417585  0.82028087737478017  0.83077036284736183
  0.84131962689696527  0.85182219736725617  0.86235080834031652  0.87297631415564347
  0.88350068410634353  0.89418369851851254  0.90470182944206379  0.91533052020341255
  0.92590877518642811  0.93641070077533828  0.94700701867204595  0.95754182775777530
  0.96807551383813295  0.97868053764944041  0.98928968826115715  1.00000000000000000
 -0.00242104377127962  0.00931653215586691  0.01958649529662655  0.03011585963003371
  0.04075039991069866  0.05125869346209597  0.06176034914218466  0.07222505440289827
  0.08266888032641255  0.09325606781535743  0.10387136631706272  0.11456477339489569
  0.12518332732923504  0.13586763799357240  0.14645713040965680  0.15695164593318797
  0.16736385794773584  0.17779216655229738  0.18830705371743997  0.19883639543663978
  0.20939862508387105  0.22001415165887350  0.23063810276934055  0.24108910106083903
  0.25145014945593042  0.26179718738368801  0.27229409158506973  0.28279465194166398
  0.29331555628208311  0.30380568729953655  0.31435563113604131  0.32486551110238715
  0.33547436592275898  0.34608781976598407  0.35670463533808355  0.36730465675875373
  0.37781339325362290  0.38825358251582576  0.39869666004097482  0.40921372961243413
  0.41985889742115085  0.43047754966098978  0.44106112797022357  0.45164188225984714
  0.46228463855732016  0.47290431355471169  0.48347020902063564  0.49397576350955991
  0.50444683743325947  0.51495283820407778  0.52549168977718685  0.53611924690285317
  0.54668866156886864  0.55720203216632380  0.56773870639998003  0.57826137366446717
  0.58879383031274191  0.59926257036287189  0.60978861953843788  0.62035767508199380
  0.63098634917539898  0.64148379578844694  0.65199795918511827  0.66247111438311879
  0.67307109101412743  0.68360059386245997  0.69412784953076723  0.70452964055623957
  0.71501719566544830  0.72555448791942012  0.73614593375164061  0.74678090273373132
  0.75734631670349783  0.76798545381314220  0.77847132832601584  0.78901635017019756
  0.79944271222320407  0.80992312058290916  0.82044533440462619  0.83098822018008756
  0.84160675685393582  0.85222462252003628  0.86292143414006905  0.87355346074920148
  0.88413479723432820  0.89468342462850825  0.90524761196007197  0.91580077862480846
  0.92642875030546123  0.93700258902174205  0.94761134369889632  0.95824712659401123
  0.96876035757617207  0.97921393919073296  0.98957763864054427  1.00000000000000000
 -0.00240212072146633  0.00934503605957534  0.01954500768505484  0.03013442057167196
  0.04071019324271449  0.05123438468209548  0.06175913092611747  0.07230945468569959
  0.08279597328805817  0.09330725375325753  0.10378209373307538  0.11441191747697924
  0.12505890831889840  0.13576834452339909  0.14635165997272617  0.15684703493512639
  0.16736350559458796  0.17795693667449497  0.18854143021293548  0.19906539519694363
  0.20959463240078982  0.22020071411941364  0.23082291606257829  0.24131898809636174
  0.25189643509504700  0.26253509366011984  0.27312046770501730  0.28359389292843251
  0.29404254243099681  0.30454473025815215  0.31508705946038978  0.32550113361215255
  0.33600970998186341  0.34641686520760473  0.35681979012858522  0.36723100357769423
  0.37765268756238324  0.38823436686674095  0.39875438370823496  0.40934287594641838
  0.41990465657749976  0.43053403292281722  0.44119050933627607  0.45182061235561694
  0.46248208532488599  0.47308446471048532  0.48367228029606607  0.49412791277004275
  0.50457682408062043  0.51489874342753617  0.52530982657489178  0.53578996256807332
  0.54641366692124771  0.55709875433328460  0.56779207594876646  0.57851461531554904
  0.58914103752188418  0.59975010184523481  0.61036525150106480  0.62091734151855860
  0.63136988284644269  0.64183925938653019  0.65241198077864404  0.66298612843426818
  0.67351962232354223  0.68394713740931501  0.69439474063943496  0.70491726029455393
  0.71543892588353808  0.72598405393507026  0.73643240962659817  0.74695398566792226
  0.75758561116688972  0.76829132210196849  0.77893950504286125  0.78947599649586975
  0.80001573587660457  0.81053989119590364  0.82109516326710674  0.83154509612808103
  0.84207654446858970  0.85264585855081454  0.86319454313942068  0.87364113538253518
  0.88402524036939756  0.89440288942287749  0.90489076300637949  0.91543137920416295
  0.92601202314608011  0.93655449678310310  0.94704129061988374  0.95759852467562001
  0.96816070610539751  0.97873994790588981  0.98936737642807826  1.00000000000000000
 -0.00237755370186735  0.00966395020450001  0.01980299479891839  0.03032005692580187
  0.04085332399357454  0.05131608542199766  0.06188637504292367  0.07241011628963347
  0.08297726203495939  0.09340810714979485  0.10379449068758410  0.11425130287308712
  0.12462613021320630  0.13518801502429970  0.14575092402581977  0.15631359600786207
  0.16683539475000295  0.17737054470323441  0.18793380044267333  0.19841692728207022
  0.20884424064525073  0.21936793114760225  0.22993362649317811  0.24055562530329702
  0.25109895241005464  0.26159210990932602  0.27208760579080449  0.28261911146102958
  0.29307289652498736  0.30351373973697005  0.31373238554603711  0.32404714492658004
  0.33443804430818719  0.34500534892807716  0.35549414029594884  0.36599719014287041
  0.37652754362636581  0.38718457941741335  0.39778919781437971  0.40847254867882904
  0.41903831053817531  0.42961139205229076  0.44011658870661546  0.45073150848363169
  0.46121847257256154  0.47171119483471541  0.48227350010088760  0.49301605549889543
  0.50365746424814806  0.51425143807804874  0.52479965224159808  0.53550999987974557
  0.54611995831154170  0.55676349657912427  0.56732011632897483  0.57791378046674824
  0.58837164559102151  0.59879652598974553  0.60922171411108639  0.61970052613788817
  0.63021752299643741  0.64077095665607453  0.65137349766741492  0.66202473238753223
  0.67261738963725382  0.68325327838739780  0.69373633269733370  0.70430640875879813
  0.71484287375319622  0.72551303308900128  0.73609035270847190  0.74661515106286236
  0.75715058097713117  0.76770107020510492  0.77823559204447135  0.78876943932924570
  0.79930389768444332  0.80977297395753189  0.82022851826651311  0.83068431436408940
  0.84125442528460537  0.85175824765073260  0.86230221798005824  0.87283141380520424
  0.88335319915013899  0.89389773926602578  0.90438284071663633  0.91496502530894164
  0.92559135957623906  0.93631128968968635  0.94705728126823652  0.95770823799174387
  0.96832423272044743  0.97889882263693906  0.98943934498330388  1.00000000000000000
   9.1434191071602899E-007  -1.0000000000000000     
 T T T T T T T T
