 -0.00159862737630908  0.00573545050819089  0.01254475462938342  0.01925828900229435
  0.02628072309521565  0.03364472888768186  0.04134354459466383  0.04937204571813820
  0.05766992428708399  0.06621166197456080  0.07495640832540958  0.08383122281721632
  0.09283286877402293  0.10193301038365579  0.11108279869983341  0.12028700392662260
  0.12956149957132371  0.13892476717678304  0.14838305982328492  0.15790814526347688
  0.16747010905503401  0.17707278122828127  0.18673601892501354  0.19647649443003767
  0.20628100734720473  0.21611070431301119  0.22597054389474502  0.23588039950073711
  0.24583925068172258  0.25584200400536372  0.26585701464077127  0.27592389831833414
  0.28608243173881298  0.29627611446246360  0.30650954524604740  0.31678921509912067
  0.32709237240405203  0.33738994678381573  0.34767282418650569  0.35798135449405444
  0.36831778291014966  0.37864480321199312  0.38898325590874699  0.39933615595817951
  0.40969452855444000  0.42005399562554224  0.43044343690109527  0.44088815424777089
  0.45137740338745880  0.46187193893797707  0.47235850112163158  0.48285816176685403
  0.49338324253190180  0.50393931555728599  0.51451461112554542  0.52509032550373380
  0.53563990283371843  0.54614046376420466  0.55662552364672391  0.56715096503064732
  0.57775902745224028  0.58844034376920784  0.59913950143943928  0.60984686302725677
  0.62055204143988063  0.63132482765133124  0.64216395430062989  0.65304310961049283
  0.66390724662064537  0.67478265980240582  0.68573837877185528  0.69681308456458668
  0.70795833933824925  0.71908434130687648  0.73013713399419089  0.74112050433058652
  0.75211880235879991  0.76318777275202110  0.77435126996022496  0.78556367789577342
  0.79682552587619326  0.80815379299062129  0.81953689139025354  0.83098708305250446
  0.84252499964553362  0.85425781250741661  0.86619797637087526  0.87829549601857693
  0.89052003833421522  0.90293743314802710  0.91559164305112295  0.92862603274211086
  0.94224922559186508  0.95702903477647971  0.97557638131442004  1.00000000000000000
 -0.00236858720799034  0.00964364399280325  0.01977290900846248  0.03025161442971805
  0.04080183847067657  0.05144418164287468  0.06203366554518130  0.07258033780653340
  0.08309559757943653  0.09354063131805027  0.10406834309879828  0.11446963387677266
  0.12486844984023136  0.13532293063906947  0.14577682391684085  0.15651104831004609
  0.16710951654396883  0.17766316598472479  0.18832164366161283  0.19901927200249792
  0.20971226908427343  0.22026450236358844  0.23069088553411773  0.24112874337415091
  0.25155228703665777  0.26213432270438874  0.27268522096825731  0.28328503696592167
  0.29378473619475154  0.30429444451371940  0.31476380834599305  0.32537150719913477
  0.33593241479924713  0.34646049750124380  0.35702256556441903  0.36765330219150466
  0.37824921281357282  0.38880071833563684  0.39935847496294746  0.41001856895477795
  0.42061184488608394  0.43122651942781448  0.44177885523072441  0.45237666295515289
  0.46288558032629901  0.47338033479854957  0.48383217768209336  0.49429455438741454
  0.50482409645930904  0.51532079190862357  0.52586413838971113  0.53638472887341793
  0.54685552655291092  0.55742925364310614  0.56793822689462969  0.57852048584358962
  0.58892982110265391  0.59939833081091898  0.60998877261709017  0.62067857741185628
  0.63125004356084302  0.64181276265427845  0.65238060875387949  0.66312672196069511
  0.67376374053710553  0.68436538209372644  0.69493282614450824  0.70548415304399992
  0.71603211871025430  0.72658624437071329  0.73711682244536147  0.74761342702993827
  0.75810262930510042  0.76846765850971166  0.77895755119884824  0.78938031500222194
  0.80003625182005045  0.81057880510346547  0.82116661937356850  0.83172577408104498
  0.84233719959745113  0.85294064598686437  0.86334893622308218  0.87387736388056625
  0.88443454553117595  0.89496865370577616  0.90542128812717870  0.91576103666775277
  0.92624903497503841  0.93668373180245779  0.94724444100901617  0.95784865539814190
  0.96840005974450127  0.97897084520359856  0.98945097774770863  1.00000000000000000
 -0.00227929266190362  0.00915153212342453  0.01920840390165276  0.02966187431033693
  0.04027200974439042  0.05084122754915905  0.06151779501313529  0.07214876928486086
  0.08269805019695509  0.09321062859874807  0.10360106836763422  0.11405646738905072
  0.12454395391981481  0.13503666479691748  0.14547056245575651  0.15586496701464295
  0.16650392589993251  0.17715147516684907  0.18783157624131760  0.19836862985639456
  0.20896122932044195  0.21945146381691485  0.23005124828267542  0.24054177813178348
  0.25102272850241758  0.26135347315690960  0.27169498170548190  0.28216765211758105
  0.29266651084258499  0.30322975709200972  0.31370256355958370  0.32422389986273881
  0.33483216532107524  0.34541466628256562  0.35601494184141030  0.36651852932365719
  0.37712335802658065  0.38769640851203541  0.39828638787650145  0.40884727619976069
  0.41940148180970382  0.43001100141901510  0.44067134646003497  0.45136967533020084
  0.46197727544515160  0.47247192013166184  0.48291554937057074  0.49342979512159429
  0.50389813944758766  0.51433352984571146  0.52479910310099631  0.53529776087415926
  0.54580877862424315  0.55633063756909085  0.56692554952919361  0.57757069229033131
  0.58814331378219942  0.59874304575994486  0.60932083853358177  0.61990783107798153
  0.63049674572463077  0.64108552855285905  0.65158034073392102  0.66207636373406709
  0.67260387589570314  0.68315421375059271  0.69364260185729854  0.70417100719515435
  0.71474246818649079  0.72528426974810511  0.73583053806188181  0.74648852487542461
  0.75714609440485092  0.76768035798980716  0.77814265762366908  0.78859665369972642
  0.79906270048516126  0.80955345589920380  0.82005819752829967  0.83059511753582338
  0.84114171479634325  0.85176568970485067  0.86244780499493501  0.87313925763120759
  0.88388104484574648  0.89453037951714964  0.90518357664402482  0.91576257352352353
  0.92635347924283684  0.93695657167289403  0.94747102484824308  0.95812541363168013
  0.96868808446666654  0.97925075676715945  0.98964501567369578  1.00000000000000000
 -0.00232739424934116  0.00955401625199790  0.01980593952684151  0.03023151615292997
  0.04085099943125248  0.05142436289283786  0.06202358877600443  0.07242168545643533
  0.08295826784152446  0.09354760053841776  0.10412294782330739  0.11455142038427744
  0.12495910483388206  0.13544401147069632  0.14589727161940616  0.15644884523804251
  0.16692494687278978  0.17742055856185490  0.18780970037561984  0.19832409625310329
  0.20884890465600142  0.21941869574700729  0.22996577020062622  0.24045270921919143
  0.25092115198039883  0.26145082782985518  0.27196216072432894  0.28247868302052198
  0.29288542780616561  0.30331522003841077  0.31382592618886168  0.32440538900020244
  0.33505411189399054  0.34572950290962706  0.35635726889807684  0.36699163278471780
  0.37751267092814383  0.38803127788231695  0.39851111967667646  0.40902757903327946
  0.41962033175135843  0.43017752916604823  0.44067315654446215  0.45114080212856306
  0.46172740846586652  0.47233948520198354  0.48288904622321727  0.49342825444636013
  0.50399842072404322  0.51459680736445113  0.52509618636852828  0.53562659313664607
  0.54615623421436865  0.55673227697958660  0.56729851521279362  0.57793169889777996
  0.58851765704990866  0.59908267404494997  0.60950816210552894  0.62002474040212052
  0.63050698962090046  0.64107224838537258  0.65166357894512783  0.66228424631783833
  0.67297126861673662  0.68357380410864343  0.69416529486461553  0.70473067380391485
  0.71535794001787067  0.72602821914938465  0.73676418302275259  0.74752344322275233
  0.75816706004691703  0.76879695974054985  0.77936366237124322  0.78996472822796160
  0.80043023115416190  0.81095976370270961  0.82145501337798776  0.83186098653996965
  0.84222551915350208  0.85260525093905692  0.86303391727366185  0.87350281869583835
  0.88408253286931848  0.89471880499864720  0.90526980529020529  0.91579480291309479
  0.92634194370701883  0.93683322114544609  0.94729590934860797  0.95785364171297271
  0.96846098363412425  0.97903599260484886  0.98952218378181356  1.00000000000000000
 -0.00230191274490200  0.00925781450922637  0.01943378450330363  0.02997173608646185
  0.04059866189024467  0.05115983997179305  0.06175015616650976  0.07226337011619896
  0.08284664857881102  0.09342668106879812  0.10399628841163960  0.11446796966440834
  0.12489723210187231  0.13530686467485284  0.14573761014937725  0.15620060071404177
  0.16672272942552069  0.17726840026958557  0.18770448971451925  0.19817252591875048
  0.20855913338342894  0.21903874237992099  0.22945383463901670  0.23996840685403806
  0.25044995188001951  0.26092700248332934  0.27139970277314951  0.28193243810475049
  0.29254847914816284  0.30315924924714216  0.31377368445151604  0.32435773773094562
  0.33494425915482406  0.34553636771495599  0.35615616051788446  0.36677737166970936
  0.37737365194477279  0.38797075562552130  0.39851858662088430  0.40907420261091676
  0.41963537124405759  0.43023967283246822  0.44091807805949507  0.45161594694484070
  0.46228849580502657  0.47287188452259932  0.48352900150485978  0.49412236384046360
  0.50467641601335655  0.51509660469322882  0.52556899360088472  0.53610409043321339
  0.54668255103511731  0.55731914945801020  0.56797091602423322  0.57855495696012926
  0.58902550078341409  0.59942253489533992  0.60984402412007732  0.62037301056297756
  0.63088602887695755  0.64147224723642837  0.65197116979767644  0.66249381741741342
  0.67298585679686773  0.68348268723101990  0.69397287300065613  0.70443505023762520
  0.71501519597393504  0.72561597160322466  0.73606406782338230  0.74645962834859791
  0.75684122581075652  0.76734213840783771  0.77786246008264481  0.78850469411134061
  0.79917767093194658  0.80983525575093296  0.82036551126487922  0.83092942255320468
  0.84152240745003448  0.85219645272950506  0.86282530883481123  0.87341494663997965
  0.88393534000553309  0.89457911459119799  0.90513903617769786  0.91561231852208580
  0.92599131749216057  0.93638798732865736  0.94695816427733825  0.95756300770289748
  0.96812567845041431  0.97873097360233141  0.98932262579417729  1.00000000000000000
   3.7924632603641037E-007  -1.0000000000000000     
 T T T T T T T T
