 -0.00156496410221082  0.00570036175045051  0.01260724172968011  0.01934706176416612
  0.02642434045475168  0.03385097896551188  0.04162002338744186  0.04972979752546607
  0.05809908628837968  0.06665343091360092  0.07534549272064459  0.08416602274862420
  0.09313064255128813  0.10224844826370191  0.11150688515721763  0.12086794723045197
  0.13030985205495790  0.13986174363551096  0.14950113194435924  0.15919708593794249
  0.16893570246327186  0.17872889882362733  0.18856423905911424  0.19837498631514519
  0.20815897676922493  0.21796899775332607  0.22785309268934606  0.23783607351517175
  0.24787990961075843  0.25794281047952616  0.26801935128751070  0.27810381708736603
  0.28820092097734934  0.29832205761150171  0.30849531968659583  0.31871108068889070
  0.32893496646440451  0.33916411513782779  0.34944455679854330  0.35975968447786777
  0.37005559278096894  0.38032092657728378  0.39058695921260328  0.40086922818684817
  0.41115761755858832  0.42144421308008717  0.43174776351104588  0.44210358831896024
  0.45251926975209233  0.46297017189157924  0.47343983325895933  0.48389875048199110
  0.49434735208999786  0.50479130350816104  0.51527736788534062  0.52583860924620196
  0.53647223749664574  0.54711516112916248  0.55776364335277084  0.56839152189762854
  0.57903896347279238  0.58968791300137335  0.60034501130832185  0.61104346501395257
  0.62179119142669148  0.63255657124261588  0.64328437826220997  0.65397256185448238
  0.66468068380845591  0.67548274379579376  0.68639517973323050  0.69736659923175892
  0.70833627484148176  0.71933272727169484  0.73036775648764463  0.74148512891090212
  0.75265214463312990  0.76379893887304229  0.77492030553797986  0.78605642011555477
  0.79730212311905968  0.80862403172828778  0.82002133174337843  0.83150064761952014
  0.84310050900916089  0.85478002197925629  0.86650771079757050  0.87831517675479298
  0.89031871319170741  0.90261082562168349  0.91524992480735723  0.92831488738942136
  0.94195097960930307  0.95673714303538449  0.97530819028608351  1.00000000000000000
 -0.00217714489050625  0.00943084517047664  0.01954534051037580  0.03018443462717605
  0.04075512785237265  0.05132116719007217  0.06192045385894127  0.07253464410419382
  0.08316886690487882  0.09366387089204485  0.10418828831818619  0.11472207600621126
  0.12518296914807400  0.13571408916807390  0.14615554488049931  0.15669076219358907
  0.16719148524778915  0.17780570770240697  0.18839987222013937  0.19888961355196702
  0.20935693229969440  0.21992064264387012  0.23048061369674483  0.24095457325594627
  0.25134948923918021  0.26182253483710954  0.27234966813388123  0.28286848229458955
  0.29340689437604339  0.30395451348653768  0.31449489927276197  0.32499629306886196
  0.33548709554058531  0.34593500449404135  0.35638609014856298  0.36672696904614310
  0.37718251359359684  0.38769447796861539  0.39835786588296862  0.40895030630900719
  0.41945027054117157  0.42996918774016840  0.44049016833212151  0.45107850227023127
  0.46166888495806352  0.47242644152504881  0.48310815824078279  0.49366218053899269
  0.50406704109483036  0.51452187571993069  0.52499191553126867  0.53544020683536908
  0.54577651109659853  0.55615048509370502  0.56657483178090529  0.57703893283545860
  0.58750371674353230  0.59806154376479492  0.60870229770099582  0.61945458265233022
  0.63011255758862683  0.64072815892588186  0.65128159745793013  0.66186689263370102
  0.67251149815858258  0.68316772569802131  0.69380306996177121  0.70453985808480668
  0.71522046290112984  0.72595270409187762  0.73666426013378983  0.74738984799069974
  0.75792926173783315  0.76837560476291511  0.77881265599458394  0.78934493581943288
  0.79984473025503733  0.81039550209937894  0.82090869973823943  0.83144425026168922
  0.84197052427557706  0.85253219385174772  0.86310545455609711  0.87368364786346087
  0.88430639399076461  0.89494334819805499  0.90556377249776854  0.91607133601782986
  0.92653013872023737  0.93702008975809181  0.94751201183732914  0.95799013697919477
  0.96837268508468399  0.97888035040673882  0.98937514771605062  1.00000000000000000
 -0.00240638673649663  0.00951006139161152  0.01968170519901185  0.03040912879963245
  0.04098783264470663  0.05148804767983692  0.06209461261923892  0.07275882706006949
  0.08343314316969969  0.09401898124410779  0.10451138704137139  0.11502484420447445
  0.12557125727612048  0.13606412327274509  0.14655973656997043  0.15704532148201095
  0.16759108763805483  0.17811952495009495  0.18861568924839828  0.19911573745973496
  0.20958211323046930  0.22008889743911203  0.23057777061746834  0.24109574364620789
  0.25158107030145271  0.26205776164872152  0.27252882984166282  0.28304448735177407
  0.29358883269107322  0.30426624566629917  0.31489068035639928  0.32562305777102024
  0.33621641388807111  0.34677698305797383  0.35726758890533833  0.36779306290921437
  0.37834377671382607  0.38892740849529417  0.39948321166622458  0.41006673900415230
  0.42065652472950960  0.43129938472378032  0.44194594310746027  0.45258837533098478
  0.46320411390125943  0.47378154813610684  0.48432989639582902  0.49481744832767749
  0.50534416573493757  0.51584102925465958  0.52636063502261254  0.53682700093605074
  0.54727491588681865  0.55780772235236142  0.56837790453404335  0.57899180641554915
  0.58951131899471632  0.60003433414121021  0.61065814120913520  0.62127772752434740
  0.63186602202811759  0.64231847195549696  0.65276669141770327  0.66319404219567513
  0.67370694400532316  0.68424451791899510  0.69481466082832843  0.70534915581301483
  0.71595199505847762  0.72652072086004404  0.73713702146830529  0.74775160309501110
  0.75840143728795650  0.76912618200301119  0.77968575845345200  0.79023203018235477
  0.80061822057192411  0.81099462834252989  0.82147447698608345  0.83191074591783087
  0.84231310982541363  0.85265943107677200  0.86310681230656572  0.87364052265541492
  0.88407286932119433  0.89453322379279310  0.90506222128876423  0.91556306019846279
  0.92604941388444773  0.93661594697190331  0.94734453541858576  0.95800044568688536
  0.96855227063050509  0.97897982708585807  0.98950304492258168  1.00000000000000000
 -0.00243338400791251  0.00981746066264302  0.01993674559452369  0.03037723173754225
  0.04074507178691251  0.05121686288989558  0.06168900347707013  0.07224650897809094
  0.08286573079539536  0.09346119941951458  0.10407876247503492  0.11463971391520861
  0.12531449678482223  0.13589632694418277  0.14646111370294437  0.15692883603828095
  0.16753299632889221  0.17801067933675419  0.18855193089482075  0.19899076625566334
  0.20948177600944404  0.21993035698882890  0.23047601021884551  0.24105913755282624
  0.25163655006270857  0.26222167463663842  0.27272200688396442  0.28322332086527702
  0.29366626382660305  0.30414759844330863  0.31459648863858053  0.32511594434155855
  0.33566977727784508  0.34627801562341270  0.35686350856436039  0.36739338086099421
  0.37789727616057184  0.38827229054155754  0.39861368581996803  0.40901098260112928
  0.41937942611514745  0.42986424958086761  0.44036209651449543  0.45107241030898654
  0.46171397299670502  0.47234203848695749  0.48286335577319289  0.49345452155068753
  0.50391279306370329  0.51443076934171350  0.52489846426041598  0.53548876605556694
  0.54601400146608314  0.55653187284473993  0.56708290675379747  0.57770864801460864
  0.58834256845514010  0.59885931505695622  0.60938688968751953  0.61987907863360392
  0.63036731124378487  0.64088725607168551  0.65148908469857481  0.66213235641869816
  0.67269420089702237  0.68322998920652955  0.69383339991292081  0.70439089470362748
  0.71491655664569442  0.72544012517444245  0.73596793441270514  0.74652302239195256
  0.75700994262937238  0.76761283459656349  0.77818732159305004  0.78876496945940477
  0.79938152680664620  0.81005877744165333  0.82067738670575663  0.83121128250344800
  0.84169725703847431  0.85220684225099541  0.86268198851271416  0.87316646418384147
  0.88366712136380787  0.89414768201850348  0.90459099402410759  0.91506830958301655
  0.92551469107676909  0.93608213135572071  0.94673441682621073  0.95744391072083779
  0.96806126299075124  0.97864346667025026  0.98930212211540836  1.00000000000000000
 -0.00241004800697913  0.00935452492897663  0.01961107259702095  0.03014357268407420
  0.04074563830128829  0.05117143391529881  0.06157250803597115  0.07200502968650940
  0.08257280846846385  0.09319249675016601  0.10374441622307390  0.11417784267321703
  0.12466236029153234  0.13516882039811468  0.14579995413373356  0.15633199211825796
  0.16687259221882478  0.17728546457839200  0.18779495279184424  0.19833204874624011
  0.20897678316412857  0.21956209497901891  0.23017328130548997  0.24079587760279339
  0.25133814632566215  0.26176586818730430  0.27218321209992419  0.28277035039754433
  0.29322027474623380  0.30369792648097627  0.31410397313241167  0.32476596547031927
  0.33539128983052241  0.34603574311636609  0.35663649431740263  0.36715821383427821
  0.37766141528033431  0.38813849757831220  0.39868341528877654  0.40920011980370807
  0.41971488415200880  0.43024808109741697  0.44078675110112364  0.45124386666151206
  0.46179844702564493  0.47241813878372801  0.48306198321038019  0.49368151984391939
  0.50424488642750021  0.51480285238697066  0.52534335774997276  0.53586197672489821
  0.54639630024439068  0.55682385462066897  0.56728071666045810  0.57776518166856972
  0.58829251880324829  0.59878280599156497  0.60924682163543553  0.61973838908121071
  0.63029809721580188  0.64086007403954193  0.65141875738373578  0.66188489695866570
  0.67247607353515115  0.68299723034476245  0.69365476237087798  0.70425519676618253
  0.71489253453356671  0.72546898213839206  0.73606723311314681  0.74668324831011290
  0.75724598217815031  0.76776545168892907  0.77840178165681650  0.78909213936765132
  0.79975209284367244  0.81029119963808072  0.82079310147164264  0.83128790911907724
  0.84177640779466778  0.85225458187294045  0.86266686361750022  0.87309732775600635
  0.88354425698051020  0.89412670435931296  0.90466636922095012  0.91509629390346903
  0.92559127076260339  0.93598271801504151  0.94657367188275165  0.95708703978258036
  0.96780249016190900  0.97853522548893468  0.98928746054547378  1.00000000000000000
   3.7008345144320635E-007  -1.0000000000000000     
 T T T T T T T T
