 -0.00184986706321382  0.00612645123059871  0.01332895055166938  0.02045043748946841
  0.02788333427279376  0.03558387507435022  0.04357673752963577  0.05187661375786427
  0.06040126382436851  0.06916220899116514  0.07812963663698312  0.08723715056226661
  0.09647600280862301  0.10580636593016728  0.11522618525385066  0.12470762775041226
  0.13432117743318928  0.14406096507317820  0.15387307366698907  0.16365723846101748
  0.17348786703096833  0.18334429414366846  0.19324129556919209  0.20308208808615560
  0.21294496690512668  0.22285351237995651  0.23274259602909908  0.24265952861511977
  0.25266145808932883  0.26278872647530960  0.27294976293428536  0.28311699332360152
  0.29326694117388830  0.30337201819883702  0.31350302833321231  0.32370008849800042
  0.33401677008850150  0.34440404689626686  0.35472829156125646  0.36496920117506815
  0.37520397479472090  0.38558122778377329  0.39605929912192556  0.40652162934222486
  0.41698232965727761  0.42748668151452190  0.43799521654447859  0.44840095450697443
  0.45878966275339417  0.46917261073803762  0.47960500593302269  0.49008414582194509
  0.50063004720487481  0.51120465829492945  0.52174485782520241  0.53223049273085155
  0.54268721243393081  0.55320722929989574  0.56379875357132925  0.57446351676208174
  0.58502410522391635  0.59548473198868035  0.60595308830565542  0.61654237264504597
  0.62727289263853325  0.63798995596176777  0.64870797813412528  0.65935186445823790
  0.66996779429806441  0.68062793193092497  0.69140755071768634  0.70231939997529280
  0.71325738633859237  0.72419506729539485  0.73519968158511650  0.74629817125824938
  0.75749628394676061  0.76872140837655423  0.77984356438343383  0.79096032618734868
  0.80211417967677479  0.81347434119101925  0.82492132018713982  0.83638651273667841
  0.84781075041662202  0.85926592152371672  0.87081049989255510  0.88261986015157134
  0.89465723452303758  0.90690943838971827  0.91934422083992784  0.93208217422833473
  0.94535507329060153  0.95977779099778326  0.97755578203009041  1.00000000000000000
 -0.00248249499320321  0.00989769908098338  0.02017614838624551  0.03056555983819930
  0.04105714366833490  0.05148137670826654  0.06196661956905020  0.07246481455072414
  0.08301007870153895  0.09350442374319969  0.10386814786243287  0.11427684010954611
  0.12472641709884538  0.13514958953691614  0.14563973071024552  0.15622822771234507
  0.16686543654641423  0.17741155377720003  0.18781259603310790  0.19841055306468311
  0.20898831575983154  0.21954153653983585  0.22995560620654124  0.24045837928863897
  0.25096664664885132  0.26139094176468869  0.27197812191108189  0.28267430460661180
  0.29346010743726053  0.30411862517652066  0.31464888345520653  0.32507342343331908
  0.33545847541180734  0.34587384006919386  0.35634243356963752  0.36678305838231667
  0.37719726153797678  0.38769650820108864  0.39828110352048895  0.40901759147901040
  0.41964993003602197  0.43034947224779024  0.44108663606914178  0.45185463191005204
  0.46260330539854405  0.47329429679346346  0.48391352932525256  0.49436856836708992
  0.50480425227343673  0.51529795382532273  0.52598983456116610  0.53675736461589274
  0.54745950240164021  0.55814276577684252  0.56876471506380022  0.57941261702697999
  0.58991076225779915  0.60040530877091014  0.61092589226242788  0.62143222558832834
  0.63193254193123793  0.64244514707264044  0.65315375975255652  0.66383124318904541
  0.67449546250219872  0.68481975232882386  0.69518752219439972  0.70564071639756953
  0.71628016248437376  0.72707578020960606  0.73761140518371726  0.74817400033980297
  0.75858025177989585  0.76907738632796807  0.77949238071195737  0.78992268276318434
  0.80026084717176049  0.81056239078790471  0.82081347180112474  0.83112438490807727
  0.84156844704699518  0.85212748844108022  0.86282443161146471  0.87332773839181799
  0.88387660888103570  0.89429906930145597  0.90480451559833630  0.91522557648273728
  0.92573846902767609  0.93613256514005216  0.94676491056414369  0.95734975631030128
  0.96801536154383128  0.97862205377750278  0.98929604785501568  1.00000000000000000
 -0.00239242248250666  0.00962057761799644  0.01977881064535500  0.03020795918324918
  0.04067357629577015  0.05128348300744833  0.06192806873327499  0.07249138216910160
  0.08296409381153827  0.09338320444199256  0.10372331507587611  0.11410458426136560
  0.12455393581764483  0.13506230489983750  0.14542000989095322  0.15578869161089245
  0.16626183412391304  0.17705132505063850  0.18787058119598427  0.19862410848461604
  0.20927402885063365  0.21983335237308024  0.23036891464023787  0.24084027440694797
  0.25138907536035432  0.26200427641901303  0.27256950984794986  0.28306786857353283
  0.29357559104101277  0.30416643869003113  0.31479900674582267  0.32536717862588033
  0.33592234742814447  0.34645117604748060  0.35698291380177755  0.36756403342088395
  0.37821198847103543  0.38889938770977622  0.39941903430613757  0.40971610406849951
  0.41988384297034392  0.43008150997519939  0.44060309624681138  0.45127092428362225
  0.46191581951030214  0.47239603148931048  0.48287429498663631  0.49343792592947583
  0.50396909013835045  0.51454785827751948  0.52514969484422269  0.53573408814300483
  0.54630524041125794  0.55682206514731802  0.56734128726554744  0.57781290814138120
  0.58835192698634342  0.59904802297153115  0.60974846570576258  0.62053784521094291
  0.63131970998781339  0.64222621574967231  0.65296890445349254  0.66372970035701195
  0.67434254255140802  0.68508335925587871  0.69572770547477758  0.70630329606560949
  0.71684899025872395  0.72742120794650178  0.73809657235740622  0.74864389695331313
  0.75919785547224827  0.76967222623603615  0.78018634948225585  0.79077787878637551
  0.80133646106028422  0.81185944420927969  0.82219512056663413  0.83256928519937656
  0.84298411586694322  0.85348388643022832  0.86393005119311994  0.87424260216320326
  0.88463201772193567  0.89509449487248582  0.90561682552932754  0.91607351904680412
  0.92659051572943996  0.93716619161871728  0.94768640840398843  0.95826606242708789
  0.96883946849544544  0.97934661684802160  0.98966935800417144  1.00000000000000000
 -0.00236253483829189  0.01013766633858459  0.02043740767831538  0.03104704897383301
  0.04152981337998297  0.05211516800026114  0.06264008643949925  0.07325528670671451
  0.08368962083696389  0.09411077367454698  0.10439193401590492  0.11470769986449841
  0.12489042388619313  0.13519649730632308  0.14559884486162744  0.15633593881082106
  0.16720452539177946  0.17809500025852770  0.18882135314342655  0.19964568707443853
  0.21027591984791716  0.22086127667490080  0.23140489125986491  0.24189273558551541
  0.25235182643989140  0.26270423225340472  0.27313722357530251  0.28349848392401378
  0.29383151369148081  0.30419097870936651  0.31463323062824500  0.32518423089336057
  0.33591536507389252  0.34680401016989160  0.35759684634782818  0.36840205799600029
  0.37904784095654442  0.38976676785072134  0.40029793600874547  0.41064832502735016
  0.42098716758926302  0.43127868641533634  0.44153965470733686  0.45170589735543865
  0.46206475264374902  0.47274131069595809  0.48359107278474012  0.49443915087049878
  0.50511460849682821  0.51582308292548873  0.52643574798004023  0.53715519915639198
  0.54758689418251627  0.55799994685045018  0.56838181629985307  0.57888943512983737
  0.58942175795605134  0.59987544053483799  0.61040778694440023  0.62092168674251857
  0.63145883123632951  0.64202278213990005  0.65242619894202980  0.66287206129178078
  0.67337503522288489  0.68412515216323355  0.69481233552753308  0.70537172381100244
  0.71583353521519577  0.72639198823112472  0.73701823854772242  0.74766967638286785
  0.75826394151235921  0.76894812420011194  0.77956947041247182  0.79011386433904074
  0.80041041138512981  0.81070960333364006  0.82098545562386660  0.83132743441044332
  0.84160044653267718  0.85208031888145763  0.86258921883324291  0.87322999258718970
  0.88383742091890083  0.89442374300312788  0.90493820117583146  0.91545159016494138
  0.92603129593571631  0.93672463377973458  0.94726529858518460  0.95784356072509158
  0.96840780218136424  0.97904631939118114  0.98952757139473346  1.00000000000000000
 -0.00254385886775045  0.00950715016039730  0.01981339285391878  0.03025074421882389
  0.04075173557870936  0.05126666410010185  0.06194849583552832  0.07259724106919305
  0.08315744174831702  0.09375047929954630  0.10435117961566977  0.11507107518832728
  0.12579934189142203  0.13652290612240928  0.14722036532372768  0.15779410786458090
  0.16831551809504935  0.17883821095899463  0.18940124437207054  0.19985606856542776
  0.21028847800564460  0.22067439396749122  0.23097290845926749  0.24128050248585542
  0.25170804935808305  0.26241524219715295  0.27315014344905703  0.28373462273026334
  0.29424944351294802  0.30467609887202668  0.31518962909945825  0.32562961909768634
  0.33610393943123978  0.34670925914612205  0.35731447439132180  0.36792071234902141
  0.37837297635213968  0.38891050297623264  0.39930768576139519  0.40966448030924713
  0.42003119441139264  0.43055731187836171  0.44110653691055951  0.45157307810619213
  0.46197302558362141  0.47237519678353457  0.48278999311994558  0.49322285066673793
  0.50367964070025140  0.51421688728932813  0.52480746788890120  0.53537872394852337
  0.54588003311054434  0.55636769218615278  0.56690292712590207  0.57746325690530698
  0.58805705756526705  0.59854666084694341  0.60896481794713031  0.61933372822968380
  0.62980649948255951  0.64041457076678010  0.65097207704990834  0.66137732460873477
  0.67172372818370796  0.68212024792481407  0.69250917301228698  0.70296964849701837
  0.71349240542869374  0.72410944833512481  0.73472760368860845  0.74531410091320316
  0.75591392120569489  0.76657968009335575  0.77722363353467194  0.78777134533062632
  0.79820491570563612  0.80864706605563230  0.81922083508647192  0.82990908562574750
  0.84065482593692697  0.85126682308330814  0.86179166905294280  0.87230406064841537
  0.88293490914857142  0.89360423365416630  0.90423564247235222  0.91489368926844805
  0.92548606921594234  0.93610381912242513  0.94683216036387430  0.95761450831141326
  0.96822760712966649  0.97877122833758712  0.98931667821992486  1.00000000000000000
   4.3032726858332386E-007  -1.0000000000000000     
 T T F F F F T T
