 -0.00153125248332221  0.00640138141794677  0.01349796695540661  0.02062637226013469
  0.02807845296882680  0.03584510969252133  0.04387827831270542  0.05216306135813317
  0.06063493351449856  0.06936697827613807  0.07833522268316273  0.08750116353208902
  0.09680043787937233  0.10618055594703982  0.11569938048719762  0.12530766959830789
  0.13494390264815970  0.14448551250927041  0.15402896259173046  0.16363259280417566
  0.17339338601985049  0.18309262909533536  0.19289188293423176  0.20279635301699994
  0.21283629424739142  0.22293563748670198  0.23291162841963076  0.24291882810781953
  0.25295378099244370  0.26308713714459692  0.27321272669720670  0.28330415337691589
  0.29340465630025458  0.30355827621068282  0.31374847900861241  0.32395958543013653
  0.33417410439104661  0.34444963008881208  0.35480593782212749  0.36519308871156264
  0.37556949266124789  0.38592897787443881  0.39636683549291241  0.40680675169236546
  0.41727396395938027  0.42770003014850561  0.43803178614674687  0.44836148758338051
  0.45874364980371918  0.46935003915582652  0.47998176546323990  0.49054227903198472
  0.50102857843373116  0.51146595926000349  0.52189467994954852  0.53241688510875329
  0.54303399310111722  0.55371572534658897  0.56434910889328216  0.57481289931538904
  0.58520741655758202  0.59563992587886250  0.60629329675337840  0.61703931681697433
  0.62783857246629426  0.63872186744158410  0.64970466077913314  0.66068274846178143
  0.67165676573675293  0.68261758494518976  0.69352743490579583  0.70433103378399542
  0.71511165712671076  0.72607608569014737  0.73714157149397619  0.74833382879184962
  0.75947245865134438  0.77055435008026962  0.78159436975255858  0.79263905711888860
  0.80388521316777839  0.81518755486900485  0.82653875215378159  0.83779424511927669
  0.84905817237829817  0.86038807190016764  0.87193087783660339  0.88364046094057325
  0.89541180174692436  0.90725842813660451  0.91936030048032380  0.93195323800064434
  0.94528756552752691  0.95983932343289802  0.97760557964848149  1.00000000000000000
 -0.00207679563677211  0.00962709826747631  0.01983191856937295  0.03043372242121578
  0.04102643195284835  0.05162380885889183  0.06224838231055668  0.07288184976213746
  0.08351522027301723  0.09415853676577945  0.10493812695972170  0.11546744850604006
  0.12601148486081243  0.13616740280060965  0.14649213486076459  0.15677314843451731
  0.16716902089545052  0.17752911590416801  0.18791523229928453  0.19842003798464947
  0.20895366789419362  0.21944480883294223  0.22993653914612791  0.24049351315759698
  0.25101808369364370  0.26162385300450097  0.27218395300139625  0.28295889809522423
  0.29373150880407428  0.30460040727036880  0.31534958242809230  0.32589958204551106
  0.33647594047516510  0.34711074216721222  0.35791269709807644  0.36850829027708104
  0.37907680359530138  0.38969221282721578  0.40036828232904681  0.41104871095541939
  0.42170528583392919  0.43241949445664624  0.44303345000135552  0.45359765822811904
  0.46421637090207141  0.47469078504551571  0.48506395938264346  0.49537550167373889
  0.50580698495467324  0.51632432869697242  0.52674901392348727  0.53730536043512056
  0.54796464111726018  0.55870651417426087  0.56938164858569584  0.57997227312644317
  0.59064640489811604  0.60131458875095611  0.61185806063887949  0.62232644054662456
  0.63260709792802194  0.64298028700152376  0.65326440396423169  0.66366781383347906
  0.67416577411741863  0.68478609170286986  0.69545915460914065  0.70606790835928412
  0.71660966236674239  0.72703354596322034  0.73754413596887136  0.74809261257074400
  0.75875558558507972  0.76922265946586399  0.77965494124748358  0.79012139652832825
  0.80061447450034806  0.81116409577800774  0.82146512521984749  0.83206147490357418
  0.84270316993532424  0.85338133778385072  0.86387625881917607  0.87415750990266816
  0.88475176674868661  0.89527362782484843  0.90600210941061898  0.91665934878476640
  0.92703745375120283  0.93760882566377035  0.94806993230869296  0.95869654762108314
  0.96905154768629509  0.97938914121148002  0.98970445443584876  1.00000000000000000
 -0.00234583329621774  0.00936057473895009  0.01942588106117830  0.02981606138922257
  0.04025425555105394  0.05050772022671850  0.06072270020803456  0.07112013917811214
  0.08169999240149674  0.09235699303024622  0.10298122669588694  0.11352564696272535
  0.12409978015638125  0.13462676329356058  0.14539695806273112  0.15614248221308702
  0.16686990257844264  0.17738960626465636  0.18805830216181069  0.19880896314322133
  0.20961267778962156  0.22030281599978946  0.23095926604041678  0.24163078716449812
  0.25229607477814708  0.26296962186390538  0.27350914619625710  0.28397287186433562
  0.29439326403196781  0.30483711421341425  0.31537918204807575  0.32590450950911831
  0.33648361688558565  0.34698805603351673  0.35760617892982438  0.36835143310737706
  0.37912771566824599  0.38971793274737432  0.40027940453204286  0.41087696808654728
  0.42149560810640813  0.43192829811786471  0.44237257870113617  0.45291563612167640
  0.46347534428093845  0.47396091572758281  0.48441615796135051  0.49501895171757021
  0.50574237044744830  0.51646142343911161  0.52705235324026212  0.53753636652336378
  0.54791185239763296  0.55822686016688483  0.56866073020501273  0.57908332091359505
  0.58964632028877606  0.60004272015037707  0.61047460371583362  0.62082811685222006
  0.63122169315542997  0.64172983230897473  0.65225990721901606  0.66295513201190825
  0.67371943922387567  0.68454372876853820  0.69519830034773078  0.70572856579447441
  0.71615621293684817  0.72656565612104551  0.73705384658309758  0.74759024413411812
  0.75811088916924163  0.76858496159029577  0.77900756762223755  0.78941779260066802
  0.79975194821664819  0.81010253072661664  0.82068673677396309  0.83127960664023315
  0.84196849214884750  0.85241884419629088  0.86287289539330758  0.87336471263032855
  0.88391816697118375  0.89450267327571309  0.90492364418835314  0.91542907458249390
  0.92610851524094895  0.93687305207109184  0.94753638867461787  0.95804548592930028
  0.96842680120013691  0.97886636795147586  0.98935001346031815  1.00000000000000000
 -0.00211880776237183  0.00981866892717319  0.01978320752872752  0.03014865681096130
  0.04037068077643707  0.05062661664502877  0.06085433902472756  0.07128224055553525
  0.08181825329499134  0.09233851964762431  0.10274182547587446  0.11318467973535611
  0.12358300660383123  0.13414375729437747  0.14466004539409169  0.15509505784187555
  0.16549111447963522  0.17609210993434121  0.18675368636498182  0.19729379654464888
  0.20782882810661574  0.21859962961417473  0.22949127864214000  0.24007585952486107
  0.25065862456790877  0.26137707605207922  0.27208201205476290  0.28264476064637029
  0.29315249348417283  0.30374092860556207  0.31418784478956785  0.32450212269578815
  0.33493277728025733  0.34562402482934396  0.35645080981011867  0.36720247681160068
  0.37779408761390182  0.38843907881438178  0.39902221795648479  0.40959889757375600
  0.42003884073669018  0.43052565781909968  0.44086391666084834  0.45118193514459409
  0.46144882047908331  0.47175126579320509  0.48204212521558926  0.49233775819714809
  0.50279043118510836  0.51331584173197153  0.52406307971981936  0.53489609412122252
  0.54564706173549804  0.55615025672006513  0.56666491074578551  0.57705470284897886
  0.58746811809771304  0.59781457630322998  0.60835513349550285  0.61899711290495807
  0.62953896639989093  0.64017597362968925  0.65087700433268125  0.66158009237130955
  0.67218326223408498  0.68271045083365467  0.69322501287894356  0.70386260069176831
  0.71443796374229851  0.72504702702188784  0.73565458487900848  0.74630580715566941
  0.75695253016693909  0.76756685165705929  0.77822352455527044  0.78897269128933289
  0.79960659779217069  0.81033876704485075  0.82088558056564898  0.83146633713303153
  0.84191577858780764  0.85239335473962830  0.86288227139549878  0.87339826155089084
  0.88395913869134923  0.89433041802441804  0.90477341113281462  0.91530452389540806
  0.92603981444832550  0.93667763363546674  0.94712589520297896  0.95751835382665473
  0.96807107514227531  0.97872381670992081  0.98942472236173751  1.00000000000000000
 -0.00242411943992230  0.00976286077046375  0.02004072213476512  0.03060536379590619
  0.04133289522756128  0.05205071526341958  0.06247192062320016  0.07296853538786656
  0.08333235932574251  0.09374478797246767  0.10401961797506314  0.11457805269970167
  0.12500183611918661  0.13551642166257660  0.14609220009805915  0.15684629138847994
  0.16760279635881731  0.17818736798591339  0.18875102258223406  0.19924863117669070
  0.20976123582244233  0.22023852041184891  0.23075479274989952  0.24136836710989201
  0.25213579909469858  0.26280733819361468  0.27331090612413628  0.28382332636744001
  0.29427607052899396  0.30472480786179817  0.31510231899626873  0.32555061415374886
  0.33594647343020784  0.34639482930062793  0.35694453479847393  0.36751546236908966
  0.37814888206469599  0.38873205197464805  0.39929529132771119  0.40979578415299889
  0.42033640401377315  0.43095645478300720  0.44157640794093450  0.45216404672936594
  0.46269852566127229  0.47318029545024776  0.48368864404629480  0.49422867912929014
  0.50475139261658086  0.51530957305141911  0.52596151862668794  0.53675973402761612
  0.54745690187533624  0.55805401610389793  0.56855722131540054  0.57916614356160701
  0.58982347844627026  0.60056467263219648  0.61119398201525477  0.62178749325488558
  0.63232795229192762  0.64287044141508731  0.65346629386242572  0.66410242602118308
  0.67469364739092830  0.68526351393447704  0.69575317566525230  0.70628321589796828
  0.71669931949810606  0.72713973691959588  0.73766315241697811  0.74819679537001260
  0.75879406620594869  0.76942212143185629  0.78011891388540089  0.79068229570287774
  0.80106007176986904  0.81138526507986131  0.82181764184289685  0.83237339553870915
  0.84290611668276738  0.85333936445370917  0.86368725478950659  0.87419386298822721
  0.88477340868132526  0.89534466096763765  0.90578463415526522  0.91629251162130387
  0.92682059679896922  0.93717435934347015  0.94748880093742083  0.95777627960210421
  0.96819063144675499  0.97862512110249600  0.98922964517361367  1.00000000000000000
   5.3824101293950024E-012  -1.0000000000000000     
 T T T T T T T T
