 -0.00160029327851709  0.00574833149460434  0.01256333220940571  0.01927962943260118
  0.02630642113802965  0.03367460983037656  0.04137782349629558  0.04940962794874280
  0.05770668713690916  0.06624656753525311  0.07498456118138548  0.08384969526622309
  0.09284203188229602  0.10194099988622750  0.11109556517202117  0.12030591116326439
  0.12957628258665152  0.13892811701492747  0.14837588030463464  0.15789612013903592
  0.16745701187498788  0.17706267708704262  0.18673164552740854  0.19647720843662755
  0.20628342327668139  0.21611556369602472  0.22598449002850080  0.23589947081703608
  0.24585713815191834  0.25585279367796326  0.26585711311206478  0.27591200859823056
  0.28605998602919153  0.29624902980246809  0.30647305939775221  0.31674198324547154
  0.32703255160565453  0.33731594335960569  0.34758507144215556  0.35788607791922689
  0.36823318814292760  0.37856561039288783  0.38890103519188435  0.39925048092731369
  0.40960775043713604  0.41996042522063487  0.43033894343807755  0.44077715560901132
  0.45126773307572698  0.46176599253531370  0.47226155205549963  0.48277421497937029
  0.49330863429232052  0.50387627324374407  0.51446159535903935  0.52504084113992455
  0.53558033767458901  0.54607236153727057  0.55655992141082533  0.56709412352471811
  0.57771306067151307  0.58840305644759150  0.59910232435642652  0.60979846148256989
  0.62049330406508574  0.63126990303030617  0.64212548096214128  0.65301611686330130
  0.66388838776597625  0.67476788926976528  0.68571950576568275  0.69677800527472944
  0.70791015790935019  0.71903454390953236  0.73009281724252106  0.74107746899120497
  0.75207311054691595  0.76314713345862917  0.77431618438033190  0.78553357649907263
  0.79679780942304645  0.80813846087052099  0.81953278733173129  0.83098647187162322
  0.84251940819900806  0.85424484252157518  0.86617417129936114  0.87826059801838041
  0.89048311683803161  0.90290676394773639  0.91556950746159149  0.92860953149703407
  0.94223403444513742  0.95701666066923718  0.97556111734832374  1.00000000000000000
 -0.00237286508253339  0.00963307515619182  0.01975436558803390  0.03022687890309640
  0.04077228017547060  0.05142238185387996  0.06201262988707055  0.07256924963544831
  0.08308590694985013  0.09352474272374922  0.10405676640231616  0.11445612603099341
  0.12486609973036877  0.13531551463275623  0.14579150254481227  0.15652713113752267
  0.16713877084804316  0.17769957535841613  0.18834400322948069  0.19902582450054376
  0.20970119020357594  0.22026846689743781  0.23069165562442140  0.24113246944631855
  0.25154757736474898  0.26212062486928517  0.27267272340804871  0.28327033351735170
  0.29377011049938451  0.30427828413603347  0.31475229764845392  0.32536100427155279
  0.33592188183285260  0.34645467020232484  0.35701865145210537  0.36763778202526470
  0.37821573477267090  0.38875920234254557  0.39930514858325783  0.40995843629183493
  0.42053205929408893  0.43112550219613893  0.44165777480812435  0.45225651002684608
  0.46276287317549530  0.47327449422911916  0.48373637004582209  0.49421681758457636
  0.50474380902701932  0.51523117453594813  0.52577116510377875  0.53629877580260110
  0.54678886024802709  0.55737401737685333  0.56790140078042772  0.57849036691321287
  0.58890111958088476  0.59936527204019574  0.60994195009958940  0.62061529512450575
  0.63117058899740008  0.64172309997698773  0.65228594401597095  0.66302775287039928
  0.67366147029985091  0.68426592083198967  0.69483069369338135  0.70538121260048348
  0.71593642913083644  0.72649004098049319  0.73703982816746472  0.74753043466983082
  0.75801759840059357  0.76837543371525319  0.77887624869014127  0.78931668486625528
  0.79997202210120355  0.81051407152194055  0.82109608275067791  0.83165780453574623
  0.84226517854661331  0.85286854066603202  0.86328908298563156  0.87383393339793214
  0.88440199602564418  0.89493130212531802  0.90537510121344622  0.91571587776131813
  0.92620732603770095  0.93666483539923440  0.94723603339450835  0.95785503953997786
  0.96840915490325719  0.97897883480713044  0.98945747841676668  1.00000000000000000
 -0.00228250988872356  0.00915795810000359  0.01921412870239102  0.02966512703122308
  0.04026463955222894  0.05083020812235652  0.06149715991444187  0.07213248116715285
  0.08268407407573350  0.09320559151788498  0.10360324353603763  0.11406409901174602
  0.12455485038237098  0.13505418318402079  0.14549352604800367  0.15589790999436279
  0.16653501783757921  0.17719302869663978  0.18788383149113139  0.19844046427995235
  0.20903869749065099  0.21955149118709222  0.23016209149140343  0.24066083611822425
  0.25112926616319636  0.26145518122975464  0.27181462374166426  0.28229683794968724
  0.29280535445298334  0.30334158460879790  0.31380059025763424  0.32431883685886664
  0.33492509809697635  0.34550926063816456  0.35609775456784165  0.36660951579251061
  0.37721407821508013  0.38777733418624677  0.39835031196161885  0.40887622965558479
  0.41941324303296690  0.43001522800794811  0.44066315403654421  0.45133641844370398
  0.46191278225927995  0.47241385680972603  0.48284656525761915  0.49336125267834208
  0.50381154516921711  0.51424546948415684  0.52471416714424657  0.53523048685501917
  0.54576136955258159  0.55630491144727301  0.56690830540338288  0.57755753658548836
  0.58812773269649277  0.59873838575064564  0.60931796212564449  0.61990881899649575
  0.63050990155895903  0.64111731716006504  0.65161318300333815  0.66210138473685198
  0.67262319316652497  0.68316671897507830  0.69364644172280032  0.70417149582423477
  0.71474833193615461  0.72528647679103420  0.73581721509539744  0.74647025236241815
  0.75713734815765998  0.76767687899909032  0.77812582880214287  0.78855851329606730
  0.79901812696206220  0.80950941849510816  0.82001421219389015  0.83054347872604817
  0.84108265316183894  0.85171450388848835  0.86240489195949421  0.87310180311545860
  0.88383170792894061  0.89447465568273943  0.90512964629038617  0.91571127675525210
  0.92629745879095615  0.93690109889409323  0.94742797766125930  0.95810404311360353
  0.96868691961042841  0.97924623188171023  0.98964230606676951  1.00000000000000000
 -0.00232860955547678  0.00953741254839494  0.01979934897195101  0.03022570468596518
  0.04085574164130032  0.05142867182997470  0.06202599668430939  0.07243008812938430
  0.08298456119357341  0.09360110641903034  0.10418148037586358  0.11460535477794666
  0.12500808103429079  0.13548533276321792  0.14595234168284046  0.15650331508943874
  0.16698067820379076  0.17746416650866204  0.18784558142676905  0.19836788433980729
  0.20889418016413092  0.21946947508619666  0.23001084607559480  0.24050330282055721
  0.25096663023324889  0.26148857427563560  0.27199345565574340  0.28251583341416403
  0.29292933771042334  0.30335006799310149  0.31385005151919126  0.32443676156107348
  0.33508297903674406  0.34575610950302937  0.35637783799327583  0.36701133374164391
  0.37753564791038385  0.38804132440617367  0.39850835643084731  0.40901297809718806
  0.41959940529533929  0.43015575707160703  0.44063879628408004  0.45109884804764294
  0.46169583496889011  0.47232617677374239  0.48288438645743303  0.49341584128735666
  0.50398015098588644  0.51457545527026627  0.52508753445831513  0.53563264550144607
  0.54618043228183355  0.55675884709296708  0.56732580745528882  0.57796681206982359
  0.58856165117969594  0.59914187689893372  0.60958264772750870  0.62011341663338826
  0.63058043141371156  0.64111310088833351  0.65168441343571748  0.66230628808532388
  0.67297721111338316  0.68355989064970890  0.69414915739955108  0.70472647650296216
  0.71535964854532197  0.72600383333443741  0.73672875629312418  0.74748238306861026
  0.75813423264298618  0.76877951160370006  0.77935103935311578  0.78995842973484398
  0.80042499292188474  0.81095721070822757  0.82145056887377499  0.83185359551453630
  0.84221097657472810  0.85259064538818741  0.86301206078883885  0.87348834954233612
  0.88406986924026965  0.89471933902236345  0.90527739906502047  0.91581820202880460
  0.92636875146044828  0.93685950131192897  0.94730806563503145  0.95785783353125975
  0.96845853611599275  0.97903323670793052  0.98951863063500234  1.00000000000000000
 -0.00230755171651774  0.00925241175144313  0.01941955248229495  0.02996814778907514
  0.04060762038924824  0.05117578680683279  0.06174054977007011  0.07222790861070393
  0.08280006482586570  0.09337969902780666  0.10394801563698643  0.11441243531601233
  0.12485109450995734  0.13526490072624256  0.14571006556716365  0.15617773921601033
  0.16670915576755463  0.17726079655441315  0.18769762724633460  0.19816317569797556
  0.20854257998769662  0.21902732883205608  0.22944538873220560  0.23996345706609901
  0.25046063992140255  0.26095429702019091  0.27143301607246678  0.28195715780700936
  0.29257627799797203  0.30319012300901232  0.31380833528466562  0.32439593893734575
  0.33498952250831199  0.34558401972009656  0.35619990964927029  0.36682510194098233
  0.37742774465004697  0.38801523051432363  0.39855185899232026  0.40909793883214851
  0.41965844396114621  0.43026548531974851  0.44093759303016727  0.45161759174882199
  0.46228665679643310  0.47286558050413052  0.48351150614702332  0.49406794241918750
  0.50459660292672337  0.51501870987594212  0.52548632130893980  0.53601844176379920
  0.54658539797678929  0.55722552600217368  0.56787632645060915  0.57846351908687099
  0.58894102407722093  0.59934959241763530  0.60977921184583106  0.62030796448895742
  0.63082115800360750  0.64140630845428270  0.65190582838983557  0.66242660341209081
  0.67292280315926900  0.68344196493978471  0.69394479272556997  0.70442043783861608
  0.71499894931051211  0.72562517943738847  0.73608949014289793  0.74650119914117430
  0.75688301729867591  0.76737671208477232  0.77789530440372556  0.78852135989506578
  0.79920685313856366  0.80986927088146521  0.82040997290038786  0.83096911090955705
  0.84155624600964674  0.85221893087950651  0.86283091828506442  0.87341405210420087
  0.88393487904085544  0.89458392955417787  0.90512853046551478  0.91559835517350807
  0.92597993209724971  0.93639397368168642  0.94697742972094789  0.95758496768233625
  0.96814219439189353  0.97872878756680659  0.98931869613027401  1.00000000000000000
   9.5151823349162796E-007  -1.0000000000000000     
 T T T T T T T T
