 -0.00159777087893029  0.00578876201439196  0.01259761754236639  0.01929355844315854
  0.02629369301440027  0.03364394825090104  0.04133177831941190  0.04935452870830234
  0.05764868489099941  0.06618654434949735  0.07492509258998713  0.08379907590167657
  0.09280873571143365  0.10191489738500170  0.11106026773731341  0.12025339671105011
  0.12952786141045766  0.13890609162899695  0.14836564407263586  0.15789024708150728
  0.16746612301229963  0.17709477202802737  0.18678494407982371  0.19651586712026503
  0.20629656524624393  0.21612169934996228  0.22600309233125834  0.23593487681835823
  0.24589268939729830  0.25589212476071754  0.26591181587825935  0.27599969471910829
  0.28615807874133542  0.29632889038468457  0.30652818187807362  0.31678370996349486
  0.32708718950427845  0.33738884399419516  0.34768011467466126  0.35798917882498937
  0.36832635103927536  0.37866359592700405  0.38900350297228098  0.39934169477782405
  0.40968021789656234  0.42004065685890885  0.43043817834053044  0.44087514764809793
  0.45135192031153187  0.46185862662476407  0.47237959961138493  0.48290195460946678
  0.49341019971803735  0.50393624269154935  0.51449133754413479  0.52505524661943215
  0.53558850677986058  0.54606548127909482  0.55653995378343379  0.56706900332801546
  0.57769637565598819  0.58840116059637171  0.59911703230861135  0.60981482469640191
  0.62050008080215358  0.63124893047350539  0.64207478985490984  0.65293711753443950
  0.66377281021402434  0.67462538577605324  0.68556709553153727  0.69664294852035258
  0.70779848084892716  0.71894699106273308  0.73001368378808085  0.74100369965820967
  0.75201526321141576  0.76311931501803931  0.77431508003626526  0.78554328845749621
  0.79681762236595199  0.80814284566956152  0.81951800246284723  0.83097122692367853
  0.84254305642350047  0.85431972379133592  0.86628896460382010  0.87839868705293378
  0.89061201240787968  0.90302180850954095  0.91568070226594223  0.92872208393991862
  0.94231892846654786  0.95705286696634584  0.97557219002963202  1.00000000000000000
 -0.00236743968456592  0.00970238187048134  0.01989437359382167  0.03037972867344119
  0.04090624236110297  0.05154729104070032  0.06218415599490937  0.07275839373328154
  0.08327215722890631  0.09374461423554876  0.10430879522022134  0.11471310039053871
  0.12509524192229404  0.13554095053646001  0.14600171663987438  0.15671204708863409
  0.16728322300180989  0.17785053094300501  0.18851787226072267  0.19920484647044787
  0.20987627507674045  0.22042122489328675  0.23084583553021995  0.24125523332443213
  0.25163792341019831  0.26220009457596155  0.27278731842078474  0.28341963741381099
  0.29393021816404302  0.30438268735199731  0.31482285992593373  0.32545821149588866
  0.33604652103811938  0.34662182046813989  0.35721156170587953  0.36791462428644384
  0.37851908250159289  0.38902268688027769  0.39952856508217105  0.41014021994001021
  0.42071942790257905  0.43130388963384586  0.44184571036894765  0.45243024397512643
  0.46295521004608803  0.47347051567543236  0.48393978778608560  0.49438819723931415
  0.50489268520477526  0.51536650864764999  0.52589891454789151  0.53639386030368541
  0.54686894393162933  0.55745602431794594  0.56796831804050918  0.57855899479287021
  0.58893786672052117  0.59939067042874516  0.60996140061786663  0.62062528022749908
  0.63118105581591544  0.64171538488229629  0.65230669011247144  0.66307909850067137
  0.67372386097493453  0.68434884666859308  0.69494177173328142  0.70549206652162988
  0.71603034064114823  0.72657426615672083  0.73712203486935912  0.74760754522583872
  0.75810170739386762  0.76844464657615708  0.77895926338413291  0.78932428558126511
  0.79996477081922035  0.81047969717685209  0.82110098597399572  0.83170230028688219
  0.84230645450651620  0.85287508723832828  0.86324315474130431  0.87374738895687953
  0.88431009622575352  0.89483362893757545  0.90529679966862198  0.91563678224606493
  0.92614139172588017  0.93659315418963918  0.94718937362404099  0.95780578572876762
  0.96836016817490489  0.97891223400251348  0.98942961965077880  1.00000000000000000
 -0.00226651063696785  0.00914708316151157  0.01921179166061933  0.02966437180789468
  0.04031638990383228  0.05089864042171498  0.06158485083426038  0.07218812328246454
  0.08270593929774259  0.09318732785182751  0.10357042339858083  0.11403196274062721
  0.12451126100484602  0.13497232790607341  0.14538133897053682  0.15576303408056644
  0.16643095436797631  0.17706848846401779  0.18773891984376390  0.19826626380219478
  0.20886592154379763  0.21938446332705439  0.22995840261170275  0.24041957508107487
  0.25084443276761537  0.26120732070172886  0.27158945812655938  0.28209741240462860
  0.29260873416268407  0.30315580008773862  0.31361790616984137  0.32410744234849548
  0.33469065241547669  0.34525485742250528  0.35584667486651755  0.36635126348010966
  0.37693932491300264  0.38749948489022568  0.39807971527010189  0.40864435086305945
  0.41919974055677661  0.42978151103818429  0.44043602354763112  0.45111841399360370
  0.46173517179369666  0.47223325829053808  0.48267027104433363  0.49317533556163440
  0.50360759917845577  0.51402476982703671  0.52446854369580476  0.53499161885991642
  0.54554772092731540  0.55612307638659941  0.56673523315658092  0.57737713942408031
  0.58796370932704245  0.59858494317114830  0.60916074992178326  0.61973967789989015
  0.63032176021051167  0.64090225052946648  0.65138860891739114  0.66187380463244483
  0.67241484613194435  0.68295073075604606  0.69343635218998778  0.70400231570166083
  0.71458506112594067  0.72514808527000474  0.73568318697528201  0.74636088917725618
  0.75702944860197796  0.76755006380023649  0.77800805890016367  0.78844386841855918
  0.79891828330223835  0.80944205264903102  0.81998823835595458  0.83055594278969302
  0.84110629939376724  0.85173681992715156  0.86240884301538190  0.87309924572401687
  0.88385161058507611  0.89451550477932351  0.90519013745633936  0.91578233778318274
  0.92637669737644290  0.93697791704416811  0.94751603671516860  0.95822218372161527
  0.96879537691745821  0.97930530857872189  0.98966594956830589  1.00000000000000000
 -0.00232807700958671  0.00957013404009155  0.01984769827451870  0.03021872118372376
  0.04080105602889586  0.05129883497379625  0.06187328698167503  0.07226354588449116
  0.08274919860943122  0.09331603440472674  0.10386487824583868  0.11424645118562685
  0.12463203397895738  0.13515155997548559  0.14561891935696608  0.15616703460272327
  0.16661998061446620  0.17710915808367036  0.18753063140841572  0.19802435585384770
  0.20856167755792332  0.21910551364830297  0.22968866861298803  0.24017943642280867
  0.25059643329944059  0.26112210304666134  0.27160802526020700  0.28214852559547698
  0.29253380418231312  0.30298947252818809  0.31356109499568058  0.32416541373244201
  0.33484775385442733  0.34550811356909811  0.35615900213750368  0.36682402199327013
  0.37737017560051167  0.38786893239827908  0.39834895265336584  0.40888747643408796
  0.41951370191179654  0.43007368098724946  0.44056802416822927  0.45102620064753002
  0.46160255164894198  0.47217595315197936  0.48271691217961910  0.49325967801605924
  0.50386283484108441  0.51448760773997060  0.52503070977359201  0.53559784289379786
  0.54614627051973963  0.55675233857570361  0.56732474698479995  0.57797181606535830
  0.58854497418722140  0.59912351459625068  0.60955734888259983  0.62009217305291975
  0.63055767498572834  0.64111811056953938  0.65168833628809231  0.66229595710394873
  0.67295357112514975  0.68355456989687613  0.69413631954541544  0.70470327182262593
  0.71534677529625079  0.72607508589046621  0.73686261773077877  0.74764178850182539
  0.75825988018435297  0.76886364048773015  0.77942407411582437  0.79002316039609333
  0.80046748217599895  0.81098582474614422  0.82146936255509684  0.83188153197920545
  0.84223450974293901  0.85261335400879790  0.86302713109952645  0.87346770708131227
  0.88407722770515362  0.89474427150522140  0.90532498522406202  0.91583943341464069
  0.92636463043510064  0.93687449315269955  0.94734967567846873  0.95795164254705267
  0.96849713545514204  0.97905493875224692  0.98951223792237686  1.00000000000000000
 -0.00228339552146395  0.00937783593273989  0.01957542012719049  0.03014629707712564
  0.04075848755283329  0.05127652356918084  0.06182986978427012  0.07234616281130321
  0.08294186531434289  0.09353148402261828  0.10407936094638959  0.11450108358577459
  0.12488867953811200  0.13526076571360379  0.14567978046468213  0.15610638000615640
  0.16659931192139710  0.17708608269316675  0.18750850480776468  0.19795353184614733
  0.20831310356539601  0.21876498835121261  0.22914117477800205  0.23966312446306509
  0.25008349313960671  0.26053978999792748  0.27097365815864066  0.28151476722133745
  0.29212510935251412  0.30272448154805270  0.31338424780924573  0.32400294040345312
  0.33465496073710516  0.34525407653899948  0.35591712078472187  0.36655923293670323
  0.37720574018385011  0.38782229295759263  0.39841953723719020  0.40899739176272615
  0.41957106868638516  0.43017841167005705  0.44087730532280422  0.45162641187595920
  0.46231855770064528  0.47292190146820856  0.48356394472783792  0.49413026351583228
  0.50467992895233582  0.51508764777694860  0.52556281758932499  0.53608493412428282
  0.54666994704316962  0.55731985755350388  0.56797179476324067  0.57852872717264392
  0.58898376584070655  0.59937720380001769  0.60982636475331475  0.62035964687240541
  0.63086232131824449  0.64141658903767140  0.65187302171779704  0.66239163612801488
  0.67285629732135421  0.68338834399814830  0.69387070866654621  0.70436205206626912
  0.71497162132740877  0.72561353337498757  0.73608123188839769  0.74645499761908085
  0.75681931617383413  0.76730341159018822  0.77783272111650736  0.78846508165312446
  0.79913691683221633  0.80977014686246696  0.82029028593060449  0.83083712366484230
  0.84141552174881129  0.85211337760836536  0.86275332849350583  0.87336882183375275
  0.88389085626198316  0.89455565647344226  0.90509963816745709  0.91552539591611859
  0.92587579070091974  0.93625152460369898  0.94684597040225282  0.95746335952546135
  0.96804725565322558  0.97868355445735999  0.98929480413872306  1.00000000000000000
   6.8247359878762888E-008  -1.0000000000000000     
 T T T T T T T T
