  0.00000000006176440  0.00000000008902193  0.00000000011792698  0.00000000015211958
  0.00000000019383863  0.00000000024576399  0.00000000031053321  0.00000000039089288
  0.00000000049090702  0.00000000061561505  0.00000000077258845  0.00000000097252881
  0.00000000122320952  0.00000000153489689  0.00000000192532169  0.00000000241818361
  0.00000000304423706  0.00000000382659449  0.00000000479726407  0.00000000602954515
  0.00000000758823099  0.00000000955714653  0.00000001202338963  0.00000001509892287
  0.00000001895705988  0.00000002373165103  0.00000002978544827  0.00000003741491638
  0.00000004693490820  0.00000005875361130  0.00000007353694818  0.00000009206528873
  0.00000011544731023  0.00000014493586067  0.00000018239320951  0.00000022967461968
  0.00000028926311102  0.00000036406753218  0.00000045737913919  0.00000057457426722
  0.00000072140032892  0.00000090657042800  0.00000114163443001  0.00000143669642941
  0.00000180602822242  0.00000227209041118  0.00000286205335379  0.00000360719689212
  0.00000454263381166  0.00000570241825730  0.00000717017352593  0.00000903309328895
  0.00001137291034786  0.00001430239068507  0.00001796476350481  0.00002257560639275
  0.00002835398322450  0.00003555926554469  0.00004470363079396  0.00005624118060815
  0.00007075805151472  0.00008897259959696  0.00011187318849431  0.00014060780688500
  0.00017627822772331  0.00022088577626199  0.00027741232080613  0.00034892125913149
  0.00043910658504447  0.00055249276142899  0.00069479387183298  0.00087289747096404
  0.00109632817566538  0.00137870311724337  0.00173648965451081  0.00218966478471703
  0.00276051173969519  0.00347777766699574  0.00437921739974553  0.00551065853186910
  0.00693370096435689  0.00873406169594093  0.01103318734755374  0.01396667244664600
  0.01770871233612395  0.02251451440840629  0.02874908916567786  0.03689976830949684
  0.04762880820707305  0.06190361461372872  0.08126393983729338  0.10854071913440839
  0.14915347748425137  0.21651558761241002  0.37394819675516788  1.00000000000000000
 -0.00239981672790974  0.00947053664280227  0.01961211355217636  0.03017464207300383
  0.04072925147417608  0.05128794580839900  0.06178548929940463  0.07229231753630158
  0.08285835756473034  0.09347674733310010  0.10401797742924276  0.11452260281805178
  0.12506517929890110  0.13564665128287043  0.14611943985529899  0.15655343969069058
  0.16704697782602640  0.17762749780576603  0.18824405657956933  0.19884767137374176
  0.20960911951216132  0.22026857540750899  0.23085940152355980  0.24126467661621975
  0.25168368902367816  0.26217223791515576  0.27265005432128958  0.28320771347199492
  0.29383099618575281  0.30442176681723876  0.31504771294019052  0.32561261347855269
  0.33623372510708971  0.34664792047045145  0.35691955128720498  0.36722857346775295
  0.37760456031226158  0.38815885316868448  0.39865527879312951  0.40928063150973221
  0.41983410438111973  0.43051145202772134  0.44104322063752122  0.45162287734182122
  0.46209006294983718  0.47263633236750097  0.48311381611452386  0.49366634420573796
  0.50425600309742125  0.51487991898839069  0.52550208390772724  0.53604733764540768
  0.54659373475448647  0.55707255296481872  0.56759083668324417  0.57814051066401551
  0.58868960774616419  0.59916847835680398  0.60966871367382314  0.62004788143308698
  0.63048656263469915  0.64083611103875360  0.65126520262794796  0.66172598815372929
  0.67220773023820435  0.68271700425408666  0.69330852332153492  0.70395299603335559
  0.71459138450097082  0.72519508530157761  0.73580923063309667  0.74646787017556848
  0.75698685023421275  0.76748871183000056  0.77805093926660807  0.78854311462814186
  0.79911341017374982  0.80976319722508527  0.82047163781310284  0.83114320405953257
  0.84171038357211969  0.85231914072357851  0.86289355391815981  0.87356512699253241
  0.88408806003294094  0.89461066605555739  0.90513465591638720  0.91573931603570680
  0.92628935273630297  0.93677598904659753  0.94729622738920938  0.95784288929224293
  0.96836729440136515  0.97886976944854220  0.98940980455768157  1.00000000000000000
 -0.00234066348690264  0.00941317794663274  0.01953721504614984  0.03018984827959607
  0.04078147321963584  0.05134001233783423  0.06183038011454600  0.07239096351254011
  0.08294572447796214  0.09345362941019157  0.10393799548665046  0.11444128053654104
  0.12493604999420843  0.13547153265521289  0.14596821953864902  0.15659415799077028
  0.16721432960475410  0.17788382506050979  0.18859902074222137  0.19929921661075808
  0.20985818989902694  0.22029998170067941  0.23073974561680499  0.24130188723962720
  0.25183340219034467  0.26242534271874185  0.27295416012484924  0.28346551654756286
  0.29391528930367744  0.30435589004796992  0.31485825139467521  0.32531508686885580
  0.33581790706303855  0.34632952820622553  0.35686636020510965  0.36745235739539894
  0.37808156414481975  0.38873681690359740  0.39930252987416792  0.40975283770509846
  0.42024006121595153  0.43073797031903255  0.44123112432047901  0.45169759996441650
  0.46221862633316207  0.47274701197086616  0.48339152420717296  0.49405469757553866
  0.50471906281102508  0.51535990217259120  0.52595615110590377  0.53665483349271037
  0.54722805978785172  0.55781864719000607  0.56838438871557118  0.57890966829746016
  0.58936786654589790  0.59982816571388597  0.61034504277095880  0.62090521010770128
  0.63137691298663423  0.64187131282737120  0.65239679126092132  0.66297869606188187
  0.67348574669155870  0.68409608913783693  0.69463287327876178  0.70518959316886631
  0.71557450846030024  0.72597953687365113  0.73646319677526739  0.74704115840848573
  0.75772795653629776  0.76837198408445939  0.77894483826905647  0.78940100290251614
  0.79989640844406384  0.81041143513153513  0.82084330907845104  0.83131982767252022
  0.84185678686199772  0.85246409346117191  0.86303546361889372  0.87359903914640580
  0.88419251822988698  0.89476222554789164  0.90531762078995437  0.91592679229462670
  0.92646088424345385  0.93694949684620932  0.94738888373652941  0.95782922708949692
  0.96838484251696588  0.97889413060981834  0.98947356294714195  1.00000000000000000
 -0.00230383258682216  0.00926571678683326  0.01937310657354167  0.02994503621193033
  0.04052473143095023  0.05105688041804263  0.06163935622059000  0.07220626174706682
  0.08279756733915720  0.09339040783313250  0.10401351892222774  0.11458884122469219
  0.12513011366973670  0.13560937499265197  0.14604678540281729  0.15645112952377063
  0.16687951128817138  0.17740314895100723  0.18797722570991787  0.19867358127610590
  0.20924200943275723  0.21983754704617509  0.23040154894418216  0.24106018238418744
  0.25167214232418983  0.26223561233950277  0.27281530602432424  0.28346084395219362
  0.29410487880530001  0.30475723108871844  0.31543007454206196  0.32609027723389011
  0.33668650164385000  0.34726877954324492  0.35787152959464941  0.36842390512282325
  0.37895812905687887  0.38952819050900639  0.40013762810045572  0.41069335655032546
  0.42122705263229793  0.43177146159123592  0.44233624748794470  0.45285520263763501
  0.46334478084552444  0.47387342986315917  0.48438043501997574  0.49481459257036875
  0.50532512250087147  0.51586994233458738  0.52652791198919868  0.53708080585188356
  0.54765243155040888  0.55819068198117316  0.56878133242689211  0.57934153295141766
  0.58992352405291160  0.60046484748125362  0.61102556990341050  0.62159981805139630
  0.63214203744334896  0.64265955992574153  0.65310672550377979  0.66350160137943959
  0.67394786292607733  0.68435844630800302  0.69485692968261692  0.70530475222963240
  0.71580627066178071  0.72619122150216953  0.73657603496972535  0.74694994912914103
  0.75738431196365985  0.76783165361959349  0.77840890445773681  0.78897629575583905
  0.79954604346757974  0.80996154454447900  0.82041617822648316  0.83092677944923332
  0.84151197707734493  0.85206652713076914  0.86248937912718959  0.87292943064772222
  0.88347668602612761  0.89404826150142569  0.90466547224695903  0.91532577600147147
  0.92594550838522993  0.93648162741790231  0.94686044620782572  0.95746160095095123
  0.96810124396114972  0.97876661653484742  0.98939567168028475  1.00000000000000000
 -0.00237707332029251  0.00952961340568559  0.01970109395850330  0.03035512516247960
  0.04100634589767961  0.05166237558614668  0.06230680575302894  0.07295366418427722
  0.08365714492019989  0.09428030154339807  0.10487053217465220  0.11540112756551751
  0.12591296330178089  0.13643706997962671  0.14704105436153189  0.15755852191392591
  0.16805783104847535  0.17857438753478666  0.18916814318413760  0.19978421151979195
  0.21036550962438702  0.22091343806368158  0.23138124547849476  0.24182523872108930
  0.25242569730800907  0.26303244346284987  0.27355867865351075  0.28407513024891701
  0.29459586861699705  0.30514671710195479  0.31570480947594709  0.32617582298071596
  0.33665316770687254  0.34704452785348816  0.35753684694023474  0.36801147322521865
  0.37854674671479549  0.38898992586241893  0.39949802062916795  0.40998163106443503
  0.42052618570727313  0.43097304552232002  0.44141894886993432  0.45192810857376625
  0.46245050315661507  0.47299858217877183  0.48351539492548495  0.49407349938751349
  0.50467110411921901  0.51529475996123186  0.52586915596957351  0.53635622080001299
  0.54685954641355794  0.55746027832081713  0.56813916692351440  0.57884422360994514
  0.58946278870197177  0.60004988308779328  0.61061625356556715  0.62124963968654834
  0.63182988449053290  0.64234196084844897  0.65278188439992857  0.66323579857349990
  0.67366391381195700  0.68417254262620564  0.69461503894309706  0.70501315428660050
  0.71534007454719561  0.72569975613263138  0.73611233520584096  0.74660546008737072
  0.75714296204384246  0.76770006886257380  0.77823519267676178  0.78882455834070297
  0.79938685680038135  0.81001401680744023  0.82058674425642830  0.83118992263494351
  0.84182259582451313  0.85245027200882728  0.86313902055367520  0.87367771288489704
  0.88417261753791132  0.89460165928696833  0.90504899967379637  0.91553368815102076
  0.92598223952321002  0.93649056600970515  0.94711501175612212  0.95775521525764340
  0.96835074933668930  0.97888130644229732  0.98946091221066057  1.00000000000000000
   1.0843072984192326E-005  -1.0000000000000000     
 T T F T T F T T
