 -0.00148848715550592  0.00674186625236343  0.01382069169868410  0.02098591202335364
  0.02843497034507881  0.03615381471428104  0.04416303722347439  0.05246152573548094
  0.06098993830009675  0.06971949994775697  0.07861346558164536  0.08766019764283263
  0.09685353194994585  0.10614297426455568  0.11555203706304758  0.12499888162599797
  0.13459069062498671  0.14422035823835777  0.15387716352546429  0.16358706561307174
  0.17347757710783226  0.18357749209878715  0.19365392935577497  0.20364168825605794
  0.21353764093310293  0.22340323887607225  0.23331557242529144  0.24324735948090959
  0.25324408115016361  0.26334211526480378  0.27346520809905195  0.28364774776961987
  0.29376186881233429  0.30385356520838275  0.31400493690495723  0.32423273215385467
  0.33458119847874357  0.34488838192421506  0.35517450911312531  0.36548764713879189
  0.37587426182061456  0.38627767338591673  0.39663984139197128  0.40703025105377888
  0.41746545098053828  0.42797449473887994  0.43851202768450298  0.44910447851748514
  0.45961122786745906  0.47001083704066016  0.48029774087919347  0.49070178059998470
  0.50122380584297876  0.51181627314586797  0.52247199273700151  0.53307621919252735
  0.54369899965207302  0.55425488534604328  0.56494153956349547  0.57567926227342858
  0.58646385498293874  0.59710829494735940  0.60771940751137765  0.61833023883501936
  0.62890782079882657  0.63961153443336405  0.65027062077223385  0.66094899041325217
  0.67157188256987399  0.68226504792427489  0.69311769555284886  0.70391930292987637
  0.71477571378048244  0.72570403304606390  0.73676394046094928  0.74785757173955802
  0.75886466363576366  0.76985946519805226  0.78098544920132351  0.79223377101074000
  0.80341310433291946  0.81447653660476305  0.82559621998567212  0.83679614778350797
  0.84812371951213339  0.85956041569159070  0.87118348247715582  0.88298051575289316
  0.89491176140622852  0.90694319691919589  0.91917402880151000  0.93181668799604478
  0.94514116782075908  0.95968336121487041  0.97743658004757372  1.00000000000000000
 -0.00256715000150864  0.00960612971645173  0.01973262199447405  0.03034309834765821
  0.04097185504633481  0.05162084884793576  0.06217690644056773  0.07277809447209117
  0.08331084835969571  0.09398784538404424  0.10464930824283752  0.11543718728018879
  0.12607745529635464  0.13677031361542857  0.14751328665628746  0.15821948486322981
  0.16889705775891731  0.17943811671754101  0.19010052925156010  0.20074604951740135
  0.21147875030324714  0.22219571691255588  0.23274628239882778  0.24315604717876280
  0.25367357480751368  0.26432335204910673  0.27497279837723809  0.28534587254157495
  0.29581811581692119  0.30634680508226281  0.31700100239235079  0.32750337645641059
  0.33793896829925701  0.34833981220176402  0.35869453172308441  0.36901515013383457
  0.37939388053372169  0.38986167079325579  0.40024816540995284  0.41058224882803451
  0.42080976381600516  0.43125390343408804  0.44165886614476779  0.45228301140494304
  0.46291985382640410  0.47363691066107028  0.48431349940746687  0.49505325068630518
  0.50566430804238494  0.51625118530830627  0.52667047146940493  0.53694439099150393
  0.54716915420337886  0.55749693514045195  0.56815193085218541  0.57884500735710365
  0.58943033090700514  0.59989148293231287  0.61050556087167129  0.62119386699153700
  0.63198767443562853  0.64270939338303246  0.65344456840676479  0.66399698728004519
  0.67447794222876245  0.68485851891976901  0.69529316632435223  0.70594977662068137
  0.71664046580482221  0.72732850521221948  0.73770111177335396  0.74809058781521764
  0.75855719811672451  0.76919575799170303  0.78005692850624897  0.79069382399977273
  0.80138299487186837  0.81187728764230760  0.82244581626989444  0.83274343017776342
  0.84301901436020188  0.85325528936127459  0.86365067244292637  0.87407238683255672
  0.88461301184281504  0.89510015704611090  0.90569354454655326  0.91640154185265776
  0.92710266840626832  0.93774459344277461  0.94814880206749386  0.95851107128065971
  0.96867173587158850  0.97903283231815363  0.98944744813512531  1.00000000000000000
 -0.00224383177401091  0.01015805841280467  0.02067520729104482  0.03130813628771856
  0.04198238722285166  0.05256692194941042  0.06312841336650526  0.07357461001026827
  0.08404174115313019  0.09449946880137416  0.10495553397538764  0.11526271912269041
  0.12558183647732896  0.13582022757850951  0.14621615908840352  0.15661259988070675
  0.16717970852312405  0.17766141760711304  0.18819409454240144  0.19874039351414222
  0.20934343951738202  0.22000685429151451  0.23063499495333645  0.24125193089810043
  0.25185379201743152  0.26249839191405283  0.27312531370095761  0.28368687595380265
  0.29416244596873886  0.30461556876933421  0.31514352617397251  0.32557724831952289
  0.33615986974240819  0.34671807405642230  0.35728016455750611  0.36786170915272554
  0.37840986872381477  0.38902933454636995  0.39948026848863971  0.41001171821448612
  0.42062943860369356  0.43118560625044933  0.44173998179485685  0.45223702522649684
  0.46284410010805843  0.47324241738605377  0.48350964461899315  0.49373986287712118
  0.50416324146705138  0.51480007697706265  0.52542953221094646  0.53607105060378080
  0.54656943528581370  0.55699246779462896  0.56737731295858918  0.57786872819169643
  0.58847346099880593  0.59909992936896739  0.60972610641540015  0.62044192814950239
  0.63099605922569546  0.64151494403644249  0.65193941632034791  0.66251077315785001
  0.67309360345671010  0.68372382950209776  0.69443539580962321  0.70515777087005393
  0.71583379996386165  0.72649576659598303  0.73702967901757044  0.74774065664212419
  0.75830724396436355  0.76899230902202531  0.77957311178251743  0.79011364894217673
  0.80049123149846213  0.81080970803346852  0.82132844474268363  0.83196404671357871
  0.84243907448353805  0.85278916128004645  0.86331262177922063  0.87396022559559605
  0.88449294704083326  0.89496049750112117  0.90538961631381099  0.91595257945910169
  0.92646685668795481  0.93704327507891028  0.94762445903680281  0.95816355174831669
  0.96875606282651749  0.97922223082298310  0.98963894228386551  1.00000000000000000
 -0.00198057404198323  0.01019319647677916  0.02062512331016376  0.03112603530253534
  0.04177949987570481  0.05238775794900927  0.06306677007060821  0.07372833133259883
  0.08415595414181647  0.09450836742190614  0.10493454409392680  0.11539719786511782
  0.12575870419671023  0.13613756241963651  0.14655233712752017  0.15717606443020038
  0.16779385944814307  0.17845593743981730  0.18905248200435687  0.19954200548741305
  0.21011891973684818  0.22067105439808476  0.23117035015404139  0.24151696740026210
  0.25192450641325842  0.26242662036446568  0.27311389546366033  0.28361478707622195
  0.29398998697430773  0.30426613416873238  0.31447821762104972  0.32481076245116031
  0.33505822824732273  0.34565807076943034  0.35609090897013917  0.36641695823813686
  0.37675274729251557  0.38731646493750332  0.39807696971989076  0.40871310445551851
  0.41917570581290153  0.42958939491516379  0.44008686638306210  0.45059558873826494
  0.46105782740577816  0.47135966129670182  0.48180101728326336  0.49246650701720679
  0.50314764393263101  0.51377079351147803  0.52432399227493276  0.53493936557021626
  0.54554786601544702  0.55617587674367208  0.56677953154630534  0.57747791012281191
  0.58803474056422156  0.59852836498581352  0.60890083889717905  0.61936036536317662
  0.62992279035525089  0.64051604661166417  0.65110084682840097  0.66175677738520999
  0.67234861686716962  0.68297203339652746  0.69363476961826742  0.70434412658224776
  0.71509387024857518  0.72566883064594656  0.73624529390838744  0.74672624700935231
  0.75740080875890659  0.76817738429867366  0.77896147600298804  0.78958386956225712
  0.80008912995793735  0.81074811284545112  0.82144528068579092  0.83216218032153788
  0.84267475176486162  0.85308883522355339  0.86365795835793968  0.87411393495885192
  0.88459444872410498  0.89493084549408775  0.90523053280099319  0.91557480067260544
  0.92594803546318882  0.93647972100352739  0.94699641437070881  0.95761724903763579
  0.96832378200363467  0.97909431046408046  0.98964034040198434  1.00000000000000000
 -0.00251959460041678  0.00952758972413242  0.01979620180151657  0.03038568733487768
  0.04096769682162756  0.05151549800421822  0.06204369566778970  0.07230713154472436
  0.08257929210870457  0.09291741473223178  0.10336742423241764  0.11382220285380470
  0.12433788797692823  0.13496496547175463  0.14546833211902699  0.15596230045434470
  0.16645103545326853  0.17708523205394283  0.18757242921905989  0.19809889503826883
  0.20859962529638884  0.21921999422218055  0.22969792305884035  0.24042085796492579
  0.25118953344670208  0.26201580805252855  0.27270343739075620  0.28351717085676575
  0.29427660422943186  0.30488797165119108  0.31532174642870542  0.32576752540795945
  0.33617744206729289  0.34663173858842156  0.35713549579892295  0.36775015124262184
  0.37830172791123723  0.38875641895068175  0.39920696050920024  0.40956474835384482
  0.42005560425257743  0.43052082638316647  0.44097255548520947  0.45142405767250016
  0.46193297588659654  0.47261233785687656  0.48335556852332834  0.49408314076410126
  0.50465746114571430  0.51506759154937587  0.52544716726700547  0.53598563893084927
  0.54645078039120543  0.55699814189136521  0.56751925556969474  0.57807077858700573
  0.58858693520169469  0.59908657998995540  0.60960877947939784  0.62016250305595433
  0.63069557116212527  0.64122459066132886  0.65162576138853190  0.66198406990975833
  0.67238647642746419  0.68276292994854293  0.69315296632374956  0.70353815216195592
  0.71401248861987676  0.72459217722951785  0.73528422013124883  0.74602048447627445
  0.75660696524246795  0.76722591827930764  0.77781336344847429  0.78841683742704893
  0.79887517579565315  0.80930925968308387  0.81969721591326228  0.83010593451483561
  0.84063778005176404  0.85115800364285865  0.86158938220407322  0.87195277001876514
  0.88256923697616152  0.89322839236578444  0.90382146019200615  0.91431733115459812
  0.92497918346527541  0.93576506542504057  0.94642374013932817  0.95714186236721011
  0.96770340248137532  0.97839736469455807  0.98910242745297461  1.00000000000000000
   6.2739094357978674E-010  -1.0000000000000000     
 T T T T T T T T
