 -0.00158855697947822  0.00575739303325065  0.01255471308831491  0.01923521851855432
  0.02624896734402428  0.03364637773493517  0.04139421086147793  0.04946102993098642
  0.05776107765780274  0.06628930877659336  0.07502857344676228  0.08393517250828808
  0.09298447121348979  0.10216708691296711  0.11142385312836128  0.12073018908969345
  0.13007825788383348  0.13948755126881876  0.14900212660371134  0.15859962480948137
  0.16827131134431914  0.17801601776160003  0.18779650886142302  0.19758443682979568
  0.20737918546990389  0.21720454483935284  0.22709031918020342  0.23705120567019250
  0.24705493029094699  0.25707983992462308  0.26709028827834214  0.27713903646835197
  0.28723211610960020  0.29733703624140473  0.30744968779331411  0.31758863690790262
  0.32777895039446031  0.33800165448668340  0.34824723610407060  0.35850149468735754
  0.36874389494909210  0.37898463477029659  0.38930230226704843  0.39972875451633805
  0.41022005103469122  0.42069975420186700  0.43115091021824875  0.44159538628325717
  0.45202277417409653  0.46239307758615722  0.47269414145191913  0.48302419691132614
  0.49344667118573859  0.50393333295838005  0.51441035274445923  0.52488475120650857
  0.53541992317271603  0.54601747084520846  0.55666690392557705  0.56735380388913081
  0.57806423075935309  0.58873244100468813  0.59937819107522639  0.61003295474101793
  0.62076993396802582  0.63160502069751800  0.64245838171946268  0.65324712627150949
  0.66398518524481354  0.67476510181549332  0.68564695354993899  0.69662672690924943
  0.70771089243245100  0.71883774773534448  0.72995763686717641  0.74106800600577294
  0.75218880817522604  0.76333993142703538  0.77447916402245098  0.78565564335504534
  0.79692826009794404  0.80830759586915069  0.81976626811465814  0.83127874979111616
  0.84287942985932252  0.85455574310158877  0.86632731935741658  0.87821858066626401
  0.89028163567342444  0.90256746161634938  0.91517999094709912  0.92825985556005663
  0.94193273912730857  0.95668271078937173  0.97518847014177590  1.00000000000000000
 -0.00233194550483463  0.00929520621559171  0.01922966717231459  0.02971048882018765
  0.04017577004386681  0.05074033392769971  0.06133287708202078  0.07184041573371092
  0.08242316979155230  0.09293828100554766  0.10352583028276241  0.11396746994456991
  0.12437560901848636  0.13478140843856790  0.14526240991483455  0.15584241491922421
  0.16643173316302812  0.17698883412433214  0.18740413532811223  0.19787690913476044
  0.20838110791562020  0.21896887732565856  0.22955239427701576  0.24011942205708378
  0.25065416014497549  0.26117216851158415  0.27173678038332150  0.28243910324694604
  0.29303590668729368  0.30363992823916869  0.31406002471463423  0.32458937741887101
  0.33497827874017522  0.34553814202929217  0.35612827133480024  0.36690747374577420
  0.37754762211762749  0.38808021315586705  0.39868659300580772  0.40922906715557811
  0.41975736594895341  0.43015451287210715  0.44064902441467624  0.45122517617447910
  0.46180766528390310  0.47238449380213593  0.48292800159462895  0.49344942840482242
  0.50392672147541240  0.51434976699004331  0.52482842666982055  0.53534385803827922
  0.54586613215222668  0.55633609362749559  0.56691402678564029  0.57753595691073967
  0.58819720313349277  0.59882712210838906  0.60942888306370535  0.61998744948926410
  0.63039993754198997  0.64088668451564235  0.65130800427490709  0.66183725773907709
  0.67242682589677671  0.68306479240608708  0.69366504979261168  0.70423139324601747
  0.71479095374827506  0.72536779675469509  0.73589842804585293  0.74638954925177592
  0.75690172733650030  0.76745086581015587  0.77806765636265840  0.78868284375752484
  0.79923240813439933  0.80976337053056913  0.82020267372413103  0.83074064848099960
  0.84134263512168517  0.85198775193968346  0.86256772932255343  0.87307247313070346
  0.88356144737925579  0.89402557240990010  0.90456564704709763  0.91511333789213145
  0.92569347009789915  0.93630009898304900  0.94687848006297581  0.95751587345142053
  0.96806699379158301  0.97869395465520215  0.98930418592338376  1.00000000000000000
 -0.00228700654371994  0.00922678618759072  0.01932328250393994  0.02984279201331139
  0.04047279032988273  0.05102942501359551  0.06159474305315074  0.07208534194374830
  0.08257405166298047  0.09308011299429460  0.10359472955147865  0.11412868854786247
  0.12463497183644096  0.13517331552708006  0.14575963681467197  0.15642846244539077
  0.16705044733369950  0.17776883483044856  0.18841326060792452  0.19902515579564817
  0.20948274206330164  0.21994087462712783  0.23036850757556299  0.24080767492294805
  0.25126392297286487  0.26185134963538359  0.27248211702679148  0.28305566256135872
  0.29360225758176706  0.30417101751686648  0.31475387312356212  0.32521074854078869
  0.33570940243243519  0.34625091484651421  0.35685914503335991  0.36734254391110133
  0.37786374565827879  0.38840501455053933  0.39897020634508512  0.40954087677942130
  0.42008114791985335  0.43063420519123746  0.44125564524197392  0.45201093821645028
  0.46271181451217186  0.47330418585623057  0.48379634686988032  0.49434126806177558
  0.50489837847250785  0.51553398745488421  0.52613600928675530  0.53675392444863690
  0.54728563181018952  0.55788607570196558  0.56850297999582133  0.57913477708266303
  0.58970785536100601  0.60031882104806189  0.61088462311153868  0.62149376547323165
  0.63207202042091137  0.64267222404493063  0.65322639575636643  0.66369427074019405
  0.67418037968705791  0.68460137233954377  0.69507932887356361  0.70553416896812116
  0.71609120394165948  0.72660894132229836  0.73722549968739970  0.74768450394536023
  0.75809385664236451  0.76842526662114408  0.77887025047174763  0.78932581612625285
  0.79977096710465445  0.81027369205831457  0.82066608691608800  0.83116237478316957
  0.84152073583910403  0.85201533894038572  0.86237882466365168  0.87290149614491042
  0.88347003196918883  0.89411433921090300  0.90462565903126180  0.91522616216087305
  0.92580926754685344  0.93646042038855259  0.94702663136142018  0.95768282476735356
  0.96827403470637674  0.97883962525144808  0.98943130582392014  1.00000000000000000
 -0.00232153861657485  0.00918741525624207  0.01922468990234946  0.02983111759653864
  0.04042970738798427  0.05102828930752594  0.06161744748407776  0.07223581903157408
  0.08287159841585279  0.09344859028912299  0.10404763475595796  0.11467146993831728
  0.12529965131031587  0.13580822217542152  0.14632937471680196  0.15682686511614705
  0.16725766568536693  0.17763847573484695  0.18809645323691096  0.19872256770346225
  0.20940875323282482  0.22010854518237247  0.23082471568051413  0.24138827993790898
  0.25194797747268183  0.26256071278321724  0.27328810602027653  0.28397691751268417
  0.29465115298195960  0.30525497342479851  0.31577170614941036  0.32618432740223952
  0.33661713138567001  0.34713680857488993  0.35769130377507252  0.36825643157288240
  0.37878997296207162  0.38931576526876144  0.39979389189581099  0.41023890190407147
  0.42070802105225807  0.43124714105637874  0.44189168313017790  0.45254229879910718
  0.46318501157525310  0.47369887824518586  0.48423434853600728  0.49474449808272120
  0.50532600294948649  0.51589715415579873  0.52650364800486671  0.53701577830785330
  0.54744301774613569  0.55779764008420885  0.56826649479465707  0.57872909706043307
  0.58919014390181523  0.59958158540064377  0.61006005753100900  0.62047266198579454
  0.63092532197670848  0.64132785127353864  0.65186525071600698  0.66239621009465399
  0.67297423966219427  0.68351247032585560  0.69402329995526346  0.70451719302198446
  0.71505336033187405  0.72557301405914076  0.73614155463886244  0.74663540980425780
  0.75714842126064030  0.76768057614835294  0.77828958257558245  0.78890409659942962
  0.79943253926976121  0.80994342668071995  0.82057814738164259  0.83116691364792916
  0.84172239493725631  0.85221166482346411  0.86268969592916400  0.87325621315637270
  0.88377461395849355  0.89430581968962419  0.90482848219813994  0.91525731253700771
  0.92585895875174740  0.93644069173779587  0.94699531036152929  0.95757281222174662
  0.96812782580052825  0.97877557537913362  0.98930823903441722  1.00000000000000000
 -0.00239003110949141  0.00950304957515121  0.01967750168742451  0.03022233603172848
  0.04075289643799608  0.05119436102112111  0.06162626629386526  0.07214443580864439
  0.08267723229265249  0.09328102100883975  0.10378628165927030  0.11435675475163347
  0.12490255429330714  0.13543297991956643  0.14601829041022119  0.15659830071654246
  0.16718470753148484  0.17776055524256362  0.18814437429720529  0.19869227792407199
  0.20914686284874370  0.21973509033982583  0.23026525998511974  0.24075077182609136
  0.25129508026827913  0.26183661777981460  0.27243057487586425  0.28301008758683832
  0.29362191927453773  0.30424458467550097  0.31480846320721895  0.32529943550769008
  0.33579276041313605  0.34628200077699395  0.35678143362895542  0.36730124232810790
  0.37787265657797925  0.38845576061425352  0.39905725395509412  0.40959395589276254
  0.42009408561270439  0.43055728263708554  0.44102801349831028  0.45149975426834726
  0.46196197863089739  0.47246678989250401  0.48294691288008945  0.49350916034219028
  0.50406114044413886  0.51465947525184297  0.52530985138383479  0.53591828160986643
  0.54647852642142269  0.55693712888584523  0.56744063567264857  0.57791684988355141
  0.58844049629768458  0.59894516220766758  0.60947576591636177  0.61996103589230123
  0.63042228919306997  0.64094032359385555  0.65151419017127832  0.66219885221421404
  0.67283318873973430  0.68337771917917844  0.69393482164349496  0.70446195702322978
  0.71507103039360265  0.72558439203482383  0.73617088621373983  0.74667097063893939
  0.75720303106689024  0.76780034045975287  0.77838327441509103  0.78898065313000620
  0.79956022037959895  0.81015548511786983  0.82066379172746162  0.83109511965305372
  0.84161797313332598  0.85216208753042000  0.86267633587785852  0.87322054895046985
  0.88374944827505109  0.89426672747098324  0.90473656470303476  0.91530702950989795
  0.92594713673881546  0.93660390333000998  0.94721065245729530  0.95792975597916619
  0.96850864322674357  0.97916529182137313  0.98957605685828087  1.00000000000000000
   4.9827236371917797E-008  -1.0000000000000000     
 T T T T T T T T
