 -0.00168214700761004  0.00618790806155209  0.01344204252505437  0.02056549613816122
  0.02799415577303390  0.03577633495337842  0.04387982301455391  0.05229207175369353
  0.06092763445333378  0.06971102289639350  0.07859072277531025  0.08756166887587551
  0.09660292806125859  0.10569936998777822  0.11492318103252006  0.12426897409988093
  0.13388624666915566  0.14362306536416558  0.15338905742100878  0.16315288772934231
  0.17293182212959649  0.18273410841360588  0.19256361928151122  0.20240372971815634
  0.21227811477780448  0.22213592894196829  0.23205847148433445  0.24204514148625747
  0.25210999824568708  0.26217776185375574  0.27228734773173818  0.28245100156754971
  0.29265892397409121  0.30289989684451024  0.31320042667450088  0.32343380426531343
  0.33358623521531855  0.34363224182636160  0.35372137596444475  0.36395562099915824
  0.37425850108803166  0.38468676379883981  0.39513842964490625  0.40563128386346514
  0.41610676594364332  0.42647296401382112  0.43681143471253470  0.44724812142128773
  0.45773711677942791  0.46828649797058408  0.47882791663266233  0.48946851239244382
  0.50012922298560103  0.51077170307504016  0.52140138290647775  0.53196964205791464
  0.54250531430842985  0.55308615300100861  0.56370943752877145  0.57430591212435378
  0.58485375320554600  0.59550675755738403  0.60622723103910003  0.61694470626064923
  0.62762731973708175  0.63828655994221362  0.64898534125324858  0.65970900804841426
  0.67046627410911974  0.68109251676826932  0.69165968484534068  0.70220449385274541
  0.71294081402563958  0.72377044712122451  0.73469278237880942  0.74562280387740087
  0.75665539921024993  0.76774874788906777  0.77888758283228976  0.79001527058321908
  0.80115524726483722  0.81230775666162947  0.82355672242593103  0.83501658280927649
  0.84661929773361355  0.85832260716295505  0.87013048059275744  0.88206245448175835
  0.89411276410510865  0.90630405454586171  0.91872341748185682  0.93151575699585087
  0.94484593609857137  0.95932750617477436  0.97714747772551391  1.00000000000000000
 -0.00258069605616533  0.00981183354816592  0.02019389291922143  0.03078624534236275
  0.04141414850304963  0.05204000558366397  0.06275047252131286  0.07328463013381384
  0.08386908093642197  0.09432010066690509  0.10482412902621993  0.11527582570168321
  0.12579855197850948  0.13629255219558686  0.14672634054494876  0.15725809845996483
  0.16785292421648673  0.17852187183621995  0.18902752109891899  0.19950819386619598
  0.20989586097268215  0.22035021526740151  0.23089967829194183  0.24139778908147763
  0.25180308066345813  0.26209674032527375  0.27242409335586532  0.28287095322689926
  0.29336186817571114  0.30395010494783570  0.31451094907074195  0.32508288938252428
  0.33552366433570840  0.34592683360080262  0.35650989418437479  0.36723270362549149
  0.37780672421761308  0.38816121295741202  0.39848978595632528  0.40895416543306790
  0.41949344128997135  0.42998960425766103  0.44045968886258569  0.45086033097937422
  0.46130339048583369  0.47182704175920859  0.48245064311771746  0.49311565844898531
  0.50366480458250817  0.51411781156084568  0.52460003197270066  0.53508598354004200
  0.54541867607138750  0.55570118592802142  0.56604122168228332  0.57639998890988853
  0.58670630769444077  0.59706589488784934  0.60759090942382876  0.61824245379107901
  0.62869259404858602  0.63917518147608288  0.64959907405276662  0.66028514464919563
  0.67090790749488205  0.68154549015179666  0.69212684122551804  0.70280375579054755
  0.71359724485156817  0.72429227358694859  0.73510999374775499  0.74582655827773714
  0.75665872541314927  0.76738543135928639  0.77812494106905061  0.78868972422240602
  0.79904874792574498  0.80927306481840555  0.81965762686433252  0.83019256154106624
  0.84081007102379679  0.85123166881063816  0.86181665721635847  0.87239669881458870
  0.88306859112707103  0.89349009737869112  0.90414441352399599  0.91473316896902268
  0.92546668875820637  0.93612481537487524  0.94689771384001797  0.95767781694504028
  0.96830991229112551  0.97894365589716059  0.98948536882927496  1.00000000000000000
 -0.00172531451986258  0.00987988954235695  0.01997935231047453  0.03032919696694809
  0.04061615813920789  0.05106210076395419  0.06162285899550363  0.07215423262293727
  0.08260993448482606  0.09302102172576493  0.10333512884252968  0.11368900638251797
  0.12395703450977863  0.13429169140983244  0.14470478756994223  0.15526307725256749
  0.16591582043167616  0.17649827670579846  0.18703307003662445  0.19752544482059847
  0.20796301649412899  0.21834843520381142  0.22885524692876541  0.23936863745155390
  0.24999710977428319  0.26058151497610021  0.27122847888807400  0.28183528233977528
  0.29235952256401387  0.30283747179523540  0.31331529297656557  0.32386054743070553
  0.33448434105147962  0.34512474041005081  0.35569059242494822  0.36616699642490708
  0.37664809773013458  0.38709288002633896  0.39753884259604971  0.40789259484926493
  0.41832370903526062  0.42886263797190571  0.43946742017136753  0.45016906740361395
  0.46091367763132934  0.47167868298684373  0.48234456086174965  0.49293084904654205
  0.50348467199625335  0.51392011838951179  0.52442573926350156  0.53493300219037676
  0.54559504480483423  0.55609492513972580  0.56671130444839246  0.57714497569043677
  0.58772488876793760  0.59819873514107447  0.60883841702561392  0.61949584639597410
  0.63002205285498447  0.64048462954611096  0.65084991694824490  0.66135189692655438
  0.67185772011815248  0.68254087024038657  0.69302525303772866  0.70360397404181052
  0.71399346601947955  0.72448278077741846  0.73492189270792196  0.74533655141926192
  0.75569825386372669  0.76602441151930400  0.77644092236081508  0.78695629486403762
  0.79753658868420041  0.80811662783093230  0.81883097166338936  0.82960594326826076
  0.84041103839604026  0.85121615877502832  0.86196697557276547  0.87278884597094097
  0.88344097834515734  0.89415579949786494  0.90463857162001748  0.91523386378031213
  0.92570910670439477  0.93623679161094908  0.94671104666174921  0.95737294178478038
  0.96794774847769105  0.97858336257281608  0.98920638033372132  1.00000000000000000
 -0.00245354394048034  0.00949034019160671  0.01970462821948309  0.03019144497502374
  0.04080627446302467  0.05142324069096343  0.06204879218448164  0.07276338413596985
  0.08354150625026729  0.09441986249133538  0.10523273527468502  0.11610438197530490
  0.12684801631318601  0.13739864475017635  0.14796740820777390  0.15843263753811493
  0.16882377693264972  0.17927142039108393  0.18988085628798498  0.20061026675664465
  0.21122839808765026  0.22168806483569498  0.23223720151888277  0.24282233157076064
  0.25356550985302634  0.26420551888155097  0.27483638491231316  0.28538468179448301
  0.29595454814309990  0.30644808789300748  0.31701249057544106  0.32758824388730218
  0.33812409372732410  0.34867025086325343  0.35934686439219854  0.37008205830508867
  0.38057409010317766  0.39090286037723987  0.40121318825086821  0.41166297302503624
  0.42211244770537432  0.43247400129395519  0.44271145491777586  0.45307918341142212
  0.46350203234891851  0.47413978145023788  0.48470857523074662  0.49525849755976598
  0.50574400845411172  0.51628460094760120  0.52678296843806172  0.53723754569859616
  0.54772424604093728  0.55820175401816452  0.56873829755143290  0.57931589365329117
  0.59005106425347653  0.60056925878022627  0.61108462869759461  0.62156355000882613
  0.63217684863975465  0.64266003274458527  0.65317820840129892  0.66374975878492215
  0.67424009108468697  0.68465083442890495  0.69508490804478573  0.70565638092634542
  0.71624309457293278  0.72677868666437573  0.73739434223513722  0.74813003064140038
  0.75877828984317630  0.76937793268278576  0.77985170667229764  0.79040971341526367
  0.80080285819607411  0.81113799306492806  0.82147644079140147  0.83188367040574684
  0.84245020571071227  0.85279364860647577  0.86324936873114655  0.87374047291041368
  0.88422158705500475  0.89477445129275801  0.90511297774534161  0.91534966677364427
  0.92547798690559646  0.93577586248143307  0.94651823520201250  0.95730507388149499
  0.96810737869893426  0.97884989263012001  0.98948332427104546  1.00000000000000000
 -0.00214680673455373  0.00945377992975643  0.01934578638981325  0.02984882748650373
  0.04027386365844168  0.05091574635018155  0.06127148799000360  0.07172143236047054
  0.08207118216759623  0.09254599002074861  0.10303786439645621  0.11365099103513872
  0.12415249821826763  0.13466856362002036  0.14511662104772258  0.15547214402028015
  0.16581699112801351  0.17617190857386614  0.18678120407483959  0.19758203659874538
  0.20839499043841034  0.21923014635125984  0.22997954474276341  0.24066630768957603
  0.25123911457045034  0.26165297980186147  0.27201539678919279  0.28239708263274882
  0.29290905620688856  0.30338906063840332  0.31398414780931450  0.32440198949206772
  0.33497358605671568  0.34549824988230476  0.35614929026127562  0.36681463453297186
  0.37740428218919586  0.38791227825419505  0.39846955296940822  0.40898596440521517
  0.41968128154276035  0.43031140969004772  0.44079172700415881  0.45137888944832755
  0.46200303807652532  0.47287511206827132  0.48338023652386808  0.49380371484478697
  0.50409359867784853  0.51436170261127223  0.52467447511023935  0.53504666396307865
  0.54558121160397755  0.55604720771966720  0.56658166341529748  0.57715963458120867
  0.58783194796288729  0.59840115309228059  0.60875621107200140  0.61914571654459494
  0.62963604179807930  0.64014540655970420  0.65055355972754036  0.66094212809051800
  0.67141162936087662  0.68190619415527021  0.69240931133419259  0.70296562684026176
  0.71356608653280773  0.72417290050904426  0.73485302648489148  0.74558501969050606
  0.75627284200576539  0.76703412126145121  0.77774688858142638  0.78848737566297622
  0.79904369867226388  0.80953039688636519  0.81997972394415841  0.83030531611281400
  0.84069175683198771  0.85118024898446254  0.86182220797430520  0.87262543130486381
  0.88339409952722436  0.89413448295295295  0.90461555391368054  0.91499043417504033
  0.92556381949488642  0.93614592052696732  0.94670481048287181  0.95724707353851002
  0.96791868660982627  0.97875935953494997  0.98942290834033253  1.00000000000000000
   1.0146857800747272E-009  -1.0000000000000000     
 T T F F F F T T
